"max.pop","max.pop.time","max.I","max.I.time","last.I.time","max.prev","total.I","max.inc","time.max.inc","max.spread","max.number.I.cells","max.spread.area","final.avg.prion.density","final.I","final.pop","final.prev","final.spread","final.number.I.cells","final.spread.area","final.max.sp.cent","final.E","final.I.cells","final.E.cells","final.surv.prev","final.prions.area","final.prop.inf.cells","final.prop.ID50.cells","prop.ID50.infcells","prions.gamma.shape","prions.gamma.rate","final.SS.S.prop","final.SS.E.prop","final.SS.I.prop","spread.area.rate","spread.dist.rate","spread.distcent.rate","mean.E.dist","std.E.dist","mean.I.dist","std.I.dist","mean.prev.rate","mean.inf.fams.prev","mean.chull.fams.prev","mean.inf.fams.prev.I","mean.chull.fams.prev.I","SS.strat","LA"
102170,90,4091,238,240,0.0606873702139574,30109,1415,234,52.0096144957834,552,1511.5,0.00254976401399965,3900,79809,0.0600684133368417,48.7544869729956,552,1511.5,28.6530975637888,894,714,463,0.0433157894736842,1605,0.000350207468879668,0,0,0.210035339500084,6.89385766702007,NA,NA,NA,6.31287656903766,0.203993669343078,0.119887437505392,15.144414482767,5.422301774389,14.3867585198345,5.17629211118247,0.0002512072840677,0.905078683916776,0.248059608817138,0.754938935315171,0.201800683017696,"no SS",1
101893,114,7121,238,240,0.106683133045172,51969,2496,234,74.2024258363566,935,3090.5,0.00436103007307981,6716,78196,0.1057982505499,74.2024258363566,935,3090.5,42.4381903478459,1557,1198,774,0.0754736842105263,3078,0.000581327800829875,0,0,0.187204163756528,5.91699843215866,NA,NA,NA,12.9195711297071,0.31047040098894,0.177565649990987,19.9911903029533,8.41283502798357,19.3873031797885,8.16602501428564,0.000442543765958752,0.910748267562909,0.240403335948624,0.75971136808858,0.195158806265074,"no SS",1
102172,114,1,1,8,1.04911978849745e-05,1,1,1,0,1,2.7225,9.82376333374813e-09,0,82203,0,0,0,0,0,0,0,0,0,0,4.149377593361e-07,0,0,NA,NA,NA,NA,NA,-0.0113912133891213,0,0,NA,NA,NA,NA,-4.24260595452291e-08,NA,NA,NA,NA,"no SS",1
102169,42,4538,238,240,0.0671621249655932,27133,1526,234,72.0624728967859,591,2497,0.00227844733037508,4305,79926,0.0671621249655932,72.0624728967859,591,2497,46.5725240887801,1063,755,518,0.0460526315789474,2508,0.000343983402489627,0,0,0.152685682831041,5.44769783394138,NA,NA,NA,10.4363075313808,0.301516622999104,0.194864117526276,17.8633409193536,7.60290391954139,17.313888278134,7.41495557352861,0.00028097061337421,0.856476736447247,0.1727489219283,0.708181471816582,0.138540258737208,"no SS",1
102134,54,7559,238,240,0.112789229625609,46734,2675,234,83.4086326467471,984,3295.5,0.00416451761579249,7105,78700,0.112579415501906,83.4086326467471,984,3295.5,44.6542271235322,1755,1246,863,0.0780526315789474,3333.5,0.000579253112033195,0,0,0.160005168884373,5.26811274320534,NA,NA,NA,13.7773117154812,0.348990094756264,0.186837770391348,21.4270271708269,9.04523327656067,20.630998185323,8.92764060768981,0.000470959518381845,0.887484415774977,0.240532102619791,0.732385439306033,0.192887199674223,"no SS",1
102055,66,4196,238,240,0.0601310772757856,26892,1348,234,54.817880294663,598,1806.5,0.00239139622354327,3867,80258,0.0601310772757856,54.817880294663,598,1806.5,33.734255586866,959,752,478,0.0462631578947368,1790.5,0.000357676348547718,0,0,0.148826434041062,5.29920618325346,NA,NA,NA,7.5357949790795,0.225179415458841,0.136963412497347,16.0206319450281,6.52076352990473,15.3401330893145,6.65285280009647,0.000251509870802951,0.878113795739759,0.210788381742739,0.729865628985076,0.168901506879231,"no SS",1
102241,102,5698,238,240,0.0840178747453506,35097,1884,234,77.6208734813001,758,2570,0.00297932108254831,5359,79343,0.0839267484214108,77.6208734813001,758,2570,39.446165846632,1300,935,623,0.0570526315789474,2565,0.000443153526970954,0,0,0.243838784713255,8.61678865803175,NA,NA,NA,10.7303556485356,0.320589428792051,0.160862618605155,19.0300887896022,8.14766393552502,18.1155035232566,7.87228608022869,0.000350987174032159,0.893224584373035,0.216721994402135,0.743467358248552,0.174412549632233,"no SS",1
102132,150,2527,238,240,0.0375956553937299,13475,864,234,48.2700735445887,327,1211,0.00125840607052941,2401,81020,0.0375956553937299,48.2700735445887,327,1211,30.8058436014987,645,425,301,0.0261578947368421,1245.5,0.000177178423236515,0,0,0.193868449029891,6.47723109263783,NA,NA,NA,5.05555439330544,0.201966834914597,0.128894743102505,12.6729552029856,5.21800029812174,12.018959852816,5.29138154819749,0.000157261654697344,0.870216858390063,0.163605113331185,0.707253051641086,0.128961220324417,"no SS",1
102008,102,4211,238,240,0.0625224953267773,29382,1397,234,64.4980619863884,585,2101.5,0.00243453202186093,3989,80228,0.062297452261056,64.2028036770981,585,2101.5,34.6698716467194,1009,733,489,0.0456842105263158,2150.5,0.000358091286307054,0,0,0.197082353935648,6.88978058838552,NA,NA,NA,8.78149581589958,0.268630977728444,0.145062224463261,17.0490175213152,7.26854042017836,16.5073940875087,7.17090874029193,0.000260491473885174,0.87751471516941,0.18933969769292,0.726108375024804,0.151115657082244,"no SS",1
102400,30,6029,238,240,0.0882597542548581,41584,1996,234,70.7248188403477,792,2934.5,0.00363374134951688,5675,79333,0.088147429190879,70.7248188403477,792,2934.5,46.0108682813094,1318,1011,659,0.0665263157894737,3014.5,0.000481742738589212,0,0,0.250387023619789,7.878233506048,NA,NA,NA,12.2668514644351,0.295919744101873,0.192514093227236,19.3777763698514,9.04217364413709,18.823458482983,8.80744859480031,0.000368732973817641,0.88833585984222,0.208410323657388,0.736957047500653,0.169130357036419,"no SS",1
102431,234,1,1,24,1.36161869230141e-05,2,1,1,0,1,2.7225,1.50756408769696e-11,0,82588,0,0,0,0,0,0,0,0,0,0,4.149377593361e-07,0,0,NA,NA,NA,NA,NA,-0.0113912133891213,0,0,NA,NA,NA,NA,-4.25806297223781e-08,NA,NA,NA,NA,"no SS",1
102254,54,418,239,240,0.00640719954024675,2197,115,234,21.8403296678416,57,163,0.000203433010510119,404,81783,0.00640719954024675,21.8403296678416,57,163,13,120,69,50,0.00421052631578947,156,3.3195020746888e-05,0,0,0.181461322292277,7.05072627128324,NA,NA,NA,0.670617154811715,0.0913821325014291,0.0543933054393305,6.21841306704976,3.01210803657926,5.59237230869018,2.75481040585126,2.67657509525504e-05,0.849795732185783,0.0884985644316838,0.68891790137284,0.0682317176152677,"no SS",1
102350,42,1,1,1,1.01848551204359e-05,1,1,1,0,1,2.7225,3.66930366214951e-09,0,81984,0,0,0,0,0,0,0,0,0,0,4.149377593361e-07,0,0,NA,NA,NA,NA,NA,-0.0113912133891213,0,0,NA,NA,NA,NA,-4.26144565708616e-08,NA,NA,NA,NA,"no SS",1
102259,42,5103,237,240,0.0754014516189688,33511,1761,234,68.6804193347711,698,2421,0.00292633664632591,4844,79773,0.0754014516189688,68.6804193347711,698,2421,41.0365690573664,1171,880,589,0.0536842105263158,2398,0.000399585062240664,0,0,0.167591721287165,5.43270534195364,NA,NA,NA,10.1069246861925,0.283181670856783,0.167517025344629,16.8900796017873,6.63762585948232,16.3260156363419,6.57354194709744,0.000315403553216238,0.882440683348956,0.210079631181894,0.730351573799606,0.169181335568595,"no SS",1
102201,54,5819,238,240,0.0871886794834573,37084,1997,234,77.0778826901725,757,3047,0.00322519819504179,5599,79219,0.0871886794834573,76.694197955256,757,3047,44.4184646290256,1308,985,629,0.0596315789473684,3053.5,0.000452697095435685,0,0,0.221263909754849,7.39518323116656,NA,NA,NA,12.7261715481172,0.316712125335799,0.181667216021028,18.7332926273105,7.98466853730339,17.774464352571,7.59595733330875,0.000364721673270662,0.880554265081453,0.192277712822226,0.733614083963595,0.155865486331496,"no SS",1
102239,234,1,1,6,1.02740077876979e-05,1,1,1,0,1,2.7225,1.40622701589238e-08,0,82307,0,0,0,0,0,0,0,0,0,0,4.149377593361e-07,0,0,NA,NA,NA,NA,NA,-0.0113912133891213,0,0,NA,NA,NA,NA,-4.15997257746077e-08,NA,NA,NA,NA,"no SS",1
102216,54,4460,237,240,0.0654425283343806,30720,1550,234,63.6003144646314,583,2005.5,0.00261744644449603,4242,80038,0.0653189734875934,63.6003144646314,583,2005.5,39.0128184062623,986,765,499,0.0458947368421053,1977,0.000356846473029046,0,0,0.216567946802701,7.00368939419714,NA,NA,NA,8.37982217573222,0.266110102362474,0.163233549816997,15.8307292792443,6.73354266740164,15.3144897163364,6.4190284467654,0.000273259022341912,0.893590941297416,0.206379283120164,0.747341638628071,0.167456181904311,"no SS",1
102121,114,4875,238,240,0.0727077822961211,36408,1617,222,72.8354309385206,666,2552,0.00297905913324083,4602,79827,0.0722562541495985,72.8354309385206,666,2552,38.8329756778952,1166,841,547,0.0532105263157895,2502,0.00041701244813278,0,0,0.183046407820812,6.11152173890017,NA,NA,NA,10.6664330543933,0.30475075706494,0.162481069781988,17.8036422396669,7.21688936396397,16.7675290513851,6.86570361589594,0.000302285773803211,0.889043014081608,0.189761810764574,0.735774703480183,0.151401500197394,"no SS",1
102289,78,4704,237,240,0.0683299460368631,30715,1701,234,63.0317380372777,626,2319.5,0.00266112661319072,4383,79664,0.0680859610363527,63.0317380372777,625,2319.5,34.928498393146,1041,805,522,0.0500526315789474,2389.5,0.000363485477178423,0,0,0.153440046091724,4.99864020511779,NA,NA,NA,9.69362970711297,0.263731121494886,0.146144344741196,17.306543396032,7.06419917009815,16.448632413814,7.04465199140783,0.000284794112274231,0.875278225843159,0.192081592180749,0.726807992221074,0.155216375097387,"no SS",1
102226,90,1,1,14,1.34130965474689e-05,1,1,1,0,1,2.7225,5.08267707948787e-09,0,82018,0,0,0,0,0,0,0,0,0,0,4.149377593361e-07,0,0,NA,NA,NA,NA,NA,-0.0113912133891213,0,0,NA,NA,NA,NA,-4.21758806766732e-08,NA,NA,NA,NA,"no SS",1
102209,66,298,237,240,0.00457313345234893,1038,79,234,24.0831891575846,46,206.5,9.817247095369e-05,284,81782,0.00457313345234893,24.0831891575846,46,206.5,13.9283882771841,90,53,36,0.00242105263157895,206.5,2.24066390041494e-05,0,0,0.0525931349954031,2.85841406332356,NA,NA,NA,0.852625523012552,0.100766481830898,0.0582777752183436,4.51473150013148,2.31898488470364,4.57233689061405,2.62739990665194,1.90922639303834e-05,0.798276454458221,0.0522054718034618,0.65949448569825,0.03964265773311,"no SS",1
102009,114,5137,237,240,0.0765530126109295,33126,1772,234,68.8839603971781,689,2241.5,0.00293480479213368,4873,79664,0.0762954408515766,68.7677249878168,689,2241.5,47.4236228055175,1205,888,591,0.0575263157894737,2313.5,0.000395850622406639,0,0,0.218919098918683,7.02533300837044,NA,NA,NA,9.36726987447699,0.287731066894631,0.198425200023086,18.2365961004693,8.76260337224685,17.6029781772526,8.56864459415917,0.000319185631779896,0.892320771427594,0.220081833653185,0.740045220713915,0.176449288481732,"no SS",1
102124,102,5048,238,240,0.0750300270243219,31417,1773,234,62.8012738724303,674,2348,0.00279152729154272,4802,79928,0.0750300270243219,62.8012738724303,674,2348,33.734255586866,1195,881,570,0.0535263157894737,2312.5,0.000391701244813278,0,0,0.185329006736192,6.18040774954463,NA,NA,NA,9.81287656903766,0.262766836286319,0.141147512915757,17.8265620002141,7.65614284468614,16.9859187135615,7.41632230646625,0.000313807178293291,0.875023135987526,0.206900120752113,0.727966427610626,0.165671899258237,"no SS",1
102203,114,5601,238,240,0.0827083454831749,38798,1903,234,68.0073525436772,749,2551,0.0032756217258835,5303,79825,0.0823551518947698,68.0073525436772,749,2537,37.1214223865412,1271,961,634,0.0595789473684211,2534.5,0.000448132780082988,0,0,0.223156154085097,7.24301415478224,NA,NA,NA,10.6036715481172,0.284549592232959,0.155319758939503,17.9178908723067,7.28746075786407,17.0400883502825,7.18023972752933,0.000344497263972134,0.88354570874642,0.215675338735606,0.737241597269152,0.173977231718119,"no SS",1
102125,42,5727,237,240,0.0856434584554984,40281,1969,234,73.824115301167,780,2938.5,0.00343597831411098,5474,79469,0.0856434584554984,73.824115301167,780,2938.5,49.4064773081425,1332,1007,646,0.0617368421052632,2914,0.000464730290456432,0,0,0.228928283340792,7.32572117190937,NA,NA,NA,12.2835878661088,0.308887511720364,0.206721662377165,19.0377005138288,8.31302420816426,18.4415945387665,8.10897105276648,0.000358214214651638,0.887434725454524,0.200861763664266,0.73620829050861,0.161551174595679,"no SS",1
102105,54,4756,238,240,0.0695594314822693,30884,1647,234,62.9682459657247,633,2094,0.0027955165946352,4526,79710,0.0692761259565926,62.9682459657247,633,2094,33.9411254969543,996,813,493,0.049,2060.5,0.000370539419087137,0,0,0.222436550173024,7.01151644094712,NA,NA,NA,8.75011506276151,0.263465464291735,0.142013077393114,15.7463558514449,6.17014394787269,15.1244653554126,6.15368599646685,0.000289775557436864,0.901780765884232,0.218649772322312,0.760391388706843,0.179212037220352,"no SS",1
102394,102,7077,238,240,0.105414629176854,44730,2414,234,93.2148056909416,953,4378,0.0039847977352838,6618,78528,0.105414629176854,93.2148056909416,953,4378,50,1660,1214,828,0.0749473684210526,4201.5,0.000554356846473029,0,0,0.175016324255358,5.79305843201925,NA,NA,NA,18.30660041841,0.390020107493479,0.209205020920502,23.5142776915373,12.0051480576742,22.9503773556208,12.1325510255054,0.000440980976762512,0.88221039669406,0.173118347031391,0.72934786566922,0.138402660141791,"no SS",1
102231,54,4090,238,240,0.0610973813624903,27208,1411,234,54.2033209314706,538,1783.5,0.00239491556561941,3914,80118,0.0610973813624903,54.2033209314706,538,1783.5,37.4432904536981,981,706,466,0.0432105263157895,1778.5,0.000343983402489627,0,0,0.15714847673626,5.36808779241077,NA,NA,NA,7.45095188284519,0.22679213778858,0.156666487253967,15.4185824682984,6.22128995292135,15.1026123069662,6.24525211579787,0.00025551236893497,0.893364444722525,0.208315601327773,0.734234236033713,0.166567367435526,"no SS",1
102037,102,2660,239,240,0.0420471935627191,19161,904,234,63.8905313798532,405,1922.5,0.00153150270182319,2607,81028,0.0420471935627191,63.8905313798532,405,1922.5,37.0135110466435,800,491,357,0.0257894736842105,1906.5,0.000233195020746888,0,0,0.158629134667272,5.72395226437882,NA,NA,NA,8.03254184100418,0.267324399078884,0.154868247057086,14.0369927808701,6.63615641517187,12.9363616728108,6.2491498875046,0.000175846223503396,0.834037434262113,0.129998473748474,0.668380894515921,0.0994734432234432,"no SS",1
102166,54,3098,237,240,0.0443916401144894,18115,1022,234,57.8013840664737,409,1956.5,0.00163569579354647,2903,80762,0.0438944057848988,57.8013840664737,409,1956.5,31.9061122670876,642,523,312,0.0317894736842105,1751.5,0.000231535269709544,0,0,0.157647349435032,5.2846182920491,NA,NA,NA,8.17480125523013,0.241846795257212,0.133498377686559,14.5489888286678,5.96614249704242,13.4610437483761,5.67453097456738,0.000183616344799249,0.87968676725012,0.138981456070882,0.747091231147029,0.113811894773984,"no SS",1
102206,54,2091,238,240,0.0312581047535537,13078,717,234,75.3126815350509,286,2057,0.00110130044797268,2007,80971,0.0312581047535537,75.3126815350509,286,2057,46.5725240887801,524,371,250,0.0205789473684211,1891,0.000169294605809129,0,0,0.162429412919491,5.89313135396698,NA,NA,NA,8.59530334728034,0.315115822322389,0.194864117526276,12.7497062294295,7.52245574429968,11.990812283091,6.75913318321278,0.000130744921707062,0.857790771361825,0.0916896102014201,0.700669911215972,0.072706854079119,"no SS",1
102141,54,5138,237,240,0.0752390303200318,32876,1665,234,70.178344238091,684,2833,0.00281063283936229,4769,79610,0.0750408240170833,70.178344238091,684,2789,43.0116263352131,1205,887,567,0.0536315789473684,2772.5,0.000402904564315353,0,0,0.155686148400515,5.2829348697695,NA,NA,NA,11.6580648535565,0.29363323948992,0.179964963745662,18.0366591491082,7.82640175423188,17.1846905589406,7.62775658043269,0.00031385226541304,0.881770344435868,0.179609753164367,0.729782723511702,0.143381137067436,"no SS",1
102130,150,2921,238,240,0.0421921824806502,18424,952,234,49.0407993409569,392,1293,0.00150235030112507,2713,80958,0.0420464932434102,49.0407993409569,391,1293,29.1547594742265,691,501,327,0.0287894736842105,1296,0.000232365145228216,0,0,0.150742069449378,5.56273011127381,NA,NA,NA,5.39865062761506,0.205191629041661,0.121986441314755,14.1474741878841,5.76684370289795,13.0958566349337,5.52915328737215,0.000175842700668602,0.885301541944569,0.186981598461961,0.730686017297202,0.149024993133754,"no SS",1
102334,126,2948,238,240,0.0446404274794053,15216,991,234,49.7292670366254,421,1236,0.00136457530448978,2887,80846,0.0446404274794053,49.7292670366254,421,1236,27.0185121722126,722,533,334,0.03,1236.5,0.000224066390041494,0,0,0.109272638433041,4.22967910751747,NA,NA,NA,5.16015690376569,0.208072247015169,0.113048168084572,13.7240376764611,5.65562352993015,12.8325929226855,5.37765319782996,0.000186737648640074,0.859247054337187,0.201766646167608,0.717368107587281,0.161402135629228,"no SS",1
102285,66,3962,238,240,0.0575993492911922,26567,1311,234,50.5667875190821,545,1707.5,0.0024349453179366,3754,80136,0.0572526704602176,50.5667875190821,545,1707.5,28.6356421265527,834,692,429,0.0469473684210526,1662.5,0.000321161825726141,0,0,0.180213554277387,5.65865219108445,NA,NA,NA,7.13296025104603,0.211576516816243,0.119814402203149,15.0211982854808,5.93736490988223,14.4233835226073,5.75519363629684,0.000239466384899536,0.890376110523167,0.218914018513217,0.75065517583831,0.179120145052009,"no SS",1
102217,30,3803,238,240,0.0560680511774523,21384,1281,234,73.24616030892,508,1994,0.00189429143303007,3591,80340,0.0556883246203635,73.24616030892,508,1994,39.2045915678253,883,637,421,0.0380526315789474,1984.5,0.000281742738589212,0,0,0.147486796148555,5.20960101677357,NA,NA,NA,8.3317050209205,0.306469289995481,0.164035947982533,17.8281497872577,8.58253051867378,17.2348014208175,8.5204666592789,0.00023296326332984,0.862870602704989,0.167974469682748,0.716373177902099,0.134822601839685,"no SS",1
102216,54,1961,237,240,0.028483591377139,15223,651,234,55.0817574156816,279,1002.5,0.00130201591540538,1852,80994,0.028483591377139,55.0817574156816,279,1002.5,29.732137494637,455,364,227,0.0239473684210526,1222,0.000174688796680498,0,0,0.162367116268156,5.19487336771338,NA,NA,NA,4.18316945606695,0.230467604249714,0.124402248931536,11.9422835304146,5.20495132974615,11.2598230086052,4.92834731562316,0.000119053014094567,0.887275670263471,0.14396255850234,0.737113397070275,0.115569422776911,"no SS",1
102091,42,2784,238,240,0.0407716166822328,21050,881,234,72.6704891960967,405,1982.5,0.00176150266338199,2637,80910,0.0406995427017674,72.6704891960967,405,1982.5,37.1214223865412,656,503,329,0.031,1967,0.000252697095435685,0,0,0.171901888432644,5.83440304504335,NA,NA,NA,8.28358786610879,0.30406062425145,0.155319758939503,14.4410493109227,7.04710959366367,13.428651890179,6.50982526363145,0.000170164578508551,0.864668914569192,0.122175639075428,0.715512421112863,0.0978369754758283,"no SS",1
102400,78,3357,237,240,0.0503247965355036,20187,1096,234,69.5701085237043,461,2049,0.00183060268356545,3152,80358,0.0503247965355036,69.5701085237043,461,2049,39.1152144312159,892,592,416,0.036,1919.5,0.000254356846473029,0,0,0.185050379780861,6.07374212231456,NA,NA,NA,8.56183054393305,0.291088320182863,0.163661985067849,14.9810709313528,7.31117080926066,14.0836473543827,6.84593810440655,0.000210522141561898,0.873365633662589,0.147855654272239,0.71002969709118,0.115242587108332,"no SS",1
102276,30,6032,238,240,0.0914400322922448,36498,1991,234,77.8331548891602,794,3377.5,0.00314897499074566,5795,79276,0.0914400322922448,77.8331548891602,794,3377.5,44.2831796509691,1454,1039,683,0.0599473684210526,3150.5,0.000464730290456432,0,0,0.174255464672783,6.08898760201999,NA,NA,NA,14.1204079497908,0.325661735937909,0.185285270506147,19.423538294918,8.09800375027321,18.4026424030537,8.07140101775159,0.000382551095574365,0.871173522826301,0.18551028764459,0.72237810392346,0.148300747261746,"no SS",1
102215,102,7527,238,240,0.112405344422261,47434,2647,234,74.706090782479,969,3094.5,0.00406242287363628,7169,78651,0.111721402143647,74.706090782479,969,3094.5,41.7731971484108,1618,1258,821,0.0746315789473684,3079.5,0.000579668049792531,0,0,0.20399944733026,6.89230358390895,NA,NA,NA,12.9363075313808,0.312577785700749,0.174783251666991,20.6835337553465,8.4553464953574,20.0638676255256,8.27284569072666,0.000467286849961124,0.905073846117853,0.24680504451872,0.755791712104108,0.201359436002584,"no SS",1
102513,42,5193,238,240,0.076633400177214,32884,1732,234,73.348483283569,700,2508,0.00285234646789722,4917,79751,0.0766259984200825,73.348483283569,700,2502,38.2099463490856,1194,878,571,0.0533684210526316,2476,0.000421576763485477,0,0,0.192989882260774,6.76980476271513,NA,NA,NA,10.4572280334728,0.306897419596523,0.159874252506634,17.838406174255,7.2425173010196,17.2473436869726,7.00729227449769,0.000320568389992108,0.887613612776157,0.200176886792453,0.739315281143551,0.161065251572327,"no SS",1
102179,126,4499,238,240,0.065906987216371,27808,1534,234,61.660360037872,591,2073,0.00242905973513254,4267,79946,0.065906987216371,61.660360037872,591,2073,36,1002,763,487,0.0458421052631579,2051,0.000352282157676349,0,0,0.202496932919992,6.94791729476964,NA,NA,NA,8.6622489539749,0.257993138233774,0.150627615062762,15.9793096142394,6.6356113854382,15.1695029084446,6.25865872575609,0.000275719355834501,0.89380301028838,0.211021666866915,0.750093538014219,0.170891905963395,"no SS",1
102246,42,5660,238,240,0.084751284300213,33426,1855,234,65.1920240520265,742,2304,0.00292212025414642,5455,79810,0.084751284300213,62.1771662268393,742,2304,44.5982062419555,1309,958,630,0.0564736842105263,2290.5,0.000427385892116183,0,0,0.151639899162328,5.23224362922729,NA,NA,NA,9.62877615062762,0.260155507225269,0.186603373397303,19.3864263957297,9.4239384249359,18.5031201352331,8.99778762777433,0.000354480796642135,0.878587384485781,0.246160564815489,0.73320489980806,0.198522454327098,"no SS",1
102137,78,5147,237,240,0.0770227595838104,37207,1747,234,77.0064932327138,684,2591,0.00314539934042141,4930,79483,0.0770227595838104,77.0064932327138,684,2591,45.1774279923061,1192,901,584,0.0551052631578947,2603,0.000429875518672199,0,0,0.182043051945035,5.91137686045334,NA,NA,NA,10.8296129707113,0.322202900555288,0.189026895365297,19.1363041562075,8.1844399216794,18.368105705813,7.9725944609472,0.000322228820826527,0.888160043262177,0.198701720220708,0.736744070476253,0.160012982797793,"no SS",1
102107,66,5916,237,240,0.0870921024970218,34058,1992,234,75.0266619276108,776,3000.5,0.00293626467393512,5546,79608,0.0869636217465581,75.0266619276108,776,3000.5,43.0464865000618,1377,994,674,0.0575789473684211,2996.5,0.000437759336099585,0,0,0.140475708474255,4.97520206998701,NA,NA,NA,12.5430020920502,0.313919087563225,0.180110822175991,19.2757261250401,7.82743505452225,18.4462350471745,7.77263734830877,0.000363822461770259,0.876463005987725,0.189282296650718,0.724473429431697,0.151633629528366,"no SS",1
102082,102,3513,238,240,0.0506840829810587,22247,1196,234,60.2992537267253,466,1717,0.00192846844203882,3288,80174,0.0505400753361439,60.2992537267253,466,1717,35.0570962859162,764,610,400,0.0388421052631579,1690.5,0.000267219917012448,0,0,0.175890342304212,5.79853944592266,NA,NA,NA,7.17270920502092,0.252298132747805,0.146682411238143,14.4534163260255,5.83127481099828,13.6853109699997,5.62898912798158,0.000211422900149204,0.88160986729428,0.180377492877493,0.734187834465817,0.146367521367521,"no SS",1
102235,102,5663,238,240,0.0862840503712294,36691,1937,234,75.4320886625844,753,2923,0.00316574162349441,5467,79331,0.0862840503712294,75.4320886625844,753,2923,39.3573373083089,1378,968,649,0.0572631578947368,2839,0.000452697095435685,0,0,0.162326660562553,5.51529525188741,NA,NA,NA,12.2187343096234,0.315615433734663,0.1646750514992,18.5354001053109,7.50841852271017,17.7209225671989,7.04879568725974,0.000360978984693581,0.871148129872178,0.198855383185172,0.718436501233578,0.158822845854395,"no SS",1
102284,54,4268,238,240,0.0618755518379107,29683,1487,234,56.3205113613149,591,2101.5,0.00252270569254365,3978,80173,0.0612924550659199,56.3205113613149,591,2101.5,31.7804971641414,936,729,479,0.0414736842105263,2083,0.000346887966804979,0,0,0.175375899940251,5.73578073979738,NA,NA,NA,8.78149581589958,0.235650675151945,0.132972791481763,16.3342098016089,6.51594916214902,15.3379428748658,6.30812897843069,0.000256411601650987,0.86957375028038,0.19227608874281,0.723389857755031,0.155652071839418,"no SS",1
102092,42,3766,237,240,0.0556436950656028,21594,1228,234,71.3091859440283,518,2085,0.00183021578676289,3527,80439,0.0555079003965738,71.3091859440283,518,2085,41.146081222882,938,661,435,0.0374736842105263,2029.5,0.000292116182572614,0,0,0.170537129906832,6.44930837040461,NA,NA,NA,8.71245815899582,0.298364794744888,0.172159335660594,17.5424873922975,8.97777519570212,16.7918214915417,8.6997002028184,0.000232123327861071,0.868210223013267,0.166505071599045,0.716230104343511,0.131525954653938,"no SS",1
102117,42,3842,237,240,0.0563437373327929,26551,1249,234,66.2872536767062,522,1708.5,0.00227092906156306,3594,80409,0.0555659192378963,59.8414572015087,522,1708.5,39.319206502675,874,664,443,0.0391052631578947,1678,0.000321991701244813,0,0,0.159840772845934,5.37655725146424,NA,NA,NA,7.13714435146444,0.250382666115099,0.164515508379393,18.6295235588989,8.48858661761417,17.9434959359086,8.48088554287777,0.00023232462116834,0.8705970967634,0.209548822812119,0.727521243596787,0.168558296595066,"no SS",1
102130,90,4362,237,240,0.0662300491194741,27979,1415,234,70.0927956355002,631,2440,0.00241125659901009,4187,80009,0.0662300491194741,70.0927956355002,631,2440,39.4588393138977,1112,791,527,0.0475263157894737,2375,0.000356016597510373,0,0,0.19225255853711,6.72886315234134,NA,NA,NA,10.1978138075314,0.293275295546026,0.165099746083254,18.9438250833689,9.16507836006354,18.2570296115381,9.08542914578725,0.000276987376460058,0.869783896284382,0.173544245758826,0.710360470224141,0.13712582694701,"no SS",1
102122,54,5454,238,240,0.0824286843789611,38013,1802,234,70.0071424927486,781,2630,0.00325478789478308,5228,79681,0.0824286843789611,70.0071424927486,781,2630,41.194659848092,1340,945,638,0.0579473684210526,2605.5,0.000454356846473029,0,0,0.216333121952962,7.17063095623624,NA,NA,NA,10.9927928870293,0.292916914195601,0.172362593506661,19.3620716662636,8.4699390259047,18.1245276731691,7.80705585296334,0.000344847527310063,0.855824333862507,0.205185879412684,0.707067099027404,0.163323961262106,"no SS",1
102012,78,4794,238,240,0.0698786489662474,31836,1542,234,65.0307619515564,640,2261,0.0027550740045726,4514,80014,0.0696503111955408,65.0307619515564,640,2261,45.0998891351187,1059,814,496,0.0523684210526316,2245,0.000395020746887967,0,0,0.183969300603619,6.26226349285411,NA,NA,NA,9.44885983263598,0.272095238291031,0.188702465000497,17.5256822743286,7.31897058588848,16.9457622222878,7.1480297875067,0.000291381362766922,0.889848910943272,0.207028492886066,0.746857223178935,0.16768824993499,"no SS",1
102090,42,7908,237,240,0.11542654028436,54646,2804,234,72.8971878744304,1009,3015.5,0.00462256741811349,7325,78300,0.115108556832695,72.8971878744304,1009,3015.5,38.2753184180093,1688,1320,845,0.0847368421052632,2982.5,0.000618672199170125,0,0,0.177674590439355,5.65729378490642,NA,NA,NA,12.6057635983264,0.30500915428632,0.16014777580757,20.7212885173455,8.14398208044669,20.0184112868832,7.9917241407706,0.000481499737481101,0.902431772928342,0.272197390674076,0.752844252916203,0.221218893452525,"no SS",1
102074,126,3990,238,240,0.059848578875512,26853,1401,234,67.8011799307357,555,2134,0.00227707706172583,3779,80570,0.059848578875512,67.8011799307357,555,2134,34.6554469023269,1043,703,503,0.0372631578947368,2076,0.000319917012448133,0,0,0.204596748400776,6.83769669517515,NA,NA,NA,8.91747907949791,0.283686945316886,0.145001869884213,15.7702220797586,6.94112234518177,14.9864098812416,6.66116073560757,0.000250329237984006,0.863688843279654,0.174098277791819,0.698782504053724,0.136440769758458,"no SS",1
101918,54,4161,238,240,0.0627095740953906,30415,1334,234,62.4339651151519,597,2125,0.00250310049226996,4017,79924,0.0627095740953906,62.4339651151519,597,2125,40.024992192379,995,768,477,0.0423684210526316,2072.5,0.000376348547717842,0,0,0.155963035034764,5.60082054232199,NA,NA,NA,8.87982217573222,0.261229979561305,0.167468586578992,17.1274645508936,7.66636630063313,16.6693777235011,7.60534516342329,0.000262341564995653,0.873306731175909,0.192406618296288,0.728343078136439,0.154209374640101,"no SS",1
102381,174,973,237,240,0.0143650735384088,4495,267,222,27.8028775489157,139,344,0.000441855495910112,921,81726,0.0143650735384088,27.8028775489157,139,344,21.4709105535839,253,160,117,0.00857894736842105,358.5,7.26141078838174e-05,0,0,0.179166610267584,6.94907444640598,NA,NA,NA,1.42793933054393,0.116330031585421,0.0898364458308949,11.591491992954,6.47246533077799,10.582975472157,6.11169660379416,6.00622814184329e-05,0.870015387504273,0.145009881422925,0.6940406753719,0.113759881422925,"no SS",1
102284,66,3499,238,240,0.052632794190651,23598,1156,234,66.1891229734916,485,1799.5,0.001904764036405,3360,80771,0.052481707543549,66.1891229734916,483,1799.5,40.8044115262063,879,607,402,0.0348421052631579,1798.5,0.000293775933609959,0,0,0.174021583640013,6.41641431807079,NA,NA,NA,7.51789748953975,0.27694193712758,0.170729755339775,15.1543382089304,7.0529004745451,14.6138860298097,6.72915941896151,0.000219504493120765,0.888956059695976,0.17843162015406,0.730516961377122,0.141431998989771,"no SS",1
102170,66,3446,238,240,0.051097159196867,19364,1142,234,61.9838688692469,470,1838,0.00182748414626016,3297,80435,0.051097159196867,61.9838688692469,470,1838,34.6698716467194,813,594,384,0.0358947368421053,1746.5,0.000268464730290456,0,0,0.164398303318894,5.70683272796099,NA,NA,NA,7.66759414225941,0.255162631252079,0.140878124044851,15.509026894672,6.77780754226814,14.8061472063692,6.56991647973692,0.000213710094745422,0.891067100487867,0.169925993302187,0.741064173751547,0.13631289535701,"no SS",1
102165,102,3825,238,240,0.0577494375458353,24636,1293,234,58.1807528311554,553,1962.5,0.00213252544689754,3652,80451,0.0577494375458353,58.1807528311554,553,1962.5,33.5261092284804,994,673,471,0.0417368421052632,1929,0.000313278008298755,0,0,0.239566685837515,8.32293902006557,NA,NA,NA,8.19990585774059,0.243434112264249,0.140276607650546,16.0450900856438,6.95478476526155,14.857825931046,6.54049778641575,0.000241587301778789,0.864620252758367,0.184599491417673,0.704368725856612,0.145104895104895,"no SS",1
102191,30,5386,238,240,0.0816972528921883,34277,1817,234,70.6116137756389,746,2555,0.00296404648733238,5162,79611,0.0816972528921883,70.6116137756389,746,2555,45,1342,939,640,0.0559473684210526,2650,0.000429460580912863,0,0,0.163371673402717,5.59531651749871,NA,NA,NA,10.6789853556485,0.295446082743259,0.188284518828452,18.9331129244398,8.22510284040936,18.3456819860469,8.20846197155995,0.00034178733072713,0.859007870396984,0.212458759350603,0.70722470682481,0.168621174011041,"no SS",1
102284,126,4214,237,240,0.0617662784480554,26508,1470,234,62.6258732474047,553,2010.5,0.00229226294037705,4003,80128,0.0616388777955272,62.6258732474047,553,2010.5,33.9705755029261,936,726,455,0.0421578947368421,1997,0.000348132780082988,0,0,0.17132018454267,6.1341668309632,NA,NA,NA,8.40074267782427,0.26203294245776,0.142136299175423,15.9082553086903,6.75401217522721,15.09641384032,6.415536952448,0.000257860776629,0.892851646550876,0.192081826313538,0.746003249833628,0.155680006222533,"no SS",1
102352,90,3300,238,240,0.0488361373588384,22141,1062,234,63.6553218513582,447,1846,0.00179341293142409,3147,80870,0.0488314578953877,62.9682459657247,447,1846,34.0587727318528,802,566,386,0.0319473684210526,1829,0.000271784232365145,0,0,0.163749000079281,5.91763850545909,NA,NA,NA,7.71245815899582,0.263465464291735,0.142505325237878,15.3958079023212,7.0569247979375,15.324238781524,7.21219732133147,0.000204273068552772,0.876707051326455,0.162657550045309,0.717770832530549,0.129623527473433,"no SS",1
102144,66,4465,237,240,0.0655327976406193,26841,1497,234,62.9364759102383,595,2158.5,0.00239381977655855,4236,80021,0.0655327976406193,62.9364759102383,595,2158.5,37.6430604494374,1008,774,495,0.0476842105263158,1977.5,0.000347717842323651,0,0,0.200126522568994,6.90597606603558,NA,NA,NA,9.01998953974895,0.263332535189281,0.157502344976726,16.0339000028764,6.97123283484584,15.4378893591579,6.32392087261839,0.00027411317753264,0.899910431757164,0.19706877113867,0.748859795604088,0.159188275084555,"no SS",1
102015,90,4329,239,240,0.0655545222041386,28652,1428,234,71.175838597097,626,2075.5,0.00248609762777561,4157,80079,0.0649983141647623,71.175838597097,626,2049.5,41.5932686861708,1048,758,508,0.0456315789473684,2030,0.000362655601659751,0,0,0.173585777574887,6.03450293301418,NA,NA,NA,8.55253138075314,0.293622755636389,0.169846312494439,16.3354313168383,6.96370858879162,15.4972343098618,6.71189350215499,0.000271832912681525,0.885162219038967,0.200300161625491,0.732423556237757,0.159970753482645,"no SS",1
102027,90,5866,238,240,0.0881142641414459,40443,1995,234,87.5556965593901,817,3054,0.00360763395645243,5613,79465,0.0881142641414459,87.5556965593901,817,3054,47.927027865287,1389,1060,696,0.063,3023,0.000495020746887967,0,0,0.210674595921176,6.90883874336725,NA,NA,NA,12.7668514644351,0.366341826608327,0.200531497344297,19.4433149523924,8.95981617141878,18.4500802853726,8.51345708678659,0.000368470572454218,0.879898142668423,0.197601241710174,0.731821332743135,0.158402709185833,"no SS",1
102264,66,1995,237,240,0.0298001032676846,12045,706,234,46.0977222864644,272,944,0.00100309838769635,1885,81342,0.0298001032676846,46.0977222864644,272,944,26.9072480941474,539,338,232,0.0186842105263158,1029,0.000157261410788382,0,0,0.197667196516852,7.217409422412,NA,NA,NA,3.93839958158996,0.192877499106546,0.112582628008985,11.9692261659688,5.3928479963415,11.5436043565046,5.39696504438764,0.000124518297704684,0.866247471038665,0.161460067941118,0.706994736495116,0.125557849863452,"no SS",1
102049,66,4193,238,240,0.0621625379463768,26023,1339,234,64.8459713474939,602,2393.5,0.00229092657261514,4020,80381,0.0618678543436882,64.8459713474939,602,2393.5,43.081318457076,953,747,488,0.0440526315789474,2318,0.000340663900414938,0,0,0.199102344783517,7.01896605705991,NA,NA,NA,10.0032531380753,0.271322055847255,0.180256562581908,17.160329492292,8.02028597878577,16.212026910004,7.74917854779757,0.000258777486536949,0.872242469952501,0.16936280352825,0.721372088423359,0.136906991792392,"no SS",1
101992,126,7742,237,240,0.113618631043859,48397,2685,234,71.8470597867442,982,2898,0.00428670088364,7137,78477,0.112580756145113,71.8470597867442,982,2898,41.7731971484108,1698,1295,843,0.0824736842105263,2905.5,0.00057551867219917,0,0,0.232618415003575,7.39122628974197,NA,NA,NA,12.1141317991632,0.300615312915248,0.174783251666991,19.7166695138406,7.40331433664151,19.1564565397327,7.35567334215436,0.000470965430663328,0.901452749158045,0.274822695035461,0.74826863883869,0.222004479283315,"no SS",1
102334,222,122,225,240,0.00175794125546305,775,36,222,10.6301458127346,23,44,6.61404063978862e-05,99,81914,0.00175794125546305,10.6301458127346,23,44,8.48528137423857,45,28,20,0.00157894736842105,44,1.28630705394191e-05,0,0,0.115650384535217,5.06828666832052,NA,NA,NA,0.17270920502092,0.0444775975428228,0.0355032693482785,5.42372633258059,2.31316431010627,4.7770628190809,2.39622220443343,7.31339328039598e-06,0.765720020720021,0.0414388489208633,0.551640951640952,0.0284892086330935,"no SS",1
102173,66,3430,238,240,0.0496986636387457,21647,1149,234,62.2655603042324,455,1663.5,0.00193435928093194,3245,80143,0.0496986636387457,62.2655603042324,455,1663.5,41.1096095821889,738,588,376,0.0371578947368421,1504,0.000268464730290456,0,0,0.198292692588615,6.56454408001491,NA,NA,NA,6.94885983263598,0.260525356921474,0.17200673465351,15.5279679445949,7.86667427034216,14.9431611436253,7.86661998908963,0.000207860668507708,0.88865570695256,0.1754084643502,0.74826701567359,0.142907473466332,"no SS",1
102275,78,5754,238,240,0.0859217933252915,33607,1963,234,78.8162419809521,762,2261.5,0.00299948094535355,5468,79584,0.0859217933252915,78.8162419809521,762,2261.5,51.4003891035856,1370,974,643,0.0655789473684211,2256.5,0.000432365145228216,0,0,0.241392574501742,8.28518555310611,NA,NA,NA,9.45095188284519,0.329775071050009,0.215064389554751,20.3671779649022,10.6798127982677,19.899479599177,10.2895107776501,0.00035946281039676,0.881934854325859,0.242070235060889,0.728934106474992,0.193571226281507,"no SS",1
102129,18,3296,238,240,0.049721775689378,21599,1069,234,67.2086303981862,481,1835,0.00176838258983991,3130,80870,0.049721775689378,67.2086303981862,481,1811,35.7770876399966,891,576,412,0.0339473684210526,1831.5,0.000268464730290456,0,0,0.150418051558887,5.36704429019235,NA,NA,NA,7.55462343096234,0.277023558151407,0.145510826945593,14.8802066631685,6.25604005183467,13.8339056592376,5.90944405914842,0.000207913359167618,0.859004753902176,0.161849943648366,0.694492304491902,0.125986153598454,"no SS",1
102156,42,3073,238,240,0.0444627507939777,20858,973,234,59.0338885725818,424,1681,0.00177701292126503,2879,80482,0.0438358887701598,59.0338885725818,424,1681,33.3766385365573,649,543,337,0.0347368421052632,1663,0.00025103734439834,0,0,0.239747070753981,8.03552967750489,NA,NA,NA,7.02208158995816,0.247003717876911,0.13965120726593,14.1636800553547,5.91494434436693,13.5807701062669,5.66346109658533,0.000183371919958823,0.883943525512112,0.15954415954416,0.745821722921283,0.130194907972686,"no SS",1
102204,30,8120,238,240,0.123073767339299,52516,2863,234,82.5651258098721,1062,3958.5,0.00448880834069967,7658,78002,0.123073767339299,82.5651258098721,1062,3958.5,47.8016736108685,1942,1368,904,0.0881578947368421,3968,0.000634439834024896,0,0,0.188380735482513,6.32528853236259,NA,NA,NA,16.551370292887,0.345460777447163,0.200007002555935,23.0285729023998,10.025056448768,22.2966258674093,9.80930576877754,0.000514826256586921,0.885392449446329,0.225962104272096,0.730409030008445,0.180251853595387,"no SS",1
102330,150,4052,237,240,0.0599304434231772,25810,1405,234,68.8839603971781,536,2033.5,0.00222484669355755,3850,80510,0.0599304434231772,68.8839603971781,531,2033.5,39.6232255123179,975,702,466,0.0393157894736842,2033.5,0.000322406639004149,0,0,0.188241176789384,6.44320097730602,NA,NA,NA,8.4969769874477,0.288217407519574,0.165787554444845,15.8040079960935,7.30969783981754,15.0064260923049,7.1227907210938,0.000250670019795218,0.884197966206251,0.183942663261027,0.729017603147773,0.146772902291182,"no SS",1
102230,138,2471,237,240,0.0354203646925932,13719,846,234,66.5281895139196,308,1358.5,0.00123553635432713,2349,80890,0.0352083075781926,66.5281895139196,308,1358.5,43.4165866921848,499,413,247,0.0272105263157895,1556,0.000177178423236515,0,0,0.210040098240488,7.13246502620299,NA,NA,NA,5.67270920502092,0.278360625581254,0.181659358544706,13.0949801207659,7.54304973320113,12.8148502912807,8.32559216252823,0.000147272456997261,0.898946792333576,0.134638112797239,0.764714039739809,0.111048078286768,"no SS",1
102241,114,6663,238,240,0.0997085287035864,40308,2239,234,76.3216876123687,874,3024.5,0.0035906284757965,6329,78910,0.0997085287035864,76.3216876123687,874,3024.5,48.0832611206852,1539,1129,722,0.071,2980,0.000509958506224066,0,0,0.163701155821232,5.52187638891009,NA,NA,NA,12.6434205020921,0.319337605072673,0.201185192973578,20.8467278640944,9.28720823807787,20.0555347502324,9.10072520301381,0.000417107069113398,0.884124604337542,0.228276322279282,0.737946651108518,0.18362491658688,"no SS",1
102291,54,5602,237,240,0.0823288951179631,34070,1913,234,75.3126815350509,746,2426.5,0.00294729738585638,5277,79605,0.0820300232397462,75.3126815350509,746,2426.5,51.662365412358,1253,961,615,0.0604210526315789,2681,0.00042655601659751,0,0,0.191358071051969,6.56376210751969,NA,NA,NA,10.1413284518828,0.315115822322389,0.216160524737899,23.0298333892574,12.6394157577922,22.7243789428157,12.9116428482221,0.000343137498546696,0.886118393537661,0.240861642875586,0.738781746134248,0.194644240345247,"no SS",1
102177,42,5445,238,240,0.0811590929056386,38537,1785,234,76.694197955256,761,2970,0.00320095974083063,5154,79683,0.0811590929056386,76.694197955256,761,2961.5,44.2040722106007,1313,934,645,0.0583684210526316,2887.5,0.000451867219917012,0,0,0.218369909429266,7.34828635964621,NA,NA,NA,12.3798221757322,0.320896225754209,0.184954277031802,19.12392073094,8.78184515979942,18.3308789330519,8.3762200803171,0.00033949366754385,0.876968058405411,0.183024848587762,0.71809449449773,0.145865172355239,"no SS",1
102133,126,5425,238,240,0.0805579243718094,34350,1855,234,71.505244562899,724,2626.5,0.00297103317112009,5197,79628,0.080436529863867,71.505244562899,724,2626.5,46.8401537145215,1208,910,601,0.0548947368421053,2593,0.000428630705394191,0,0,0.181290878452342,6.21389528716477,NA,NA,NA,10.9781485355649,0.299185123694138,0.19598390675532,19.0967552894012,9.75180977968136,18.2051122444065,9.21305324481194,0.000336512053015598,0.876084243681828,0.205196386236945,0.732720661254964,0.166495803165246,"no SS",1
102329,54,4560,237,240,0.0660203677378761,28941,1476,234,63.5609943282828,611,2062,0.0024678204453191,4287,79881,0.0656100950163368,62.6498204307083,611,2062,37.589892258425,954,783,495,0.0505263157894737,2029.5,0.000349377593360996,0,0,0.216415099395415,7.2480754685199,NA,NA,NA,8.61622384937239,0.262133139877441,0.157279883926464,17.2916527741206,7.45870934118567,16.896694362514,7.43168774158039,0.000274434755895241,0.882004500771406,0.20662329982259,0.744126846927477,0.169012418687167,"no SS",1
102154,54,2437,238,240,0.0340990254129899,14614,831,234,43.8292140016223,323,988.5,0.00125677100980266,2241,80972,0.0336289087585832,43.4626276242015,321,948.5,22.4722050542442,482,412,236,0.0253684210526316,950,0.000180497925311203,0,0,0.153341037795384,5.25269773267348,NA,NA,NA,3.9572280334728,0.181851998427621,0.0940259625700595,12.0694401912479,5.02485430248992,11.4016416454182,5.03081935475667,0.000140664860475057,0.872581981822981,0.184961282434452,0.747974093112378,0.1522211656025,"no SS",1
102151,30,4067,238,240,0.0595664729828468,24937,1444,234,63.0713881248859,524,1953,0.00220739084488546,3826,80255,0.0592735655099371,63.0713881248859,524,1953,43.9317652729776,931,682,441,0.0418421052631579,1942,0.000300414937759336,0,0,0.229339439921695,7.35721311218854,NA,NA,NA,8.16015690376569,0.263897021443037,0.183814917460157,17.21806254268,9.16011613213831,16.3977512650899,8.88097008992725,0.000247964364589748,0.900754234836691,0.189567227225632,0.746717028807271,0.152466725113573,"no SS",1
102265,150,1,1,4,1.03535745716209e-05,1,1,1,0,1,2.7225,1.04141441838133e-09,0,82060,0,0,0,0,0,0,0,0,0,0,4.149377593361e-07,0,0,NA,NA,NA,NA,NA,-0.0113912133891213,0,0,NA,NA,NA,NA,-4.22815782292492e-08,NA,NA,NA,NA,"no SS",1
102346,54,1210,237,240,0.0174964503274859,7876,382,234,51.0783711564885,175,731.5,0.00066246746171041,1145,81568,0.0174087877599058,51.0783711564885,175,731.5,34.4818792991333,275,217,139,0.0125789473684211,737.5,9.87551867219917e-05,0,0,0.101153352850897,3.56834971524426,NA,NA,NA,3.04927824267782,0.213717034127567,0.144275645603068,10.4613668409895,5.95868184694905,9.95018839861815,5.25623260139149,7.27978751235267e-05,0.851307722300173,0.0994119294315318,0.700995589858603,0.0801596191542985,"no SS",1
102243,42,6206,238,240,0.0935038376085639,39928,2108,234,73,836,3157,0.00338825656475643,5915,79216,0.0935038376085639,73,836,3157,49.6487663492256,1492,1036,726,0.0608947368421053,3135,0.000487966804979253,0,0,0.173273832871643,5.94476852604353,NA,NA,NA,13.1978138075314,0.305439330543933,0.207735424055337,22.0792336028303,10.2025962881975,21.1044879860307,10.0186882367173,0.000391186618743635,0.872135427679748,0.208677278489928,0.712776003362432,0.166643189181575,"no SS",1
102303,54,6346,237,240,0.0944668173153397,39697,2172,234,65.1229606206597,829,2682,0.00348641519205352,5981,79213,0.0944668173153397,65.1229606206597,829,2682,42.5793377120875,1502,1076,709,0.0687894736842105,2668,0.000485892116182573,0,0,0.204362680268863,6.74628839601117,NA,NA,NA,11.2103661087866,0.272481006781003,0.178156224736768,19.1631292628272,7.64623020100509,18.4044538014594,7.74002357850268,0.000395174194233113,0.889000195729899,0.244095772442589,0.733083537461267,0.195100469728601,"no SS",1
102106,90,2334,238,240,0.0345782492057016,16621,784,234,37.8021163428716,340,880.5,0.00145834393427267,2234,80889,0.0345782492057016,37.8021163428716,340,880.5,22.8254244210267,563,425,277,0.0243157894736842,847.5,0.000198755186721992,0,0,0.212035779963166,6.85792552786365,NA,NA,NA,3.67270920502092,0.158167850806994,0.0955038678704044,12.6058963811443,4.96812713323759,11.5952288194986,4.8893497476789,0.000144508429973693,0.882226685362401,0.203625509609785,0.739761279305617,0.162638322655795,"no SS",1
102365,42,4891,238,240,0.0710907589520306,32470,1676,234,62.3618473106755,627,2015.5,0.00275288659845593,4601,79926,0.0710907589520306,62.3618473106755,627,2015.5,35.3553390593274,1081,826,530,0.0530526315789474,1909.5,0.000380912863070539,0,0,0.220813405199389,7.21946704895619,NA,NA,NA,8.42166317991632,0.26092823142542,0.147930288951161,16.3075538813196,6.15701204694684,15.606401901576,6.03460942082113,0.000297408504497252,0.894967269619442,0.227872468417886,0.746601545625502,0.184519751353519,"no SS",1
102246,54,2760,237,240,0.0422698893490758,17289,898,234,49.3963561409139,394,1262,0.0015649469572357,2658,80885,0.0422698893490758,49.3963561409139,394,1262,32.310988842807,761,483,347,0.0304736842105263,1138,0.000224896265560166,0,0,0.177980452647205,6.08314554495666,NA,NA,NA,5.26894351464435,0.206679314397129,0.135192421936431,14.1231962450273,6.42469916865794,12.9503984685808,6.16402824399353,0.000176819098796314,0.866381630991347,0.191594284113197,0.698017024428881,0.14894928551415,"no SS",1
102275,90,3498,238,240,0.0513398534137939,21343,1156,234,63.1268564083465,466,1960.5,0.00189359217559825,3291,80637,0.0511675781589097,63.1268564083465,466,1960.5,37.3363094051889,835,589,407,0.0387368421052632,1931.5,0.000268879668049793,0,0,0.199211242621948,6.69753498380208,NA,NA,NA,8.18014644351464,0.259945005892663,0.152034767385728,15.9940253402025,6.86818169566645,15.1946257018226,6.80694086310396,0.000213963590242968,0.872742710601636,0.161178171022306,0.721061449888405,0.128559709363647,"no SS",1
102012,114,5298,238,240,0.0802714395630731,35782,1880,234,78.0896920214186,735,3112.5,0.00305582248785447,5073,79281,0.0802714395630731,78.0896920214186,735,3106.5,47.0744091837593,1291,925,613,0.0552631578947368,3156,0.000432365145228216,0,0,0.17677516964044,5.93007703882645,NA,NA,NA,12.9865167364017,0.326735113060329,0.196964055162173,18.1765504517451,7.76027438102244,17.3039556297297,7.67396619354244,0.000335778436747082,0.878687814118142,0.175597373213399,0.726176256326492,0.139975718779317,"no SS",1
102136,90,5472,238,240,0.0805099117010701,34126,1924,234,67.0820393249937,723,2228,0.00292526911790036,5148,79520,0.0793008048289738,67.0820393249937,723,2228,40.853396431631,1158,932,583,0.0567894736842105,2213,0.000419502074688797,0,0,0.205042963717946,6.96537397261809,NA,NA,NA,9.31078451882845,0.280677988807505,0.170934713103059,18.9056706545171,8.57637856941919,18.2804215013091,8.22312429567345,0.000331678629518618,0.891733056382583,0.232813999852322,0.748270514339295,0.190061286273352,"no SS",1
102028,54,2714,237,240,0.0407627863233056,19161,903,234,45.7930125674212,373,1245,0.00159029035600231,2630,80809,0.0407627863233056,45.7930125674212,373,1241,24.4131112314674,664,483,311,0.0285789473684211,1235,0.000232780082987552,0,0,0.248416545454187,8.63551574597205,NA,NA,NA,5.18107740585774,0.191602563043604,0.102146908918274,13.5052649690507,5.74457147226628,12.8876142945273,5.61733371270433,0.000170471871628677,0.883083787727383,0.189987311108548,0.727829279300878,0.151689929634329,"no SS",1
102237,54,4290,238,240,0.0650564570403051,27239,1426,234,69.6347614342147,583,2436,0.00232701766329751,4158,80238,0.0650564570403051,66.7532770731145,583,2379.5,38.0788655293195,1062,753,501,0.0431578947368421,2465,0.000344813278008299,0,0,0.144995411044025,5.10136123256675,NA,NA,NA,9.94467573221757,0.27930241453186,0.159325797193806,17.6640119205334,7.83955663523112,16.951430342135,7.75383433329521,0.000272160434619137,0.864409072336432,0.178730397863453,0.717709130206006,0.142368006573992,"no SS",1
101883,78,5869,238,240,0.0874889295624963,38453,2069,234,78.1600921186765,799,3243.5,0.00335920902389504,5502,78731,0.0871829393758494,78.1600921186765,799,3243.5,50.2493781056044,1362,1025,680,0.0638421052631579,3221.5,0.000480497925311203,0,0,0.20673723405665,7.05610022964916,NA,NA,NA,13.5597384937238,0.327029674136722,0.210248443956504,22.5813241078226,11.4740525000499,21.6699531908709,11.0440991439531,0.000364698288951493,0.87833537585932,0.182567758065803,0.727673181820557,0.146341463414634,"no SS",1
102295,102,249,238,240,0.00355355408765433,879,84,234,11.0453610171873,32,46.5,7.62954070672801e-05,221,82218,0.00332044077939137,11.0453610171873,32,46.5,6.08276253029822,52,35,26,0.00247368421052632,46,1.41078838174274e-05,0,0,0.263513525080291,11.5388895957169,NA,NA,NA,0.194560669456067,0.0462148996535032,0.0254508892481097,3.37983269617212,1.49659619928735,3.13095614674155,1.42353098946976,1.38930576543572e-05,0.870415695415695,0.0801056338028169,0.711416515583182,0.0648474178403756,"no SS",1
102176,102,2953,238,240,0.0435104011458008,19953,1024,234,53.0094331227943,411,1638,0.00173295083914996,2821,80697,0.0431862398850019,53.0094331227943,411,1630,30.4795013082563,664,516,332,0.0315789473684211,1478,0.000245228215767635,0,0,0.245341019996472,8.25213412096302,NA,NA,NA,6.80869246861925,0.221796791308763,0.127529294176805,14.4783644285782,6.12191148424534,13.2859867964466,5.84591771925219,0.000180568752955849,0.879206888145177,0.161867162099396,0.735905499575083,0.131026474686484,"no SS",1
102016,66,4194,239,240,0.0628267678217142,24370,1401,234,60.1331855134916,579,2184.5,0.0021840590262614,3989,80141,0.0628267678217142,60.1331855134916,579,2184.5,33.5261092284804,1046,732,497,0.0447894736842105,2130.5,0.000325726141078838,0,0,0.161768619612867,5.70481474080756,NA,NA,NA,9.12877615062762,0.251603286667329,0.140276607650546,17.0161437767075,7.23943514609207,16.2125911562745,7.17050330649356,0.000262831286241171,0.872168794767224,0.183224163027656,0.72276260689528,0.145160116448326,"no SS",1
102406,126,1,1,22,1.37038864221893e-05,1,1,1,0,1,2.7225,2.85948592828539e-09,0,82007,0,0,0,0,0,0,0,0,0,0,4.149377593361e-07,0,0,NA,NA,NA,NA,NA,-0.0113912133891213,0,0,NA,NA,NA,NA,-4.20576008283665e-08,NA,NA,NA,NA,"no SS",1
102183,78,4223,238,240,0.0636903376018626,29652,1467,234,57.8013840664737,592,1997,0.0024803435477593,3993,79924,0.0634727991592012,57.2013985843004,592,1997,35.1140997321589,1080,752,526,0.0422631578947368,1981,0.000355601659751037,0,0,0.179404382589674,6.13275931920308,NA,NA,NA,8.34425732217573,0.239336395750211,0.146920919381418,16.5817270259777,6.56649054166252,16.1965871541375,6.45059732036728,0.00026549324926964,0.857370836080971,0.203694037341899,0.698161510849231,0.160329251154387,"no SS",1
102083,30,5233,238,240,0.0791029076610985,29866,1754,234,72.0902212508742,714,2705.5,0.00264803832773138,4950,79858,0.0791029076610985,72.0902212508742,714,2705.5,44.4184646290256,1367,880,614,0.0528947368421053,2696,0.00040207468879668,0,0,0.145409922017297,5.25160018888926,NA,NA,NA,11.3086924686192,0.301632724899055,0.185851316439438,17.8912674567654,7.43686476386952,16.9533442273793,7.12236819781144,0.000330931951366814,0.864095469515773,0.195506174367862,0.703062272703765,0.153198601095602,"no SS",1
102529,222,1,1,6,1.03925256955198e-05,1,1,1,0,1,2.7225,2.03890523958316e-08,0,82018,0,0,0,0,0,0,0,0,0,0,4.149377593361e-07,0,0,NA,NA,NA,NA,NA,-0.0113912133891213,0,0,NA,NA,NA,NA,-4.20339399685561e-08,NA,NA,NA,NA,"no SS",1
102158,102,4097,238,240,0.0598063038448571,25049,1369,234,62.1691241694782,546,1732.5,0.00230238245178463,3871,80124,0.0595452049323549,62.1691241694782,546,1732.5,34.928498393146,900,716,443,0.0436315789473684,1756.5,0.000307883817427386,0,0,0.212907417649955,6.80225514011189,NA,NA,NA,7.23756276150628,0.2601218584497,0.146144344741196,15.500773306601,6.99622230248078,14.7321143616657,6.66803264171184,0.000248972415646079,0.894689408745385,0.214340266858349,0.748211650176598,0.173907183611124,"no SS",1
102012,54,7977,237,240,0.120243843090045,47429,2756,234,85.615419172016,1016,3584.5,0.0040173008309853,7521,78083,0.120243843090045,85.615419172016,1015,3584.5,45.2769256906871,1868,1316,839,0.082421052631579,3698.5,0.000583402489626556,0,0,0.165332937443624,5.69438824790043,NA,NA,NA,14.9865167364017,0.358223511179983,0.189443203726724,22.2219736974861,9.41773066936908,21.6619392585337,9.21132011562779,0.000502984460397199,0.894652127970032,0.23401709827771,0.74421389060072,0.18745793973231,"no SS",1
102023,114,5131,238,240,0.0751772739210365,38178,1779,234,74.2159012611179,701,2549,0.00334599361756347,4809,79389,0.0749977956643868,74.2159012611179,700,2549,39.8120584747888,1145,891,562,0.0575263157894737,2506,0.000432365145228216,0,0,0.195236282015499,6.03119827103577,NA,NA,NA,10.6538807531381,0.310526783519322,0.166577650522129,17.7481188353351,7.94201401912128,16.9230574866716,7.48688903791615,0.000313671164119366,0.886273063701894,0.195585046974575,0.744542541649155,0.157972537941003,"no SS",1
102264,42,2759,239,240,0.0425895644418017,14162,913,234,58.0344725141876,368,1651.5,0.00125056379127444,2681,80724,0.0425895644418017,58.0344725141876,368,1648.5,36.3455636907725,757,475,354,0.0255263157894737,1653,0.000193360995850622,0,0,0.152101616615683,5.51506723310719,NA,NA,NA,6.88609832635983,0.242822060728819,0.15207348824591,15.8272375036877,7.74952941322969,15.5850244204184,7.90153426885659,0.000178156163398535,0.846425681853067,0.149562796363162,0.683635450374427,0.116631139339627,"no SS",1
102085,54,5558,238,240,0.0843589000718002,32471,1840,234,73.7902432574931,772,2636,0.00280561157268114,5274,79387,0.0843589000718002,73.7902432574931,772,2615,45.3541618817943,1423,969,638,0.056,2573.5,0.00043195020746888,0,0,0.178629651470073,6.50571028075234,NA,NA,NA,10.9300313807531,0.308745787688256,0.189766367706252,19.4053110670113,8.23581314108523,19.0401618005215,8.06934045541418,0.000352839531684716,0.857077055527858,0.212616674074544,0.706558243499698,0.167439202489047,"no SS",1
102207,54,4232,238,240,0.0659794586364828,25924,1397,234,78.3134726595622,601,2808.5,0.0021941527674971,4100,80131,0.0659794586364828,78.3134726595622,601,2808.5,42.2965719651132,1187,739,522,0.0436842105263158,2831.5,0.000346058091286307,0,0,0.147033329763106,5.51684413604809,NA,NA,NA,11.7396548117155,0.327671433722018,0.176973104456541,18.7302950662802,9.2312887363249,17.6992039455105,9.08321323070977,0.000276021964227017,0.851046117250722,0.153763378315496,0.689899329193076,0.11924150767799,"no SS",1
102400,66,4961,237,240,0.0744838585080801,29942,1719,234,70,667,2514,0.00254669475162894,4738,80259,0.0744838585080801,70,667,2485.5,38.4707681233427,1240,860,584,0.0517368421052632,2462.5,0.000373029045643154,0,0,0.184550422467775,6.39414775983128,NA,NA,NA,10.388190376569,0.292887029288703,0.160965557001434,18.0128136044144,7.84416301927458,17.1616684367327,7.75635511429923,0.000311563470023152,0.877032255591807,0.19681306380457,0.720035156354622,0.155988674524264,"no SS",1
102222,78,3048,237,240,0.0455407264210565,18610,1077,234,45.6179789118282,433,1280.5,0.00162666596796247,2922,80697,0.0455407264210565,45.6179789118282,433,1280.5,27.2029410174709,753,540,358,0.0324736842105263,1183,0.000238589211618257,0,0,0.163997194125098,5.68589528949143,NA,NA,NA,5.33495815899582,0.186686104233591,0.109635736474774,13.2513902738331,5.29955200796255,12.3884086772582,5.04906509475096,0.000190461962610621,0.873736310434935,0.206890727917581,0.722374542706101,0.164499239993244,"no SS",1
102158,102,4655,238,240,0.0700197353823876,28897,1553,234,78.390050389064,650,3264,0.00243136808932554,4427,79682,0.070003262970307,78.390050389064,650,3264,49.335585534176,1151,793,561,0.0464210526315789,3249.5,0.000370954356846473,0,0,0.204363422981627,7.36163851682667,NA,NA,NA,13.6455125523013,0.327991842632067,0.20642504407605,18.448434033669,8.51633022038797,17.6757678920689,8.5669388099817,0.000292858606097054,0.849705356205433,0.143397002493637,0.694718070516155,0.113807552893391,"no SS",1
102265,30,3302,237,240,0.0485759237407742,24627,1109,234,52.8015151297763,481,1460.5,0.00215649651860015,3128,80538,0.0485360947627207,52.8015151297763,481,1460.5,26.9258240356725,781,589,390,0.0347894736842105,1439,0.00029253112033195,0,0,0.260005128036834,8.38472058648895,NA,NA,NA,6.09948744769874,0.220926841547181,0.112660351613693,14.0731673216748,5.24414840967193,13.3858041800525,5.12399403782235,0.000202910547333752,0.89616787798616,0.200420426579163,0.740306705185663,0.160377358490566,"no SS",1
102321,30,4336,238,240,0.063832171314741,34207,1463,234,62.00806399171,622,2110.5,0.00292610140691432,4131,80320,0.063832171314741,62,622,2092.5,35.8468966578698,996,771,498,0.0479473684210526,2109.5,0.000391286307053942,0,0,0.248578295138665,7.95876927863549,NA,NA,NA,8.74383891213389,0.259414225941423,0.149987015304895,17.1037676650322,7.58103685870702,16.4549101506676,7.16048894803468,0.000266996768849435,0.880521660212234,0.197260590204301,0.733016464447095,0.158939632949867,"no SS",1
102381,54,1,1,1,1.00007000490034e-05,1,1,1,0,1,2.7225,2.04875076023534e-14,0,81613,0,0,0,0,0,0,0,0,0,0,4.149377593361e-07,0,0,NA,NA,NA,NA,NA,-0.0113912133891213,0,0,NA,NA,NA,NA,-4.18439332594286e-08,NA,NA,NA,NA,"no SS",1
102037,162,2028,238,240,0.0300397005862904,9036,667,234,45.8039299623951,275,1127.5,0.000818774709902109,1935,81359,0.0300397005862904,45.8039299623951,275,1127.5,30.1496268633627,509,346,229,0.0174210526315789,1121,0.000135684647302905,0,0,0.139170677146608,5.39644505984331,NA,NA,NA,4.71757322175732,0.191648242520482,0.126149066373902,13.212374112726,5.90873424267554,12.433685470411,5.84475464220647,0.00012568912379201,0.843001267720947,0.136262265834077,0.700861173315743,0.107883586083854,"no SS",1
102135,66,3935,238,240,0.0584219218869943,26227,1291,234,66.6033032213869,540,2086,0.00232627256140945,3764,80107,0.0583968941540689,66.6033032213869,540,2086,40.3112887414927,914,713,443,0.0438421052631579,2246,0.000329045643153527,0,0,0.20685824287537,6.96396228857536,NA,NA,NA,8.71664225941423,0.278674908876096,0.168666480089928,17.1316437875137,7.76645881032891,16.5821360724043,7.47546175117149,0.000244296445034061,0.891488507486176,0.173774145616642,0.737862464157979,0.139821693907875,"no SS",1
102284,54,3646,237,240,0.0522497213967311,21277,1223,234,73.0547739713155,499,1808.5,0.00197332454374844,3419,80264,0.0518414233030998,71.8679344353238,499,1808.5,36.4005494464026,742,618,382,0.0406842105263158,1834.5,0.000280912863070539,0,0,0.214816664660353,7.2604909235665,NA,NA,NA,7.55555439330544,0.300702654541104,0.152303554169049,16.3978240873348,8.17613541389437,15.1135445916851,7.55819301538167,0.000216824624624448,0.891215333821686,0.169552992950573,0.749901230231396,0.139317876207164,"no SS",1
101969,114,6020,238,240,0.0874191161791129,37178,2054,234,79.6492310069595,790,2772.5,0.00332619796787295,5647,79152,0.0871487770365878,79.6492310069595,790,2772.5,45.2769256906871,1251,1014,645,0.0650526315789474,2775.5,0.000457676348547718,0,0,0.227233595446122,7.43883098864603,NA,NA,NA,11.5890271966527,0.333260380782257,0.189443203726724,21.2262844851524,9.56661235093228,19.8538429428591,9.32073388970705,0.000364470406709353,0.887762365879072,0.210696722563304,0.747487499635911,0.172485414948532,"no SS",1
102179,102,2937,238,240,0.0444596103734955,17887,993,234,58.7962583843564,406,1715.5,0.00152030838620174,2812,80590,0.0444596103734955,58.7962583843564,404,1715.5,31.4006369362152,771,512,354,0.0286315789473684,1721.5,0.000238589211618257,0,0,0.165627196079777,6.15852864588707,NA,NA,NA,7.15504184100418,0.241825348888521,0.12719931772475,14.7515820932574,6.301749456732,13.7151170532786,6.08911782819628,0.00018594037736064,0.859250930736055,0.153113114824153,0.701815722867138,0.120165804880133,"no SS",1
102047,66,7034,237,240,0.107225959836107,47360,2535,234,82.975900115636,925,3437,0.00398734836888174,6777,79076,0.107225959836107,82.975900115636,925,3437,50.3289181286465,1702,1190,788,0.0719473684210526,3650.5,0.000549377593360996,0,0,0.244932661826822,7.98352317645285,NA,NA,NA,14.3693619246862,0.347179498391782,0.210581247400194,20.5127027240909,8.52975010761618,19.6550385698826,8.37160264579998,0.000448558710754066,0.897994749599837,0.217946740695044,0.744648681753341,0.174198025909932,"no SS",1
102000,90,5523,237,240,0.0799474462144851,41448,1836,234,74.2159012611179,784,2843.5,0.00370165958711936,5110,79338,0.0791802162897981,74.2159012611179,784,2843.5,41.2310562561766,1172,984,623,0.0627894736842105,2843.5,0.000470124481327801,0,0,0.226602582686611,6.85541096934912,NA,NA,NA,11.8860983263598,0.310526783519322,0.172514879732957,17.7153105715033,7.36939023710146,16.9819686340598,7.11945291561948,0.000331129042699844,0.888549044506578,0.188739334214638,0.742887225707677,0.153527220286023,"no SS",1
102283,30,5119,237,240,0.0742510074169246,34808,1794,234,64.5135644651572,670,2280.5,0.00301432411780611,4764,79649,0.0736732413464074,64.5135644651572,670,2278,41.7612260356422,1104,864,545,0.0584210526315789,2215,0.000410373443983403,0,0,0.335621558927414,10.8523745015339,NA,NA,NA,9.51998953974895,0.269931232071788,0.174733163329047,17.1348551049942,6.9652793836373,16.2662563816373,6.70434152019851,0.000308171659692497,0.899589481678171,0.216283955622719,0.752676659475579,0.175592495669161,"no SS",1
102352,114,0,1,-Inf,0,1,1,1,0,0,0,3.30827980725837e-09,0,82212,0,0,0,0,0,0,0,0,0,0,4.149377593361e-07,0,0,NA,NA,NA,NA,NA,0,0,0,NA,NA,NA,NA,0,NA,NA,NA,NA,"no SS",1
102430,102,4406,238,240,0.0654561869890154,28110,1463,234,56.0357029044876,590,1715,0.00241157819004974,4213,79748,0.0654561869890154,56.0357029044876,590,1715,29.8328677803526,1007,768,485,0.0476315789473684,1736,0.000349792531120332,0,0,0.170548822618528,5.86052577027069,NA,NA,NA,7.1643410041841,0.234459007968567,0.124823714562145,16.4418521851714,6.22939013598177,15.817353459343,6.04999823164364,0.000273833045190752,0.899773870851327,0.24501290776813,0.751638077840598,0.197747007744661,"no SS",1
102189,102,2391,238,240,0.0357789742699055,13868,793,234,49.8196748283246,354,1281,0.00122839140118749,2302,80606,0.0357789742699055,49.8196748283246,354,1281,28.6356421265527,582,432,277,0.0271052631578947,1243.5,0.000196265560165975,0,0,0.131366851997354,4.97928389478411,NA,NA,NA,5.34844142259414,0.208450522294245,0.119814402203149,13.7941261742282,6.0256147126981,12.997342470538,5.76106749258646,0.000149660808798157,0.859011722954741,0.155967768103402,0.713199829703098,0.124492996592937,"no SS",1
102144,54,7463,238,240,0.11197288583107,49541,2553,234,80.2122185206219,968,3567.5,0.00429643014846985,7078,78778,0.11197288583107,80.2122185206219,968,3567.5,41.7731971484108,1743,1235,833,0.0777894736842105,3536,0.000565145228215768,0,0,0.241358857842825,7.52216196815046,NA,NA,NA,14.9153870292887,0.335615977073732,0.174783251666991,20.6839010904132,8.36938706306672,19.6514093238037,8.08500762569812,0.000468463340107786,0.888674430664838,0.21993666940933,0.737325993460102,0.176477921559827,"no SS",1
102142,126,4845,238,240,0.0698320111992534,32720,1654,234,58.5234995535981,646,1881,0.0028110784595864,4495,79789,0.0689318076426575,58.5234995535981,646,1881,35.9026461420325,1005,817,521,0.0475789473684211,1830.5,0.000381327800829875,0,0,0.225103397678321,7.2656119029978,NA,NA,NA,7.84751046025105,0.24068409855062,0.146036176326496,16.6884680659981,7.18129414506003,16.0143075761688,7.09898289829218,0.000288247215053679,0.882157493467586,0.237181422226055,0.743269704684781,0.193841907801113,"no SS",1
102253,102,4021,238,240,0.0595319556589572,25260,1377,234,60.4152298679729,537,1962,0.00222808658782989,3809,80377,0.0595319556589572,60.0832755431992,537,1874,36.0555127546399,976,693,479,0.0421578947368421,2115,0.000316182572614108,0,0,0.176908013753015,5.97169555483757,NA,NA,NA,7.8296129707113,0.251394458339746,0.150859886002677,15.9992559840367,6.79672022977724,14.9823941787859,6.48395197869691,0.000249003224959546,0.86627893661541,0.194433157253149,0.712440431695881,0.15477448191792,"no SS",1
102164,66,4246,238,240,0.06116520647905,28019,1465,234,64.1326749792959,562,1997.5,0.00241741295416201,3950,80153,0.0605342282883984,64.1326749792959,562,1997.5,35.2278299076171,902,718,444,0.0467894736842105,1972.5,0.000342323651452282,0,0,0.246218415892161,8.28386523140813,NA,NA,NA,8.34634937238494,0.268337552214627,0.147396777856138,16.2552611604604,6.88609669447061,15.4135308835735,6.62007019532924,0.00025319606186451,0.912260668828567,0.191309833609337,0.76328348396214,0.155744815077675,"no SS",1
102125,54,7129,238,240,0.105776948864441,45998,2430,234,75.1664818918645,926,3099.5,0.00401062649621155,6711,78679,0.105339417125281,75.1664818918645,926,3099.5,43.4165866921848,1577,1201,794,0.0764210526315789,3109.5,0.000555186721991701,0,0,0.183188823920657,6.01653468011201,NA,NA,NA,12.9572280334728,0.314504108334161,0.181659358544706,20.2167132740625,7.96824533896754,19.1659871260177,7.86646839015,0.000440666809213253,0.886198514067021,0.235467924313881,0.740129674849589,0.190664242286494,"no SS",1
102160,66,4225,238,240,0.061501171340431,28029,1427,234,60.6712452484701,565,1970,0.00245628371197019,3971,80284,0.0610208758905884,60.6712452484701,565,1970,37.4833296279826,928,718,470,0.0425263157894737,1962,0.000324896265560166,0,0,0.204621715166515,6.41685838727515,NA,NA,NA,8.23128661087866,0.253854582629582,0.156834015179844,15.1881572509798,6.18794882159655,14.5734911696845,5.93977080704936,0.000255232318885398,0.880981546506745,0.194520547945205,0.732468268480038,0.157673218185428,"no SS",1
102246,90,2963,238,240,0.0430060314745915,20949,983,234,48.1663783151692,414,1257,0.00182340147952536,2772,80737,0.0424960055488809,46.1410879802373,414,1257,33.9705755029261,659,514,320,0.0316842105263158,1253,0.000250622406639004,0,0,0.234231555652192,7.63055053350511,NA,NA,NA,5.2480230125523,0.193058945524005,0.142136299175423,14.788294049178,6.49958641481775,14.3263933518995,6.56468624405176,0.000177765805025208,0.890117003581626,0.1936230248307,0.743713511215574,0.156433408577878,"no SS",1
102232,138,3189,238,240,0.0479397683014562,21403,1060,234,63.5137780328017,449,1985.5,0.00182465472332107,3061,80622,0.0479397683014562,63.5137780328017,449,1985.5,39.9624824053762,804,573,378,0.0348947368421053,1938.5,0.000253526970954357,0,0,0.16276822566696,5.38420931546833,NA,NA,NA,8.29614016736402,0.265748025241848,0.167207039353038,15.5715272105961,8.43172143623611,14.5604863155814,7.94424985780033,0.000200501523183888,0.877191762634986,0.147081208615572,0.730324890221776,0.116485272851815,"no SS",1
102183,126,4665,237,240,0.0684343404963293,28107,1741,234,67.4240313241503,591,2619.5,0.00241992636470543,4488,80027,0.0682644607444987,67.4240313241503,590,2619.5,47.169905660283,975,793,501,0.0488421052631579,2619.5,0.000350207468879668,0,0,0.16593418491116,5.70330732303075,NA,NA,NA,10.948859832636,0.282108917674269,0.197363622009552,18.6005175291453,8.46692323948046,17.7919312307785,8.08904173491504,0.000285540972977771,0.878418137003719,0.172057572989827,0.743372113916181,0.141349878743977,"no SS",1
102145,90,6273,237,240,0.0932033447262546,43274,2177,234,67.6756972627545,829,2507,0.0037025761080273,5976,79289,0.0932033447262546,67.6756972627545,829,2498.5,40.3608721412211,1414,1080,700,0.0699473684210526,2507.5,0.000502074688796681,0,0,0.183693470711791,5.89090431143303,NA,NA,NA,10.4425836820084,0.283161913233283,0.168873942013478,18.9134955303855,7.72319590866221,18.4114466780344,7.66968212095909,0.000389807199628099,0.903910096344348,0.2563035410814,0.752428601026376,0.207262511705338,"no SS",1
102228,54,1,1,11,1.152179924417e-05,1,1,1,0,1,2.7225,1.33242412460586e-16,0,82265,0,0,0,0,0,0,0,0,0,0,4.149377593361e-07,0,0,NA,NA,NA,NA,NA,-0.0113912133891213,0,0,NA,NA,NA,NA,-4.22914076758482e-08,NA,NA,NA,NA,"no SS",1
102291,78,1189,238,240,0.0176509667369193,7544,405,234,39.446165846632,170,565,0.000652954937938607,1151,81537,0.0176239008057692,39.446165846632,168,565,33.4215499341368,286,214,132,0.0125789473684211,569.5,9.87551867219917e-05,0,0,0.285425638091024,10.2843769083236,NA,NA,NA,2.35262552301255,0.165046719023565,0.139839121063334,12.5579054410701,6.70448718554827,11.3217680871954,6.27984308708804,7.36980411435473e-05,0.895362009087499,0.127450110864745,0.750362059509118,0.102084257206208,"no SS",1
102236,78,3597,238,240,0.0530257361465337,27367,1164,234,57.1401785086466,514,1818,0.00238373974421831,3402,80354,0.052704283545312,57.1401785086466,514,1818,35.4682957019364,833,627,427,0.0381578947368421,1798.5,0.000315352697095436,0,0,0.223501134802951,7.06651010089077,NA,NA,NA,7.59530334728033,0.239080244806053,0.148402910886763,14.8999996185819,6.19399505757174,14.012885597439,5.75660148136448,0.000220478031506277,0.891930015000155,0.178143271778909,0.736155568130348,0.143103520800909,"no SS",1
102033,78,3907,237,240,0.0563980768116782,24653,1310,234,63.2534584034739,532,2195,0.00217464685172101,3682,80398,0.0560461703027439,63.2534584034739,532,2195,36.7151195013716,824,678,444,0.0403684210526316,2172.5,0.000308298755186722,0,0,0.186920896645256,6.29739967820216,NA,NA,NA,9.17270920502092,0.264658821771857,0.153619746867664,17.3378486356617,8.09106718107158,16.4233282328994,7.84054233246868,0.000234417814609453,0.872383358684483,0.157304939780066,0.738996004656354,0.128539012043987,"no SS",1
102291,54,4007,237,240,0.0580108436132113,21957,1290,234,56.5685424949238,527,1817,0.0019786314835173,3807,80416,0.0580108436132113,56.5685424949238,527,1817,30.886890422961,858,679,415,0.0391052631578947,1816.5,0.000296265560165975,0,0,0.216506223704871,7.65967066179748,NA,NA,NA,7.59111924686192,0.236688462321857,0.129233851142096,15.435401434645,6.25901837444415,14.5318856854001,6.00082327581503,0.000242556285012879,0.888533852295188,0.197677867706259,0.750975740417532,0.161320394931989,"no SS",1
102193,66,3339,238,240,0.0508118008118008,19345,1069,234,67.1192967781993,458,2356,0.00163366209866039,3247,80808,0.0508118008118008,67.1192967781993,458,2336.5,41.182520563948,859,582,391,0.0292105263157895,2356,0.000260995850622407,0,0,0.15580030105914,5.87822684004835,NA,NA,NA,9.76475941422594,0.280833877733052,0.172311801522795,16.6629751826342,7.70447687080835,15.9612555225825,7.47614720870833,0.000212559136236474,0.859632128602843,0.134099741990267,0.707959935245745,0.1060452660113,"no SS",1
102201,30,3122,238,240,0.0448944070550012,20807,1036,234,59.4138031100518,416,1860.5,0.0017757039308658,2911,80303,0.0444815262194439,59.4138031100518,416,1860.5,32.7566787083184,661,543,338,0.0298947368421053,1835.5,0.000252282157676349,0,0,0.145444080042641,4.87965174257013,NA,NA,NA,7.77312761506276,0.2485933184521,0.137057233089198,14.6415558829336,6.46474033216526,14.0483185119411,6.54026664965973,0.000185986236519221,0.868327604248798,0.146064199550194,0.732062179913085,0.119034962175424,"no SS",1
102168,54,4038,238,240,0.0599181718855336,24600,1342,234,68.5930025585701,544,2250.5,0.00215169197659171,3860,80151,0.0599119162580629,68.5930025585701,544,2250.5,42.7551166528639,942,712,482,0.0443684210526316,2145,0.000310788381742739,0,0,0.186737732218703,6.42070949447165,NA,NA,NA,9.39353556485356,0.282815910286904,0.174707601058008,16.3543945403558,7.87483710464268,15.4837978782692,7.77337465200732,0.00025059350891279,0.878773588942425,0.167527211833659,0.729862353868,0.134663689645548,"no SS",1
102227,42,7655,238,240,0.115167641001369,51232,2640,234,78.4474346298207,1016,3444.5,0.00434700464095,7223,78173,0.115167641001369,78.4474346298207,1016,3444.5,47.0744091837593,1780,1302,869,0.0823157894736842,3498.5,0.000605809128630705,0,0,0.182233757328521,6.0273087512567,NA,NA,NA,14.3893514644351,0.324047843639417,0.192779954743763,21.6899912323021,9.52966382655749,21.2768382271136,9.36880336370308,0.000481788391230831,0.887305706021077,0.239971213050084,0.732871234188364,0.192526054855132,"no SS",1
102180,114,5228,238,240,0.0769298499389945,35576,1824,234,71.2179752590594,693,2399,0.00301555024772963,4945,79501,0.0769298499389945,71.2179752590594,693,2399,37.4833296279826,1171,892,571,0.0580526315789474,2423.5,0.000415767634854772,0,0,0.195827584933142,6.40074636607955,NA,NA,NA,10.0262656903766,0.297983160079747,0.156834015179844,17.4426450351622,6.47418769750723,16.6741599894613,6.56106348583863,0.000321711476038729,0.896054459414852,0.213793826685776,0.745858565351634,0.172859789561995,"no SS",1
102235,174,1,1,9,1.04548923668831e-05,1,1,1,0,1,2.7225,2.78555199270152e-10,0,82264,0,0,0,0,0,0,0,0,0,0,4.149377593361e-07,0,0,NA,NA,NA,NA,NA,-0.0113912133891213,0,0,NA,NA,NA,NA,-4.22854239902378e-08,NA,NA,NA,NA,"no SS",1
102389,54,5104,238,240,0.0746598441679265,34203,1738,234,57.4282160614449,676,2058.5,0.0029941418617201,4776,80000,0.0740875,57.4282160614449,676,2056,31.1126983722081,1151,853,565,0.0536842105263158,2063,0.000398340248962656,0,0,0.161045687366181,5.08344618205385,NA,NA,NA,8.5797280334728,0.234368211293188,0.120822721316771,17.0336204700939,6.66052626741732,16.5929378005917,6.72535285557689,0.000309904950093584,0.888898326341486,0.238568668491386,0.739642298733573,0.192239574947673,"no SS",1
102238,114,1039,239,240,0.0160179146119113,4410,353,234,26.4007575648882,132,339.5,0.000350847202943056,1002,81721,0.0160179146119113,26.4007575648882,132,339.5,15.6524758424985,307,164,122,0.0078421052631579,377,6.92946058091286e-05,0,0,0.137277856952795,6.27830912978334,NA,NA,NA,1.40911087866109,0.110463420773591,0.0654915307217512,8.35605321966446,3.58545927069173,7.75880138497132,3.64562446807667,6.69784637346703e-05,0.839139999816497,0.153188999414862,0.677121678313673,0.117261556465769,"no SS",1
102333,198,1,1,2,1.01859962922973e-05,1,1,1,0,1,2.7225,4.81915508058891e-08,0,82141,0,0,0,0,0,0,0,0,0,0,4.149377593361e-07,0,0,NA,NA,NA,NA,NA,-0.0113912133891213,0,0,NA,NA,NA,NA,-4.22461447118874e-08,NA,NA,NA,NA,"no SS",1
102376,210,867,238,240,0.0127060145874821,3630,304,234,22.561028345357,109,232.5,0.000320093586363646,838,81851,0.0127060145874821,22.561028345357,109,232.5,14.3178210632764,202,134,96,0.00715789473684211,251.5,5.26970954356846e-05,0,0,0.083530655437409,3.24211937092079,NA,NA,NA,0.961412133891213,0.0943976081395689,0.0599072011015747,6.56966212081286,3.13149670514587,6.58167298033408,3.43065769414204,5.31209435587529e-05,0.833360150723412,0.152291697173818,0.696190935081383,0.122711963684288,"no SS",1
102181,150,8,232,240,0.000121986923001854,32,4,198,2,2,5.445,1.21942457196008e-06,8,81976,0.000121986923001854,2,2,5.445,2,2,2,1,5.26315789473684e-05,0,1.2448132780083e-06,0,0,NA,NA,NA,NA,NA,0.0113912133891213,0.00836820083682008,0.00836820083682008,NA,NA,1,1.4142135623731,4.67855217587703e-07,NA,NA,NA,NA,"no SS",1
102327,54,5190,238,240,0.0775298794787865,32524,1763,234,73.6002717386288,695,2535,0.0028540670687846,4949,79737,0.0775298794787865,73.6002717386288,695,2535,48.0832611206852,1233,874,578,0.0551578947368421,2523.5,0.000411618257261411,0,0,0.198594758324413,6.81009567647589,NA,NA,NA,10.5953033472803,0.307950927776689,0.201185192973578,17.6168244052994,7.14024570919701,16.718414768547,6.95668871161392,0.000324350374676728,0.885205604407593,0.202456197805797,0.733543516912,0.1620763058785,"no SS",1
102014,30,3249,238,240,0.0464256368118324,20999,1082,234,50.8035431835222,434,1443.5,0.00184231857210362,3038,80697,0.0458877033842646,50.8035431835222,434,1434,29.1547594742265,665,557,349,0.0331052631578947,1432,0.00026597510373444,0,0,0.180488985563398,6.18849928312964,NA,NA,NA,5.98860878661088,0.212567126290888,0.121986441314755,14.4850003799484,6.19799806238914,13.7230142823059,5.91929165374556,0.000191913420502736,0.885976205507765,0.189411764705882,0.745491495447239,0.15539641943734,"no SS",1
102202,54,6712,238,240,0.0999081683110033,36865,2363,234,91.9238815542512,860,4068,0.00317315866627221,6300,78889,0.0997984509880972,91.9238815542512,860,4068,51.6236379965612,1573,1090,748,0.0648947368421053,4065,0.000470539419087137,0,0,0.194158202640117,6.80071882716449,NA,NA,NA,17.0095292887029,0.384618751273017,0.21599848534126,20.1726297455369,8.97233788822454,19.4419621676865,8.70715361440248,0.000417524638922802,0.876470965982222,0.175713074141856,0.725139330672648,0.140606168816676,"no SS",1
102098,30,5247,238,240,0.0770176013481884,36228,1756,234,67.4166151627327,694,2458,0.00310358508326905,4935,79466,0.0759947650567538,67.4166151627327,694,2458,44.2831796509691,1104,888,556,0.0578947368421053,2392,0.000428215767634855,0,0,0.221384398770183,7.26840190304401,NA,NA,NA,10.2731276150628,0.282077887710179,0.185285270506147,18.212972311552,8.25341071792629,17.847187828408,8.17593764581374,0.000317927509407929,0.890198319714461,0.206779661016949,0.745488839241022,0.168977914740627,"no SS",1
102229,126,4605,238,240,0.0686781441494018,30491,1627,234,69.2026011071838,617,2442.5,0.00262199250811871,4376,79782,0.0682610112556717,69.2026011071838,617,2442.5,46.690470119715,1070,782,516,0.0475789473684211,2465,0.000368464730290456,0,0,0.185137972591103,6.20445520002139,NA,NA,NA,10.2082740585774,0.289550632247631,0.195357615563661,17.7615458302311,9.09925684534373,16.9400114944565,8.34861119688053,0.000285525749760622,0.885763316104148,0.185990915610806,0.731632293893374,0.149448447798914,"no SS",1
102121,30,4713,238,240,0.069210890977866,29594,1624,234,75.538069872085,631,2880.5,0.0025409877254557,4432,80103,0.069210890977866,75.538069872085,631,2880.5,47.169905660283,1112,805,537,0.049,2894,0.000366390041493776,0,0,0.235907923490702,8.09604949487776,NA,NA,NA,12.040910041841,0.316058869757678,0.197363622009552,19.5061593890185,9.85574436096308,18.652298522425,9.73293037378662,0.000289542498032693,0.868970793240376,0.157196325280708,0.721239636741064,0.12566632641488,"no SS",1
102256,54,4374,238,240,0.0650094649795756,28368,1466,234,64.8845127900333,619,1994.5,0.00249654251829532,4156,80296,0.0650094649795756,64.8845127900333,619,1994.5,42.5440947723653,1064,787,514,0.0478947368421053,1997.5,0.000357261410788382,0,0,0.166216056399125,5.64670279738728,NA,NA,NA,8.33379707112971,0.27148331711311,0.17800876473793,18.1003351453379,7.94918363040183,17.6728344597653,7.95758601834485,0.000271963963091861,0.866903020612609,0.206389372133481,0.721264910601802,0.164320733828879,"no SS",1
102125,102,5761,237,240,0.0848743000872126,36216,1986,234,71.5681493403316,768,2467,0.00303494163632463,5407,79117,0.0848743000872126,71.5681493403316,768,2467,39.4588393138977,1308,981,620,0.0611578947368421,2777.5,0.000450207468879668,0,0,0.166839785247058,5.85828953608074,NA,NA,NA,10.3107845188285,0.299448323599714,0.165099746083254,19.7779166064478,8.56572886662225,18.5374509717352,8.33789089911129,0.00035508095255153,0.872960928230382,0.234823052175129,0.726868743390745,0.189082389145335,"no SS",1
102368,42,2758,238,240,0.0418991993862374,17597,909,234,56.8506816142076,402,1585.5,0.00147397517862199,2693,80813,0.0418991993862374,56.8506816142076,402,1585.5,33.1209903233584,693,506,321,0.0283684210526316,1585.5,0.000238174273858921,0,0,0.140450977233727,5.37832674227492,NA,NA,NA,6.6225,0.237868960728902,0.138581549470119,14.6545959241522,6.7321394895686,14.1563101782221,6.52429342357101,0.000175268726432008,0.875999068010164,0.148521800157909,0.725622162019434,0.118124396876919,"no SS",1
102313,174,4021,238,240,0.0611774956435151,22392,1307,234,71.5681493403316,553,2519,0.00193237603007986,3825,80340,0.0611774956435151,71.5681493403316,553,2519,44.4184646290256,1090,700,476,0.0393157894736842,2640.5,0.000311203319502075,0,0,0.184190985541637,6.99776390788758,NA,NA,NA,10.5283577405858,0.299448323599714,0.185851316439438,21.3512422053299,10.3140416493576,20.1734963181034,10.1284336386235,0.000255888283444698,0.864295965951665,0.155145202020202,0.703402013874639,0.120738636363636,"no SS",1
102080,54,5013,238,240,0.074310201889282,35653,1719,234,62.6258732474047,686,2342,0.00305768864001335,4714,79623,0.0740740740740741,62.6258732474047,686,2342,40.024992192379,1184,896,584,0.0538947368421053,2285,0.000433195020746888,0,0,0.208960469179649,7.04368525325895,NA,NA,NA,9.7877719665272,0.26203294245776,0.167468586578992,17.579235941247,7.33921430234158,16.6870778763223,7.1869001737994,0.000309890662888507,0.894179025273564,0.213796353354841,0.739700687048075,0.170877587269366,"no SS",1
102323,54,7800,238,240,0.118995716204912,46004,2754,234,85.615419172016,1020,4230,0.00408266815811386,7423,78902,0.118995716204912,85.615419172016,1020,4230,49.335585534176,1966,1332,885,0.0798421052631579,4216.5,0.000591286307053942,0,0,0.190370219129251,6.5392426885699,NA,NA,NA,17.6873535564854,0.358223511179983,0.20642504407605,22.8762587009789,10.3691456929813,22.0017058173993,10.3406306048412,0.000497805305278023,0.881240191215957,0.206869959899528,0.726944845112064,0.163552637377165,"no SS",1
102097,102,5788,238,240,0.0876008395923425,41685,2030,234,88.5437744847146,792,3054,0.00349859441072528,5576,79086,0.0876008395923425,88.5437744847146,792,3054,47.8016736108685,1352,1020,675,0.0645263157894737,3083,0.000474688796680498,0,0,0.159023116839893,5.13601150029901,NA,NA,NA,12.7668514644351,0.370476043869099,0.200007002555935,19.9848450900613,9.40247675087651,19.1940015032133,9.1553012587734,0.000366403459799158,0.877518699106224,0.190350587976701,0.727265897342338,0.15320364875261,"no SS",1
102390,42,2693,238,240,0.0408361087637322,18334,858,234,52.4785670536077,407,1393,0.00155163757690164,2590,80468,0.0408361087637322,52.4785670536077,407,1393,38.4187454245971,696,492,331,0.0283157894736842,1382.5,0.000233609958506224,0,0,0.179016901771406,6.41171573672168,NA,NA,NA,5.81706066945607,0.219575594366559,0.160747888805846,19.2007379820264,9.07206497708406,18.4285175025011,9.17611721070601,0.000170777606727211,0.86471041223856,0.167576113009332,0.710889838985694,0.132082207149778,"no SS",1
102582,66,1406,237,240,0.0206655635227064,9648,454,234,53.4883164812653,199,1056.5,0.000854758143205598,1342,81585,0.0206655635227064,53.4883164812653,199,1056.5,37.4432904536981,344,259,171,0.0156842105263158,1055,0.000117842323651452,0,0,0.171621598521807,5.69248215134129,NA,NA,NA,4.40911087866109,0.223800487369311,0.156666487253967,11.4641718756531,6.08080030923657,11.2460910765762,6.2182800638737,8.64245992381521e-05,0.844033678213667,0.0952757685352622,0.703909582870039,0.0758363471971067,"no SS",1
102128,102,6389,238,240,0.0956975473316802,42299,2236,234,78.5175139698144,857,3130,0.00360969505103571,6062,79073,0.0952537528612801,78.5175139698144,857,3130,50.9607692249636,1470,1108,724,0.0688421052631579,3135,0.000506224066390041,0,0,0.19477437221521,6.47360079411136,NA,NA,NA,13.0848430962343,0.328525163053617,0.213224975836668,22.2431715789089,10.3581583505785,21.5415374259083,10.2440446569569,0.00039846678770721,0.876557312050303,0.219144602851324,0.725240462212854,0.176374745417515,"no SS",1
102154,78,3815,238,240,0.054923713833845,23536,1328,234,53.084837759948,527,1563.5,0.0020860272553277,3553,80118,0.0548191417658953,53.084837759948,523,1563.5,32.0624390837628,839,664,425,0.0398421052631579,1535,0.000306224066390041,0,0,0.174790551021032,6.00850915773838,NA,NA,NA,6.53044979079498,0.222112291882628,0.134152464785618,15.4714511437524,6.53664106342946,15.0001576384953,6.22514482494298,0.000229242267632922,0.881892308308795,0.212440746831769,0.734933796175692,0.171858372835445,"no SS",1
102157,30,5540,238,240,0.0840681729301492,34597,1964,234,88.2383136738231,748,3475.5,0.00312252311052846,5283,79269,0.0840681729301492,88.2383136738231,748,3475.5,57.4282160614449,1381,974,671,0.0573157894736842,3483.5,0.000446058091286307,0,0,0.189450763900461,6.42682926119272,NA,NA,NA,14.530449790795,0.36919796516244,0.240285422851234,19.372664079451,9.57894331082548,18.4581254646537,8.87238904566815,0.000351706908875665,0.880366762999739,0.16541316057289,0.720796762731699,0.131134112741083,"no SS",1
102125,42,4785,238,240,0.0697568601829382,34089,1661,234,68.60029154457,632,2160.5,0.00303339965275369,4545,79802,0.0692965088594271,68.60029154457,632,2160.5,43.8292140016223,985,823,515,0.0532105263157895,2160.5,0.000391701244813278,0,0,0.190959596957736,5.85830700514236,NA,NA,NA,9.02835774058577,0.287030508554686,0.183385832642771,16.1932620817297,6.73307151241047,15.3959159367834,6.28624098477576,0.000289901293194739,0.910241699820245,0.211504627858946,0.765760478374946,0.173831561233076,"no SS",1
102039,54,4757,238,240,0.0716243148978575,34898,1650,234,74.3034319530397,660,2428,0.00296176467678773,4607,80280,0.0716243148978575,74.3034319530397,660,2428,47.169905660283,1143,851,573,0.0473157894736842,2491.5,0.000412033195020747,0,0,0.168591007839285,5.58229967693574,NA,NA,NA,10.1476046025105,0.310893020724015,0.197363622009552,17.8341251185167,7.18011303409405,16.8022267767647,6.99319704857668,0.000299598668672455,0.868493384713565,0.195285966580628,0.720376009226611,0.156466512702079,"no SS",1
102026,102,3782,238,240,0.0573668491786959,25633,1316,234,66.4906008395172,531,2170.5,0.00209192955820066,3670,80360,0.0573668491786959,66.4906008395172,528,2170.5,44.0113621693308,940,674,445,0.038,2110,0.000315767634854772,0,0,0.241681947341208,8.69628315789902,NA,NA,NA,9.05880753138075,0.274019250374549,0.179963858449083,15.8295834559335,6.63440527134536,15.140846469071,6.67085583959873,0.000239943935252014,0.873690745629335,0.161595625350533,0.725924522802252,0.128645541222658,"no SS",1
102008,18,3325,238,240,0.048907028223575,20385,1092,234,61.9838688692469,461,1772,0.00172430109718659,3146,80906,0.0486614095369935,61.9838688692469,461,1772,34.6698716467194,791,577,390,0.0348421052631579,1781.5,0.000268464730290456,0,0,0.181961552009254,6.61370849401852,NA,NA,NA,7.40283472803347,0.259346731670489,0.145062224463261,14.4014848607615,5.91454161619412,14.1067603099417,5.85777675208146,0.000203561697472279,0.870127328542258,0.162982281834741,0.717207540084025,0.13023679417122,"no SS",1
102087,54,6327,237,240,0.0928793664262481,46015,2181,234,76.0591874792257,829,3070,0.00381239694794912,5984,78813,0.0925608719373707,76.0591874792257,829,3070,47.169905660283,1311,1082,678,0.0697894736842105,3042.5,0.000511618257261411,0,0,0.236555098524325,7.54717995044529,NA,NA,NA,12.8337970711297,0.318239278155756,0.197363622009552,21.0906938466885,9.35440600444934,20.0559663913614,9.06285919261293,0.000387199342866858,0.89852169805706,0.208732724827606,0.757847043545366,0.17122092191479,"no SS",1
102275,222,1,1,5,1.04822901707565e-05,1,1,1,0,1,2.7225,2.97941248555855e-08,0,82316,0,0,0,0,0,0,0,0,0,0,4.149377593361e-07,0,0,NA,NA,NA,NA,NA,-0.0113912133891213,0,0,NA,NA,NA,NA,-4.24208978578168e-08,NA,NA,NA,NA,"no SS",1
102066,42,4372,238,240,0.0649786277501485,32389,1461,234,56.0892146495206,632,1937,0.00282889806776843,4171,79977,0.0647436137889643,56.0892146495206,632,1937,37.3630833845388,1007,802,503,0.0506842105263158,1898,0.000388796680497925,0,0,0.233149060058428,7.6476636747562,NA,NA,NA,8.10460251046025,0.23468290648335,0.156330892822338,16.9672185686327,7.25929648565507,16.390724041138,6.95302776327935,0.000270893781543784,0.900909553182319,0.22894283061414,0.751254758514877,0.184418800017686,"no SS",1
102337,90,1885,238,240,0.0272078347529225,11132,643,234,37.1214223865412,236,652.5,0.00101306888616452,1795,81215,0.0270393400233947,37.1214223865412,236,652.5,21.6333076527839,401,303,210,0.0177368421052632,639,0.000148547717842324,0,0,0.241906248527558,8.43459236944361,NA,NA,NA,2.71873430962343,0.155319758939503,0.0905159316016064,11.7453663258442,5.12230214815054,11.3754465383573,4.91570077602114,0.000113052121897973,0.898821729123345,0.187516010588336,0.753543379283148,0.153274699000939,"no SS",1
102288,54,5623,238,240,0.0838036578467727,36401,2012,234,73.24616030892,754,2597.5,0.00319665731763047,5329,79555,0.0838036578467727,73.24616030892,753,2594.5,45.7930125674212,1338,981,643,0.0621578947368421,2550,0.000447717842323651,0,0,0.168774136583143,5.59920288316455,NA,NA,NA,10.8442573221757,0.306469289995481,0.191602563043604,18.5463044109666,7.72535203236371,17.8010230310299,7.39444296634087,0.000350600427016556,0.881842108924,0.218920338871741,0.729847182522071,0.174985223615945,"no SS",1
102166,66,3341,238,240,0.0481068801384682,21295,1134,234,54.1479454827235,453,1305.5,0.00185003422897746,3077,80561,0.0472188776206849,54.1479454827235,453,1305.5,42.7200187265877,727,578,360,0.0328421052631579,1277.5,0.000267219917012448,0,0,0.183723172181236,6.28911387674606,NA,NA,NA,5.45095188284519,0.226560441350308,0.1787448482284,16.8479551616918,7.98269480560985,15.4227251528732,7.67320612724338,0.000197401035975599,0.874853294994152,0.206056009966957,0.731633511100804,0.166675694707762,"no SS",1
102163,138,2256,238,240,0.0346164736006303,15155,740,234,57.3149195236284,331,1206.5,0.00123003361216609,2176,81233,0.0346164736006303,57.3149195236284,331,1206.5,32.5576411921994,636,403,276,0.0214210526315789,1216,0.000196680497925311,0,0,0.163590689817869,6.10750347762447,NA,NA,NA,5.03672594142259,0.239811378759951,0.136224440134726,13.7603227861636,6.66588891773417,12.9459832581498,6.26583795151382,0.000144754455016228,0.862512003336289,0.151174668028601,0.699758750078113,0.116982957905489,"no SS",1
101931,42,5424,237,240,0.0788450082349231,36226,1931,234,68.5054742338158,696,2593.5,0.00301957017788844,5111,79637,0.07849366500496,68.5054742338158,696,2593.5,39.446165846632,1140,899,565,0.0586315789473684,2559,0.000421991701244813,0,0,0.223882982369505,7.40153494820304,NA,NA,NA,10.8400732217573,0.286633783405087,0.165046719023565,17.0286405430055,6.4802416159571,16.1142995341429,6.12963938389696,0.000328299763135551,0.897621604405458,0.199349427560034,0.755743228585572,0.162993908856077,"no SS",1
102170,42,3598,238,240,0.0528981917265296,21740,1136,234,60.5392434706612,481,1816,0.00187921245704887,3427,80740,0.0528981917265296,60.5392434706612,481,1816,36.0555127546399,844,611,413,0.0382105263157895,1852.5,0.000280082987551867,0,0,0.207266979234777,7.2980676259544,NA,NA,NA,7.58693514644351,0.253302273935821,0.150859886002677,15.0589014213064,6.3277740639734,14.2118397121722,6.0760787248791,0.000221204185291881,0.881334645125334,0.178501274710578,0.732789991740763,0.14322731642078,"no SS",1
102106,54,6061,238,240,0.0925608936564089,39666,1964,234,77.0778826901725,829,2932.5,0.00329532689956998,5776,78867,0.0925608936564089,77.0778826901725,829,2932.5,51,1524,1056,709,0.0591052631578947,2928.5,0.000473029045643154,0,0,0.206599397062279,7.03071695850171,NA,NA,NA,12.2584832635983,0.322501601214111,0.213389121338912,21.2041770091509,10.5827690172628,20.2268500564683,10.236840395503,0.000387241812370017,0.872966549052117,0.215886910747028,0.717089692955651,0.170816821434909,"no SS",1
102028,54,7784,238,240,0.116604809598861,53891,2678,234,82.4621125123532,1018,3762.5,0.00454877072146849,7412,78676,0.116604809598861,82.4621125123532,1018,3762.5,49.3963561409139,1762,1306,829,0.0793684210526316,3749.5,0.000610373443983402,0,0,0.206671860657225,6.61353339573215,NA,NA,NA,15.7198953974895,0.340845659047503,0.202495213978719,21.2342541460411,8.77078261812232,20.4799741598037,8.59182003780246,0.000487715371078498,0.893296405958183,0.222924209656647,0.744713294326044,0.180108376060069,"no SS",1
102284,126,0,1,-Inf,0,1,1,1,0,0,0,1.42099226501802e-24,0,82128,0,0,0,0,0,0,0,0,0,0,4.149377593361e-07,0,0,NA,NA,NA,NA,NA,0,0,0,NA,NA,NA,NA,0,NA,NA,NA,NA,"no SS",1
102043,42,7485,237,240,0.109123297010215,53024,2568,234,82.2982381342395,944,3188.5,0.00452314483605598,6976,78715,0.108340214698596,82.2982381342395,944,3188.5,49.4974746830583,1552,1211,794,0.0731578947368421,3127,0.000582157676348548,0,0,0.233813654026172,7.16836750331009,NA,NA,NA,13.3296129707113,0.344344092611881,0.207102404531625,20.4264872480591,9.20868766103117,19.755805318191,9.301940488668,0.000453135287503617,0.902073680555235,0.243212411590235,0.754681982210838,0.198950490531599,"no SS",1
102226,102,3924,238,240,0.0582964670695994,27459,1356,234,67.6756972627545,533,1940,0.0024354438479328,3750,80245,0.0582964670695994,64.8459713474939,533,1798,35.9026461420325,928,683,468,0.0427894736842105,2101.5,0.000330290456431535,0,0,0.221481234554873,7.12991815821002,NA,NA,NA,7.51162133891213,0.271322055847255,0.150220276744906,16.2200862637553,6.90255192034298,15.6491559892655,6.81779790801838,0.000243704334943425,0.868976664554828,0.198658060132495,0.719400431540884,0.159249193137421,"no SS",1
102269,42,3646,238,240,0.0535836389631379,22566,1191,234,68.47627326308,487,1743.5,0.00200255933260288,3444,80435,0.0535836389631379,68.47627326308,486,1743.5,48.0832611206852,866,639,405,0.0366842105263158,1747.5,0.0002850622406639,0,0,0.179947128407555,6.10107709089733,NA,NA,NA,7.28358786610879,0.286511603611213,0.201185192973578,16.05041714263,7.76982682101916,15.5310421355798,7.45232712668961,0.000224070895522378,0.883362102747603,0.182202494187275,0.733723608671853,0.145592897907419,"no SS",1
101909,42,4788,238,240,0.0718647954732408,27909,1726,234,85.3814968245462,614,2947,0.0024604861898507,4633,80234,0.0718647954732408,85.3814968245462,614,2947,54.644304369257,1133,812,543,0.0461578947368421,2930,0.000346887966804979,0,0,0.178459610408961,5.95302930373686,NA,NA,NA,12.3191527196653,0.35724475658806,0.228637256775134,21.4819742780419,12.5681871677734,20.183319110393,12.4413547750867,0.000300520457707638,0.877182799565885,0.159000661813369,0.728588009310785,0.127757555702625,"no SS",1
101881,90,5905,238,240,0.0872594636301994,44241,2009,234,78.873316146844,809,3264,0.00363367597258683,5576,79555,0.0865941801269562,78.873316146844,809,3124.5,47.4341649025257,1313,1009,667,0.0637894736842105,3378.5,0.000485892116182573,0,0,0.223715547171007,7.10727213228301,NA,NA,NA,13.0504393305439,0.325829774672987,0.194285208797179,19.7821248351469,9.4309763062611,18.8657225012075,9.23982039278209,0.000362234483572008,0.879204862189498,0.192430167597765,0.730891303632884,0.155754189944134,"no SS",1
102512,54,1545,238,240,0.0227808416668574,7312,557,234,37.2155881318568,191,650.5,0.000636455994871588,1456,81633,0.0226379037889089,37.2155881318568,188,645,26.3058928759318,392,256,171,0.0144736842105263,651,0.000103319502074689,0,0,0.131734929663359,4.98236386738595,NA,NA,NA,2.68735355648536,0.155713757873878,0.110066497388836,10.453373940015,4.86845332922716,10.3441386797709,4.86793893385689,9.4677008891055e-05,0.874486941355453,0.147462496010214,0.720296213757104,0.116182572614108,"no SS",1
102280,222,0,1,-Inf,0,1,1,1,0,0,0,2.5044172561729e-10,0,82149,0,0,0,0,0,0,0,0,0,0,4.149377593361e-07,0,0,NA,NA,NA,NA,NA,0,0,0,NA,NA,NA,NA,0,NA,NA,NA,NA,"no SS",1
102019,102,4745,237,240,0.0703182550285293,28047,1544,234,70.8307842678591,650,2583.5,0.002438712247007,4454,80093,0.0703182550285293,70.8307842678591,650,2583.5,44.5982062419555,1178,816,534,0.0441578947368421,2567.5,0.00036804979253112,0,0,0.191098448925483,6.81471737872375,NA,NA,NA,10.7982322175732,0.296363114091461,0.186603373397303,18.3192086973774,8.87193865524887,17.4467277707739,8.52827409488032,0.000294176432496855,0.875370419614234,0.173212363524527,0.726122241759081,0.136982930954944,"no SS",1
102280,162,5075,238,240,0.0739717772309546,32100,1714,234,78.587530817554,681,2329.5,0.00279307850445145,4764,79652,0.0739717772309546,78.587530817554,680,2329.5,41.1096095821889,1128,883,571,0.0533157894736842,2397,0.000406224066390041,0,0,0.168182567704744,5.78703594867419,NA,NA,NA,9.73547071129707,0.32881812057554,0.17200673465351,20.3574374435576,8.39978873562306,19.4130408842702,8.61359890398582,0.00030938066141109,0.882869499966975,0.208234670436473,0.735831598071403,0.168368969782647,"no SS",1
102237,222,487,238,240,0.00682706895446484,1459,142,234,15.8113883008419,58,122,0.000141799182833455,451,81940,0.00672443251159385,15.8113883008419,58,122,8.54400374531753,100,75,49,0.00315789473684211,116,2.69709543568465e-05,0,0,0.114194160397672,4.98532292523596,NA,NA,NA,0.499069037656904,0.0661564364051962,0.03574896964568,4.72418730932177,1.89528284529269,4.43563686287884,1.88301232772255,2.80934504746665e-05,0.807802962968404,0.101398601398601,0.674122034280219,0.0829959514170041,"no SS",1
102338,42,1695,237,240,0.0250634908893656,11113,584,234,43.2897216438267,250,1181.5,0.000901532814460614,1582,81114,0.0250634908893656,43.2897216438267,250,1181.5,28.4429253066558,451,302,209,0.0163684210526316,1153,0.00014896265560166,0,0,0.163330261918463,6.35472158014384,NA,NA,NA,4.93212343096234,0.18112854244279,0.119008055676384,12.7183001548557,5.29067203667958,11.6849109724919,4.98628763584821,0.000104825966420006,0.825498620299661,0.114277684092187,0.671370081386558,0.0889263631253513,"no SS",1
102155,126,4480,238,240,0.0682866309088175,31671,1473,234,67.0820393249937,623,2245.5,0.00243610828011754,4305,79796,0.0682866309088175,67.0820393249937,623,2245.5,46.0434577328854,1144,789,538,0.0473684210526316,2256,0.000377593360995851,0,0,0.192420040701913,7.06606400436925,NA,NA,NA,9.38400627615063,0.280677988807505,0.192650450765211,18.7495780201959,9.7260318344812,17.8354586790011,9.47949098106214,0.000285591342841496,0.871507167895551,0.200227823914162,0.715003707207649,0.158190637172044,"no SS",1
102106,30,2340,238,240,0.0343503110732891,15957,743,234,49.6487663492256,322,1164,0.00131996710009609,2248,81122,0.0340598111486403,49.6487663492256,322,1164,31.0644491340181,515,401,266,0.0262631578947368,1164.5,0.000198755186721992,0,0,0.208917335061767,7.43218367506355,NA,NA,NA,4.85890167364017,0.207735424055337,0.129976774619323,13.6479527576586,6.68991935241333,12.7553103383965,6.18650251083943,0.000142424981117889,0.889081140691211,0.167201210287443,0.739268496767808,0.136036308623298,"no SS",1
102457,30,3766,237,240,0.0556019493711907,24939,1197,234,55.1543289325507,527,1853,0.00218083634288515,3564,80231,0.0556019493711907,55.1543289325507,527,1853,41.0121933088198,897,671,425,0.0408947368421053,1880.5,0.000315767634854772,0,0,0.14822803501922,5.11685094779973,NA,NA,NA,7.74174686192469,0.23077125076381,0.171599135183346,17.779876589551,9.02881852208911,16.6934767934543,8.81433496942267,0.000232602074839552,0.875362341707869,0.18750788113152,0.731166800429062,0.149804547938296,"no SS",1
102189,54,3676,238,240,0.0566530328082847,24472,1279,234,59.9416382825828,523,1952,0.00201072274807768,3574,80437,0.0566530328082847,59.9416382825828,523,1952,35.7770876399966,983,656,462,0.0383684210526316,2103.5,0.00029792531120332,0,0,0.144266908867096,5.05943460369226,NA,NA,NA,8.15597280334728,0.250801833818338,0.149694927364003,16.0958612874147,7.53250961834077,15.4233351496464,7.37306846304213,0.000236999579302651,0.848022319333263,0.178642831941668,0.69101625447604,0.140107413069897,"no SS",1
101945,42,6686,238,240,0.0992261372724279,43753,2355,234,71.386273190299,889,2809,0.00380154538023852,6368,78993,0.0990214322788095,71.386273190299,887,2809,49.4772675074119,1454,1146,731,0.072,2928,0.00053402489626556,0,0,0.176979225796579,5.89699036867558,NA,NA,NA,11.7417468619247,0.298687335524264,0.207017855679548,20.9485370837343,9.89548661830844,20.4565321070633,10.0124253416351,0.000414189653607225,0.884261735320708,0.252746542587566,0.744324351330329,0.205764508207316,"no SS",1
102030,42,4035,238,240,0.0588572782718236,27168,1370,234,57.5586657246326,541,1885.5,0.00225042622674471,3824,80177,0.0588572782718236,57.5586657246326,541,1877.5,32.2024843762092,895,673,442,0.04,1888.5,0.00032655601659751,0,0,0.157982452695048,5.41292102760618,NA,NA,NA,7.84425732217573,0.240831237341559,0.13473842835234,16.9797949341566,6.79543352162407,16.0785462054206,6.82817134175881,0.000246222290072294,0.866290963409325,0.197183687113488,0.725681610313449,0.159786060504763,"no SS",1
102099,126,3393,238,240,0.0514795097189551,21806,1101,234,67.5351760196122,481,2024,0.00186584548752254,3288,80770,0.0514795097189551,67.5351760196122,481,2024,35.7770876399966,870,605,399,0.0329473684210526,2024.5,0.000282157676348548,0,0,0.253174100268805,9.03367261022629,NA,NA,NA,8.4572280334728,0.282573958241055,0.149694927364003,15.4290546097285,6.34117224910789,14.3351296215503,6.16870379518341,0.000215353613043982,0.871227375833177,0.157774910829476,0.719000613762398,0.124762844350004,"no SS",1
102299,150,1,1,9,1.03720452636055e-05,1,1,1,0,1,2.7225,8.57596545051134e-10,0,82075,0,0,0,0,0,0,0,0,0,0,4.149377593361e-07,0,0,NA,NA,NA,NA,NA,-0.0113912133891213,0,0,NA,NA,NA,NA,-4.20031362901805e-08,NA,NA,NA,NA,"no SS",1
102276,102,5309,238,240,0.0796643335591179,32404,1778,234,73.0068489937759,705,2431,0.00276433659245167,5047,79722,0.0796643335591179,73.0068489937759,704,2431,39.4588393138977,1304,887,594,0.0529473684210526,2446,0.000408298755186722,0,0,0.190912309608879,6.69869653082458,NA,NA,NA,10.1601569037657,0.305467987421657,0.165099746083254,18.3233698259665,7.52622690587856,17.7443669437848,7.59171988985029,0.000333156534752111,0.88467751644142,0.214662340296086,0.726173792358704,0.170587440005408,"no SS",1
102441,90,3018,238,240,0.0441293236067689,16998,1029,234,58.8302643203309,422,1615.5,0.00155053991283534,2858,80604,0.0441293236067689,58.8302643203309,422,1615.5,34,699,533,342,0.0354736842105263,1596,0.000235269709543568,0,0,0.163200608934691,5.85511902345457,NA,NA,NA,6.7480230125523,0.24615173355787,0.142259414225941,15.4346381282675,6.87935529452756,14.5821138550978,6.60668980429618,0.000184557902908894,0.868394711340734,0.155926705242855,0.728815606983315,0.12528493775206,"no SS",1
102148,42,4453,238,240,0.0643096545945443,26851,1568,234,69.4046107978425,587,2234.5,0.00243820350443252,4106,80008,0.0638811118888111,69.4046107978425,587,2234.5,45.6070170039655,1005,760,508,0.0498947368421053,2135.5,0.000343983402489627,0,0,0.201914038103244,6.75024357953312,NA,NA,NA,9.33798117154812,0.290395861078839,0.190824338928726,16.9937331748402,7.83913973229585,16.2109576523904,7.46521909029989,0.000267074694750715,0.882259353147166,0.18264008004574,0.731139367760914,0.146726700971984,"no SS",1
102186,54,7269,238,240,0.109233447414232,47196,2523,234,91.0823802938856,970,3513.5,0.00405169815634416,6850,78366,0.108541969731771,91.0823802938856,970,3513.5,49.9799959983992,1656,1243,803,0.0772105263157895,3479.5,0.000574273858921162,0,0,0.195816407936406,6.57601631961697,NA,NA,NA,14.6894456066946,0.381097825497429,0.209121322169034,21.5175584676129,10.3830457254839,20.7619260706,10.2694548615995,0.00045410886481545,0.892692027174294,0.21685149776928,0.740379506265023,0.174633524537922,"no SS",1
102214,42,6004,238,240,0.0892370915691811,37286,2148,234,84.154619599877,792,3130.5,0.00325539166179751,5704,79328,0.0892370915691811,84.154619599877,792,3130.5,48.7647413609464,1375,1032,689,0.0626842105263158,3092.5,0.000445228215767635,0,0,0.169488657117866,5.51678872594809,NA,NA,NA,13.0869351464435,0.352111379078983,0.204036574731993,21.1910695376871,10.6516373348253,20.2015980120967,10.0919195267372,0.000373292435989211,0.884189749788237,0.191671404976579,0.736250263941059,0.154441827092302,"no SS",1
102103,90,4386,238,240,0.0647843430565944,24522,1487,234,66.6408283261845,587,2018,0.00220058946113342,4172,80220,0.0647843430565944,65.7419196555744,587,2018,36.4005494464026,1025,735,461,0.0444736842105263,1997.5,0.000325311203319502,0,0,0.149501817683378,5.2018261359013,NA,NA,NA,8.43212343096234,0.275070793537968,0.152303554169049,16.9706100460529,7.52882286839344,16.3010271753635,7.15022122670121,0.000270979128262528,0.87493879837121,0.202296613468276,0.731117629043949,0.162397820163488,"no SS",1
102061,30,4509,238,240,0.067640556699995,31489,1571,234,80.4300938703916,648,2465.5,0.00259725873034354,4325,79612,0.067640556699995,80.4300938703916,648,2465.5,52.4976189936268,1060,813,527,0.0534210526315789,2458,0.000386307053941909,0,0,0.191646834834437,6.74241434913936,NA,NA,NA,10.3045083682008,0.336527589415864,0.219655309596765,17.1749380759807,8.18597191056837,16.3238073866099,7.36116013636036,0.000282930763006119,0.877177525000864,0.175687579524322,0.730199413204655,0.14110469478973,"no SS",1
102138,90,4066,238,240,0.0594214618973561,29017,1326,234,59.2030404624627,564,1904.5,0.00242074033607976,3820,80375,0.0594214618973561,59.2030404624627,564,1904.5,30.2654919008431,956,711,464,0.0453684210526316,1816,0.000343153526970954,0,0,0.16712795997876,5.6444581605141,NA,NA,NA,7.9572280334728,0.247711466370137,0.126633857325703,16.3856288191704,6.39032442974804,15.6403183753592,6.31970912533442,0.000248583033244316,0.889111612536255,0.202175845574229,0.731787575402562,0.161706811158617,"no SS",1
102447,90,3625,238,240,0.0522065686934248,20528,1228,234,70.3846574190711,476,2014,0.00182000468777228,3369,80162,0.0521444075746613,70.3846574190711,476,2014,40.0499687890016,811,607,395,0.0353684210526316,1973,0.000271784232365145,0,0,0.192905975927164,6.79313498866149,NA,NA,NA,8.4153870292887,0.294496474556783,0.167573091167371,15.5988026393509,6.96721031398055,14.6331254995163,6.85229410839463,0.000218049130270344,0.873686366872077,0.15345080763583,0.724764639150463,0.123678414096916,"no SS",1
102176,54,3080,238,240,0.0460406986856163,22913,1084,234,52.5547333738836,448,1403.5,0.00199542854765414,2978,80494,0.0460406986856163,49.7694685525172,448,1403.5,30.4138126514911,728,573,355,0.0328947368421053,1564.5,0.000273858921161826,0,0,0.172703775484207,5.67190427831755,NA,NA,NA,5.86099372384937,0.208240454194633,0.127254446240549,14.4747761010575,5.88296981302252,14.4944957147224,6.01545174526641,0.000192513492731921,0.872145581102712,0.191386077256765,0.730040341963153,0.153790539144805,"no SS",1
102145,66,4180,238,240,0.0623739950718073,26917,1399,234,61.8546683767685,586,1922,0.00233855771308479,3988,80354,0.0623739950718073,61.2943716828878,586,1922,39,1024,739,479,0.0430526315789474,1893.5,0.000339004149377593,0,0,0.177865548888243,6.11996745915407,NA,NA,NA,8.03044979079498,0.256461806204552,0.163179916317992,16.8996592914247,7.26203028488031,15.9074024541954,7.05287908993356,0.000260851527242038,0.879077804744576,0.203120567375887,0.72847751300402,0.161621073961499,"no SS",1
102170,54,3134,238,240,0.0453260731631346,19069,1100,234,52.3450093132096,409,1256,0.00169733921250265,2917,80824,0.0447144412550727,52.3450093132096,409,1256,27.1661554144122,697,537,354,0.0302631578947368,1258,0.000233609958506224,0,0,0.205730797764002,6.7143073925199,NA,NA,NA,5.24383891213389,0.219016775369078,0.113665922236035,13.7369674058301,6.21514352227425,13.2818955885105,6.17477128440122,0.000187005916393433,0.899777021423721,0.199602341765161,0.747023679718863,0.161106815420303,"no SS",1
101980,30,4752,237,240,0.0706003801946294,30496,1593,234,67.2011904656458,640,2443,0.00265763086493259,4556,79433,0.0706003801946294,67.2011904656458,640,2443,40.3112887414927,1052,813,525,0.0473684210526316,2372,0.00039253112033195,0,0,0.152919163627953,5.37489292477328,NA,NA,NA,10.2103661087866,0.281176529144961,0.168666480089928,18.5716266613706,8.63627939907999,17.9803842006316,8.38188011567423,0.000295272673717608,0.878009966993756,0.187646389613866,0.735476896189608,0.152445961319681,"no SS",1
102205,126,3183,238,240,0.0472156500663627,19268,1034,234,59.0338885725818,437,1495,0.00168652319092602,3019,80791,0.0467873896844946,59.0338885725818,437,1473,33.5261092284804,761,566,373,0.0318421052631579,1450.5,0.000244813278008299,0,0,0.156470997088924,5.37101487026047,NA,NA,NA,6.15178870292887,0.247003717876911,0.140276607650546,14.5780675334937,6.33008268874862,14.1153049762773,6.34803594899538,0.000195720903403183,0.855389334784375,0.1851217003771,0.714829277521144,0.147852490327636,"no SS",1
102164,42,4956,238,240,0.0731360339560158,32295,1811,234,94.0212741883453,666,3627,0.00281128990438169,4724,79763,0.0728533279841531,94.0212741883453,666,3627,48.0104155366312,1087,871,562,0.0527894736842105,3253.5,0.000397510373443983,0,0,0.148307588902663,4.96987689475783,NA,NA,NA,15.1643410041841,0.393394452670901,0.200880399734859,18.2371448973576,7.62167830081494,17.5262349749324,7.41866838305313,0.000304783502872156,0.875780019212989,0.137871310619721,0.736500813715176,0.112081237543893,"no SS",1
102235,54,3559,238,240,0.0508924874637715,24008,1186,234,62.4339651151519,482,1919.5,0.00200305474778807,3285,81040,0.0502714708785785,62.4339651151519,478,1919.5,40.8166632639171,789,609,387,0.0343684210526316,1902.5,0.000280912863070539,0,0,0.20420025785507,6.82839770996254,NA,NA,NA,8.01998953974895,0.261229979561305,0.170781017840657,14.7377385718945,5.90868266692988,14.0970615110047,6.04018475282801,0.000210298646427206,0.878662958609206,0.159059852418694,0.734219432646641,0.128255182914926,"no SS",1
102251,42,7405,238,240,0.11178016332206,49817,2537,234,89.8109124772708,977,3724.5,0.00428258267113831,7066,78832,0.111667850619038,89.8109124772708,977,3724.5,51.1077293567226,1737,1259,855,0.0772631578947368,3754.5,0.000573858921161826,0,0,0.205336069190949,6.56624910667107,NA,NA,NA,15.5722907949791,0.375777876473936,0.21383987178545,21.4109118205904,9.3590737343131,20.1635027634923,9.11973627130921,0.000467187606288236,0.881595609064871,0.212079599113424,0.73151065634161,0.170232244386624,"no SS",1
102184,42,3668,237,240,0.053696011847601,25021,1228,234,52.9528091794949,500,1439,0.00200435878130672,3478,80568,0.0534083010624566,52.9528091794949,500,1439,33,825,645,394,0.037,1424,0.000302904564315353,0,0,0.151000235767338,5.44063990991301,NA,NA,NA,6.00952928870293,0.221559871043912,0.138075313807531,16.6331778653679,6.90169674809004,16.0956388941859,6.8346842811078,0.000223423889770154,0.889451068890872,0.234995357981541,0.74471422120443,0.189940472939763,"no SS",1
102365,210,1,1,1,1.01179755954429e-05,1,1,1,0,1,2.7225,1.03587522729524e-09,0,82300,0,0,0,0,0,0,0,0,0,0,4.149377593361e-07,0,0,NA,NA,NA,NA,NA,-0.0113912133891213,0,0,NA,NA,NA,NA,-4.23346259223551e-08,NA,NA,NA,NA,"no SS",1
102207,42,3650,238,240,0.0533505094816981,22152,1199,234,61.0081961706786,497,1757,0.00191291951802305,3443,80253,0.0530572065841775,61.0081961706786,497,1757,33.6154726279432,815,637,393,0.0381578947368421,1751.5,0.000292946058091286,0,0,0.175538014879247,6.39665146685859,NA,NA,NA,7.34007322175732,0.255264419124178,0.140650513087629,16.3506703289424,7.09477438825564,15.5964666871623,7.01367650027939,0.000221912190538336,0.865502183355048,0.190916020266332,0.728937911019078,0.154373851051428,"no SS",1
102097,30,4992,237,240,0.0738886663996796,31865,1638,234,89.1403387922662,686,2936.5,0.00269270801831337,4705,79904,0.0738886663996796,89.1403387922662,686,2936.5,49.0102030193714,1199,871,575,0.0518421052631579,2955.5,0.000395020746887967,0,0,0.238370650987088,8.27309803322781,NA,NA,NA,12.275219665272,0.372972128837934,0.205063610959713,18.5563058960001,8.93935423825596,17.7208682636758,8.89514856613478,0.000309115694459946,0.879157606950185,0.169694182570706,0.729469885409888,0.13523223729593,"no SS",1
102255,78,3700,237,240,0.0545850170966739,26124,1312,234,57.974132162543,509,1562,0.00215988294488521,3485,80425,0.0545850170966739,57.974132162543,509,1553.5,33.8378486313773,905,643,427,0.0360526315789474,1544,0.000320331950207469,0,0,0.190207849246851,6.71908463105696,NA,NA,NA,6.47721757322176,0.238385490219845,0.137396856198231,15.4220696262251,6.1316199495296,14.8529675467757,6.14129519709117,0.000228261689736854,0.874018347420945,0.212128533462189,0.720248864138011,0.168398163807683,"no SS",1
102105,30,3942,238,240,0.0585531151503071,25953,1335,234,55.659680200303,548,1821,0.0022946847783065,3730,80269,0.0585531151503071,55.659680200303,548,1821,34.928498393146,970,707,466,0.043,1794.5,0.000329875518672199,0,0,0.183530897269987,6.27647052899199,NA,NA,NA,7.60785564853556,0.232885691214657,0.146144344741196,16.3889201077722,7.15540801999959,15.4633365448451,6.80514434127106,0.00024494987427863,0.884366950950075,0.203208093735138,0.730685394424981,0.161269402049375,"no SS",1
102123,126,2804,238,240,0.0414128960670694,16314,980,234,48.2700735445887,360,1399,0.00135505357599069,2697,81110,0.0414128960670694,48.2700735445887,360,1399,27.2029410174709,662,476,318,0.0242105263157895,1386.5,0.000206224066390041,0,0,0.148287466472245,5.34403283069785,NA,NA,NA,5.84216527196653,0.201966834914597,0.113819836893184,13.8072804833552,6.25437734356561,13.0869020571721,6.17650989916666,0.000173233466204392,0.872355786926687,0.174086550919927,0.728919076586837,0.139777144337911,"no SS",1
102099,18,3094,238,240,0.0450820145880775,21625,1045,234,60.1664358259653,425,1798,0.00185960736786301,2910,80640,0.0446056547619048,60.1664358259653,425,1798,36.2491379207837,687,542,334,0.0362105263157895,1782,0.000261825726141079,0,0,0.20035750710716,6.71184957907885,NA,NA,NA,7.51162133891213,0.251742409313662,0.151670033141354,14.7375356316545,7.20566271538523,14.0611782546874,6.90836914031059,0.00018659217883962,0.902039406647473,0.151344300921446,0.753349027706107,0.122438675474397,"no SS",1
102231,102,2799,238,240,0.0406908253806997,19270,902,234,51.9711458407451,406,1415,0.00168752559134554,2592,80679,0.0403202816098365,51.9711458407451,406,1415,40.1123422402632,661,497,332,0.0301578947368421,1539.5,0.000243983402489627,0,0,0.169915008749098,5.86797202172316,NA,NA,NA,5.89771966527197,0.213268392639101,0.163649967532482,14.6827995450172,6.5311042858855,14.0635377573928,6.6062656835891,0.000168619356439245,0.885388729234354,0.164143707740438,0.729899390685066,0.130790190735695,"no SS",1
102299,30,3415,239,240,0.0508743840836033,21412,1179,234,55.4436651025164,447,1572,0.00185642211369144,3300,80571,0.0508743840836033,55.4436651025164,447,1572,33.4215499341368,799,569,380,0.0322631578947368,1623,0.000261825726141079,0,0,0.128350314725318,4.27568162337238,NA,NA,NA,6.56601464435146,0.231981862353625,0.139839121063334,15.3006621650911,7.19958591921733,14.3273761713304,6.88592412171839,0.000212820507119318,0.882806757548975,0.187769125057261,0.736791284450014,0.151168117269812,"no SS",1
102348,102,2045,238,240,0.0298978900336538,11452,693,234,47.5078940808788,289,1226.5,0.00103594148636778,1929,81224,0.0297941495124594,47.5078940808788,289,1226.5,29.4108823397055,491,369,237,0.0205789473684211,1196.5,0.000162655601659751,0,0,0.147669904839534,5.46309399740901,NA,NA,NA,5.12040794979079,0.198777799501585,0.12305808510337,13.2853367248596,6.47729386806825,12.6856720416345,6.22040918338628,0.000124619864067194,0.864987776509428,0.131543186389085,0.712986006751436,0.104854052291134,"no SS",1
102148,54,6181,237,240,0.0906810795534831,38839,2116,234,80.7527089328897,841,3513,0.00338391885870148,5751,78942,0.0903448101137544,80.2309167341368,841,3513,51.2445119012758,1381,1076,683,0.0636842105263158,3437.5,0.000485477178423237,0,0,0.185353577219968,6.32180623484671,NA,NA,NA,14.6873535564854,0.335694212276723,0.205056250727096,20.0766599117792,9.34274362010216,19.3317156950416,9.1957730772969,0.000377886208420214,0.873183449815115,0.183961412468725,0.73011260045217,0.14834016869148,"no SS",1
102348,174,1,1,6,1.04235070931966e-05,1,1,1,0,1,2.7225,2.53063901593081e-09,0,82247,0,0,0,0,0,0,0,0,0,0,4.149377593361e-07,0,0,NA,NA,NA,NA,NA,-0.0113912133891213,0,0,NA,NA,NA,NA,-4.21962970048815e-08,NA,NA,NA,NA,"no SS",1
102166,114,2367,238,240,0.0356640248870454,12699,782,234,57.6974869470066,339,1450.5,0.00106784103364057,2303,81006,0.0356640248870454,57.6974869470066,339,1450.5,29.1547594742265,586,413,277,0.0241052631578947,1445.5,0.000181742738589212,0,0,0.180686994573986,7.29339246297474,NA,NA,NA,6.05764644351464,0.241412079276178,0.121986441314755,13.6810520038233,6.34588250935637,13.0874676883207,6.36503118656669,0.000149179623410296,0.832328304203119,0.138401839609083,0.689006171174281,0.110328638497653,"no SS",1
102372,30,3424,238,240,0.0504895218059714,21149,1135,234,56.5862174031804,472,1779.5,0.00186938344652245,3241,80589,0.0502177716561814,56.5862174031804,472,1779.5,35.6089876295297,806,608,388,0.0360526315789474,1773,0.000268464730290456,0,0,0.212445224378462,7.21904847632126,NA,NA,NA,7.43421548117155,0.236762415912889,0.148991580039873,15.2306761124757,7.49354312943607,14.7738833142782,7.38841005028449,0.000210073787960223,0.880385882573152,0.16941560616209,0.727135798743494,0.1356748158071,"no SS",1
102082,78,6562,238,240,0.0985466146756469,38502,2256,234,87.3670418407308,866,3273,0.00337045997359664,6176,78988,0.0985466146756469,87.3670418407308,866,3273,47.5078940808788,1608,1120,768,0.0700526315789474,3252.5,0.000495435684647303,0,0,0.174939137718837,6.08430998439919,NA,NA,NA,13.6924686192469,0.359635264763003,0.194593699083175,20.0009402265235,9.25836001668339,19.3317970873906,8.93299533542518,0.000412161393440744,0.875584727173794,0.202977913374534,0.718079560600776,0.161047224177945,"no SS",1
102218,162,2319,237,240,0.0341256387730608,13359,754,222,42.0594816896262,331,952,0.00118716538530024,2209,80819,0.0341256387730608,42.0594816896262,331,952,23.7065391822594,549,407,255,0.0232631578947368,948.5,0.000181742738589212,0,0,0.122084558597778,4.45636750416431,NA,NA,NA,3.97187238493724,0.175981094935674,0.0991905405115456,12.3992685297266,5.22479916412112,11.7787405018964,5.30923950212533,0.000142742677280712,0.865081868895498,0.186590893714904,0.721055825419531,0.149448616467086,"no SS",1
102063,54,3282,238,240,0.0484777634066262,18504,1122,234,65,444,1822,0.00162571117539481,3115,80408,0.0484777634066262,64.4980619863884,444,1804.5,36.7967389859482,783,564,370,0.0316842105263158,1815,0.000251452282157676,0,0,0.162021690555796,5.95928743475787,NA,NA,NA,7.5388179916318,0.269866368143884,0.153961250987231,15.2967170435006,7.51437027018559,14.596711903427,7.54605809215742,0.000202793304485818,0.861246902089189,0.158294416243655,0.713214694885871,0.126497461928934,"no SS",1
102084,66,7891,238,240,0.119675067161315,49343,2688,234,86.5794432876534,1053,3991,0.00444390935173514,7424,78170,0.119675067161315,86.5794432876534,1053,3991,50.4876222454574,1931,1382,902,0.0851052631578947,3991,0.000599170124481328,0,0,0.184634385668795,5.88088658154986,NA,NA,NA,16.6873535564854,0.362257084885579,0.211245281361746,22.7547852235051,10.6319839741841,22.3139865319335,10.5735881716278,0.000500646540401907,0.885218211202069,0.220621182463505,0.728675550432025,0.175081951748697,"no SS",1
102364,114,575,240,240,0.00912102096982391,2720,163,234,20.2484567313166,86,193.5,0.000234620584943672,575,82118,0.00912102096982391,20.2484567313166,84,193,13.9283882771841,174,106,76,0.00489473684210526,204.5,4.52282157676349e-05,0,0,0.143191637453056,6.60690816272827,NA,NA,NA,0.796140167364017,0.0847215762816594,0.0582777752183436,6.20595332301131,3.00210347322888,6.09471628011487,3.16915182776491,3.8121315058072e-05,0.836975082802553,0.123924553275976,0.683681838808844,0.0951356717405692,"no SS",1
102163,186,2141,237,240,0.0318407960199005,10772,674,234,44.0113621693308,272,1079,0.000961765605381919,2050,81405,0.0318407960199005,44.0113621693308,272,1079,25,542,363,239,0.0196842105263158,1079,0.000144813278008299,0,0,0.123880002643287,4.43809785416958,NA,NA,NA,4.50325313807531,0.184147958867493,0.104602510460251,11.3947145161169,5.21324870970154,10.9469528397069,4.97135805774293,0.000133141331397675,0.89764465507346,0.150794112513817,0.737476706922994,0.119262318924894,"no SS",1
102037,42,5298,238,240,0.0774873007531967,35966,1806,234,73.24616030892,712,2312,0.00314957488417949,4983,79337,0.0770636651247211,73.24616030892,712,2312,44.6430285710994,1131,913,584,0.0586842105263158,2279,0.000427800829875519,0,0,0.231766640465892,7.49809098057948,NA,NA,NA,9.6622489539749,0.306469289995481,0.186790914523429,19.3745262204977,9.18296921856079,19.2232911314688,9.20255829956491,0.00032240009728077,0.889488081757742,0.221811057901611,0.739320360195552,0.180779277318241,"no SS",1
102240,90,5618,238,240,0.0849918905666545,35089,1970,234,76.1577310586391,762,2751,0.00298970065694993,5301,79537,0.0849918905666545,76.1577310586391,762,2751,43.5660418215839,1459,973,688,0.0568421052631579,2734.5,0.00044356846473029,0,0,0.203728740526948,7.1638910161364,NA,NA,NA,11.4990690376569,0.318651594387611,0.182284693814159,19.2887318931013,7.60659691335618,18.0786897235297,7.46374167504071,0.000355572683387948,0.873393402977217,0.206968342416264,0.709717310428517,0.162298695732043,"no SS",1
102144,54,6811,238,240,0.102653573659951,44641,2388,234,85.146931829632,883,3611,0.00372109496214283,6483,78827,0.102541007522803,85.146931829632,882,3611,49.2442890089805,1600,1146,756,0.069578947368421,3591.5,0.00053402489626556,0,0,0.185444476842389,6.26854692191921,NA,NA,NA,15.0973953974895,0.356263313094695,0.20604305024678,20.3526342217454,8.86539009486697,19.6252003272605,8.69064813255633,0.0004288723590331,0.889294083762843,0.201571072319202,0.737186232918524,0.161670822942643,"no SS",1
102143,54,6626,237,240,0.09994923438367,47206,2282,234,84.504437753292,877,3594,0.00410178036531198,6292,78664,0.0993084511339367,84.504437753292,877,3587.5,49.6789693934969,1520,1134,738,0.0714736842105263,3624.5,0.000539419087136929,0,0,0.218784898690035,6.84215920874792,NA,NA,NA,14.9990690376569,0.353575053361054,0.20786179662551,20.2248064131442,7.95658314402037,19.311356384033,8.10108780500549,0.000415474379005248,0.897710532800066,0.193865396069089,0.746712022971064,0.156144530474489,"no SS",1
102286,42,5049,238,240,0.0742825481973984,33053,1690,234,64.1950153828161,661,2385,0.00285792357338428,4811,79413,0.0742825481973984,64.1950153828161,661,2385,38.3275357934736,1088,856,550,0.0539473684210526,2409,0.000400829875518672,0,0,0.208520495774245,6.92031882018167,NA,NA,NA,9.96768828451883,0.26859839072308,0.160366258550099,17.3381008878538,6.95426664403534,16.6251704132721,6.98073997590635,0.000310637719477129,0.888730643854385,0.205325443786982,0.74636609060022,0.167455621301775,"no SS",1
102095,186,1312,239,240,0.0199066531097255,6297,408,234,40.6078810084939,173,702,0.000536268989178964,1278,81631,0.0199066531097255,40.6078810084939,173,702,23.8537208837531,347,223,154,0.0108421052631579,764,9.33609958506224e-05,0,0,0.176522676139317,7.22863192136981,NA,NA,NA,2.92584728033473,0.169907451918385,0.0998063635303478,11.9111232960204,5.38108029181094,11.4467104765164,5.51816765861211,8.3248748543798e-05,0.859484921492322,0.128702677015682,0.704542544730967,0.101219705369872,"no SS",1
102073,30,3296,238,240,0.0480974616263474,23360,1126,234,56.5154846037792,455,1592,0.00202081528397161,3088,80524,0.0480974616263474,50.4876222454574,455,1520,30.364452901378,785,575,391,0.0365263157894737,1533.5,0.000275933609958506,0,0,0.224190213811244,7.26093837866245,NA,NA,NA,6.34844142259414,0.211245281361746,0.127047920089447,14.8217932107719,6.35689578991403,14.3085173217307,6.16415129629801,0.00020120280259259,0.876718507776519,0.194145069928317,0.723783786919961,0.154794726552709,"no SS",1
102082,150,4590,238,240,0.0675055341955027,29204,1596,234,66.0681466366357,614,2418,0.00260702437709052,4293,79881,0.0669495875114232,66.0681466366357,614,2418,48.7647413609464,1055,784,518,0.0478421052631579,2443.5,0.000370124481327801,0,0,0.208047654604444,6.97827319071059,NA,NA,NA,10.1057635983264,0.276435759985924,0.204036574731993,20.4502900380785,11.2301370019498,20.4757996284579,11.0187601309649,0.000280081283118109,0.881815002683365,0.185372616984402,0.723126637761363,0.148804159445407,"no SS",1
102343,42,5374,237,240,0.0774089548310689,35084,1806,234,73.7360156233031,719,2367,0.00325442981095647,4955,79138,0.0769162728398494,73.3893725276351,719,2367,42.7200187265877,1132,927,558,0.0579473684210526,2354,0.000424066390041494,0,0,0.173692555028947,5.39052347810498,NA,NA,NA,9.89237447698745,0.307068504299728,0.1787448482284,18.215549889921,8.7569524215141,17.4189583795858,7.84106134793095,0.000321783411294763,0.904859482791823,0.219961695515484,0.758070828290576,0.179055396957323,"no SS",1
102059,66,4500,238,240,0.0684180282816169,27459,1402,234,63.3245607959503,625,2160.5,0.00225765476775302,4269,80052,0.0684180282816169,63.3245607959503,625,2160.5,34.7131099154196,1208,778,540,0.0431052631578947,2111.5,0.000353526970954357,0,0,0.188887380418005,7.00741976435561,NA,NA,NA,9.02835774058577,0.264956321321968,0.145243137721421,16.9845971980844,6.74704186265428,15.9813171014034,6.61886250827871,0.000286226229358324,0.864540871936861,0.208187623536567,0.705435709587047,0.162270031929451,"no SS",1
102336,78,1,1,1,1.00408663259466e-05,1,1,1,0,1,2.7225,9.92230213521297e-15,0,82077,0,0,0,0,0,0,0,0,0,0,4.149377593361e-07,0,0,NA,NA,NA,NA,NA,-0.0113912133891213,0,0,NA,NA,NA,NA,-4.20119929955925e-08,NA,NA,NA,NA,"no SS",1
102054,54,3768,238,240,0.0556546929316338,25524,1269,234,64.1950153828161,546,1654,0.00216119602954625,3584,80372,0.0556288259592893,64.1950153828161,546,1654,40.4969134626332,887,677,419,0.0413157894736842,1656.5,0.000317842323651452,0,0,0.149267343530408,5.20195026429538,NA,NA,NA,6.90911087866109,0.26859839072308,0.169443152563319,14.9337449797085,6.81048767463768,13.8836769874788,6.14769626706839,0.000232714479221862,0.877167402711499,0.204969513592812,0.73178058538795,0.164305689267868,"no SS",1
102084,30,3937,237,240,0.0574567305461463,22775,1314,234,54.0832691319598,489,1582,0.00193870902930163,3687,80290,0.057279860505667,54.0832691319598,489,1582,37.9473319220206,912,653,437,0.0415789473684211,1590.5,0.000288381742738589,0,0,0.184734527965775,6.54293108650642,NA,NA,NA,6.60785564853556,0.226289829004016,0.158775447372471,16.4565249729157,7.71717336091086,15.7505307867964,7.23851632268031,0.000239621958960915,0.883842085248853,0.219837476099426,0.733617193346343,0.176242829827916,"no SS",1
102301,126,5118,238,240,0.0743916831981518,31430,1686,234,69.3541635375988,680,2734.5,0.00280316336757666,4727,79646,0.0743916831981518,69.3541635375988,680,2734.5,37.2155881318568,1198,869,593,0.0555789473684211,2721,0.000390871369294606,0,0,0.187856859423094,6.23218065072888,NA,NA,NA,11.4300313807531,0.290184784676146,0.155713757873878,16.6854431317977,7.18404536070689,16.4121100431797,6.77353020903359,0.000311094425378316,0.877926848861338,0.179692475661905,0.720730935199766,0.143359718557608,"no SS",1
102051,78,3993,239,240,0.0599062876744677,26050,1284,234,84.8999411071645,575,3143.5,0.00217949470356362,3882,80459,0.0599062876744677,84.8999411071645,575,3143.5,46.3896540189728,938,714,463,0.0422105263157895,3255.5,0.000327800829875519,0,0,0.189420967179525,6.79009803181321,NA,NA,NA,13.1413284518828,0.355229879109475,0.194098970790681,17.6058482431261,8.83100008031114,16.6663201443048,8.56858427536732,0.000250611639182141,0.877880973195789,0.124628312863607,0.730004033339542,0.100374919198449,"no SS",1
102025,78,4301,238,240,0.0625938209111538,28502,1409,234,62.9682459657247,586,2198.5,0.0025090673887693,4006,79999,0.061625770322129,62.1691241694782,586,2196,37.6430604494374,924,745,477,0.0487368421052632,2196.5,0.000343983402489627,0,0,0.201794854995252,6.58096310111413,NA,NA,NA,9.17689330543933,0.2601218584497,0.157502344976726,16.57925423356,6.84357224048873,16.2208583906075,6.89995675911096,0.000257723622137909,0.897645263142947,0.182376442734537,0.750502954554932,0.148194732169281,"no SS",1
102118,102,2840,237,240,0.0410376012604052,17571,985,234,59.6657355607052,393,1404,0.00157015958641649,2686,80609,0.0410376012604052,59.6657355607052,393,1404,38.0131556174964,622,504,331,0.0315263157894737,1369,0.000221991701244813,0,0,0.138680968431391,4.65960138409484,NA,NA,NA,5.86308577405858,0.24964742912429,0.159050860324253,12.37060592646,4.83153908694041,11.9286330387636,4.64434664967159,0.000171580210881553,0.858480533102655,0.16405475104146,0.716738395779103,0.133207696885539,"no SS",1
102009,78,4899,238,240,0.0741457688080727,35924,1735,234,76.6093989011792,679,2689,0.00299008755287877,4722,80072,0.0741457688080727,76.6093989011792,679,2689,48.8262224629348,1215,871,568,0.0535789473684211,2666.5,0.000412863070539419,0,0,0.218131389602853,7.16512044684581,NA,NA,NA,11.2396548117155,0.320541417996566,0.204293817836547,20.2691760387652,10.4050392704928,19.7579672545948,10.4639720047287,0.000310148716709566,0.884423102333674,0.179870936468022,0.729327808821764,0.143060562910898,"no SS",1
102306,102,1,1,15,1.34991023096964e-05,1,1,1,0,1,2.7225,4.47830288782448e-09,0,81986,0,0,0,0,0,0,0,0,0,0,4.149377593361e-07,0,0,NA,NA,NA,NA,NA,-0.0113912133891213,0,0,NA,NA,NA,NA,-4.20880611027737e-08,NA,NA,NA,NA,"no SS",1
102374,126,2130,239,240,0.0329307369977816,11482,729,234,65.8634952003004,289,1398.5,0.000961914165857742,2087,81140,0.0329307369977816,56.302753041037,288,1227,34,585,375,255,0.0197894736842105,1278.5,0.000165560165975104,0,0,0.11648631806413,4.75572918385197,NA,NA,NA,5.1225,0.23557637255664,0.142259414225941,12.7301972068206,6.65021169642358,11.9740775594864,6.73248370446992,0.000137743866837513,0.860478565275166,0.14257510271597,0.702400361373386,0.111360119524038,"no SS",1
101972,114,4208,237,240,0.0631108559160186,27775,1421,234,76.0065786626395,592,2530.5,0.00246770470604031,4013,80113,0.0631108559160186,76.0065786626395,592,2530.5,41.3037528561268,1043,737,507,0.0424210526315789,2521.5,0.000340248962655602,0,0,0.19377718706294,6.30831912827747,NA,NA,NA,10.5764748953975,0.318019157584266,0.172819049607225,16.5262946015911,7.22806952697326,15.7391397412648,6.89547119325124,0.000264020318477049,0.862746443456176,0.157517602342825,0.711829923820705,0.125023365941803,"no SS",1
102114,54,5749,237,240,0.0861756031157831,40047,2030,234,76.8439978137525,782,2751.5,0.00343005553648554,5443,79338,0.0861756031157831,76.8439978137525,782,2751.5,55.5697759577992,1394,1006,661,0.064,2686.5,0.000476348547717842,0,0,0.193569167487713,6.36271623596099,NA,NA,NA,11.5011610878661,0.321523003404822,0.23250952283598,24.5268965958402,13.0021628720678,24.625983950059,13.0751094657246,0.000360524551489588,0.881831505296518,0.227225896507029,0.730183487940914,0.180896673202832,"no SS",1
102246,30,6314,238,240,0.0945390933982355,41366,2207,234,96.0052081920559,833,3294.5,0.00350769993391039,5967,78888,0.0945390933982355,96.0052081920559,833,3294.5,48.3321838943783,1491,1075,698,0.0641052631578947,2956.5,0.000495435684647303,0,0,0.179225689191273,6.00317996413668,NA,NA,NA,13.7731276150628,0.401695431765924,0.202226710855139,19.3217686966381,8.23325129976524,18.2493717984528,7.58247398085656,0.000395348451354426,0.885320520837824,0.194654695411599,0.737074005874109,0.155739416401315,"no SS",1
102289,138,1,1,12,1.22996691389002e-05,2,1,1,0,1,2.7225,3.02969882387159e-09,0,82279,0,0,0,0,0,0,0,0,0,0,8.29875518672199e-07,0,0,NA,NA,NA,NA,NA,-0.0113912133891213,0,0,NA,NA,NA,NA,-4.22922626263233e-08,NA,NA,NA,NA,"no SS",1
102156,66,3673,238,240,0.0559226430298147,21784,1177,234,57.8705451849211,495,1625,0.00191231363474773,3588,80665,0.0559226430298147,57.8705451849211,495,1625,42.0119030752,923,621,425,0.0336315789473684,1526.5,0.000281742738589212,0,0,0.168552829793818,5.89405435308096,NA,NA,NA,6.7877719665272,0.242136172321846,0.175782021235146,17.3721611879909,8.99363069365669,16.4842877004002,8.85005821426807,0.000233943050810007,0.871511371711506,0.201942877607664,0.720450803661386,0.160623153370937,"no SS",1
102114,90,5061,237,240,0.0747073688974942,34089,1715,234,65.8027355054484,700,2475,0.0029630676521771,4738,79537,0.0747073688974942,65.8027355054484,700,2475,33.6154726279432,1204,890,584,0.0545263157894737,2436,0.000410373443983403,0,0,0.276984450273989,9.09714687221619,NA,NA,NA,10.3442573221757,0.275325253160872,0.140650513087629,17.6810977710238,6.66011507906627,16.680647976787,6.86416698913992,0.000312541046671275,0.882856934622826,0.2001347254968,0.731005708927473,0.159582350959919,"no SS",1
102159,54,3653,238,240,0.0531302915729164,23321,1246,234,57.3149195236284,492,1680,0.00203145299812727,3393,80259,0.0523056604243761,57.3149195236284,492,1680,30,805,628,399,0.0383157894736842,1679.5,0.00029045643153527,0,0,0.19971494016984,6.73549238285596,NA,NA,NA,7.01789748953975,0.239811378759951,0.125523012552301,14.9822422518448,6.51138053307443,14.1752716600068,6.17704384080312,0.000218769446752341,0.894508633241165,0.194613138009364,0.749309148541901,0.157294515785082,"no SS",1
102195,66,4856,238,240,0.0749529898458067,31082,1627,234,75.6637297521078,663,2651.5,0.0025835918153799,4726,79770,0.0749529898458067,75.6637297521078,663,2651.5,47.0106370941726,1253,864,558,0.0520526315789474,2635.5,0.000391286307053942,0,0,0.169347574218766,6.04613457832696,NA,NA,NA,11.0827510460251,0.316584643314259,0.19669722633545,17.1892962880991,6.75908537587456,16.0885584492226,6.54255700262397,0.000313355495316582,0.867879875616335,0.181715952952618,0.714631867518589,0.143634319059052,"no SS",1
102202,138,3897,237,240,0.0566983319620016,24905,1345,234,56.9209978830308,542,1716.5,0.00223399115359479,3652,80214,0.0566983319620016,56.9209978830308,541,1716.5,37.4432904536981,896,692,441,0.0423684210526316,1864,0.000312033195020747,0,0,0.1564975110847,5.18908907483679,NA,NA,NA,7.17061715481172,0.238163171058706,0.156666487253967,16.1673240165164,7.10447628706604,15.3949397226776,6.73663279602782,0.000237147295157684,0.884023925333981,0.204376937940952,0.737217236622098,0.164112703905091,"no SS",1
102143,42,7687,238,240,0.115136570561457,48936,2624,234,88.4590300647707,1031,3346.5,0.0043148460367598,7237,78260,0.114413493483261,88.4590300647707,1031,3346.5,50.3587132480567,1717,1322,864,0.0832631578947368,3243,0.000597510373443983,0,0,0.157870420525104,5.19182517773416,NA,NA,NA,13.9907008368201,0.370121464706153,0.210705913171785,23.0213735345338,11.1613124829978,22.7797621682935,11.5320367965078,0.000478676215791702,0.894044029551326,0.251199326693786,0.742079685581275,0.203029877963249,"no SS",1
102156,114,2334,238,240,0.0360318087523461,13781,841,234,59.4138031100518,326,1765,0.00118883023078827,2258,80984,0.0360318087523461,59.4138031100518,326,1765,41.0121933088198,660,425,302,0.0244736842105263,1449,0.000181327800829876,0,0,0.190568835021628,6.9010585972434,NA,NA,NA,7.3735460251046,0.2485933184521,0.171599135183346,14.0583239944374,6.765111052454,13.4199004622694,6.65652705335041,0.000150632659261481,0.868432728746196,0.11783233726377,0.700056208463716,0.0911807462445485,"no SS",1
102090,138,45,238,240,0.000670759436107322,102,10,234,4.12310562561766,6,5.445,2.39471987192705e-06,42,82266,0.000619940194004814,4.12310562561766,6,5,5.3851648071345,9,8,6,0.000105263157894737,10,3.7344398340249e-06,0,0,0.0242762268724171,7.63217206085859,NA,NA,NA,0.00952928870292887,0.0172514879732957,0.0225320703227385,3.7417513280051,0.999578110627932,3.27602670304385,0.936649982464022,2.55166378800627e-06,0.708333333333333,0.0228802153432032,0.604882154882155,0.018842530282638,"no SS",1
102219,66,6126,237,240,0.0906995164741627,39981,2148,234,79.3788384898645,813,2856,0.00353776736628476,5780,78595,0.0901584070233475,79.3788384898645,813,2856,40.853396431631,1306,1052,672,0.070578947368421,2769,0.000472614107883817,0,0,0.225750537067958,7.16197867832331,NA,NA,NA,11.93839958159,0.332129031338345,0.170934713103059,19.2040028297822,8.20740977878681,18.2218035631332,7.99274768811276,0.000377147338819382,0.900378964211348,0.216803328845918,0.752894433804529,0.1768449394199,"no SS",1
102214,30,5520,238,240,0.0798376977472354,38608,1888,234,61.3921819126833,699,2271.5,0.0032084898071407,5169,79316,0.0798325684603359,61.3921819126833,696,2271.5,39.6232255123179,1163,924,585,0.0566842105263158,2259,0.000428215767634855,0,0,0.245306980050095,7.77042799424008,NA,NA,NA,9.49279288702929,0.256871054027964,0.165787554444845,19.016563625186,8.56318479065626,18.2692789968061,8.57050948609247,0.000333942864359844,0.902100051850536,0.231204586117501,0.756448982978769,0.188739182823968,"no SS",1
102298,102,6485,237,240,0.0955290968548377,44185,2230,234,89.1852005660132,881,3640,0.00374218210409,6113,79201,0.0955290968548377,89.1852005660132,881,3640,47.1274866717927,1453,1121,734,0.0693157894736842,3650.5,0.000511203319502075,0,0,0.180157107736715,5.85462025729833,NA,NA,NA,15.2073430962343,0.368975734585829,0.193002036283652,20.7977539387517,8.83321420348627,19.4099474041594,8.4761571440163,0.00039962040757314,0.88389432287531,0.179967174900692,0.73512503415379,0.145405675412098,"no SS",1
102014,90,6943,238,240,0.1021188034992,42942,2416,234,90.7358804442873,893,3286,0.00379736669035153,6506,78989,0.101824304650015,90.7358804442873,893,3286,46.7546789102438,1537,1164,788,0.0668947368421053,3277,0.000516597510373444,0,0,0.174073586316599,5.6211669219526,NA,NA,NA,13.7375627615063,0.379648035331746,0.195626271590978,20.1259831839082,8.10387636035166,19.2147664214757,7.88027144630831,0.000426001310638598,0.875032803280895,0.20827614781055,0.724832694406021,0.168475023953181,"no SS",1
102220,30,3487,238,240,0.0510711641680548,20026,1174,234,52.0384473250308,464,1436.5,0.00170173580985079,3312,80575,0.0507973937325473,52.0384473250308,464,1436.5,35.1283361405006,781,596,394,0.036,1401,0.000260995850622407,0,0,0.173412326540254,6.27857199769441,NA,NA,NA,5.9990690376569,0.21773408922607,0.146980485943517,15.4160393373511,7.24107207996038,14.4771853934095,7.03699915017857,0.000212499551600277,0.86787079771691,0.209532097880618,0.724453142909708,0.169550527285758,"no SS",1
102294,102,2703,239,240,0.042327519068399,17401,857,234,66.7083203206317,418,1734,0.00143258382050874,2664,80893,0.042327519068399,66.7083203206317,418,1734,34.4818792991333,760,506,342,0.0287368421052632,1734,0.000223236514522822,0,0,0.185101024169332,6.87632302172967,NA,NA,NA,7.24383891213389,0.279114310964986,0.144275645603068,14.8921382790407,7.47129057961752,14.1611680204116,7.27771970470432,0.000177060430937396,0.834159113825488,0.140922747664321,0.679029453999075,0.109643165822941,"no SS",1
102288,78,4655,238,240,0.0691387021813548,30191,1570,234,63.5137780328017,611,2431.5,0.0025768625683813,4399,80042,0.0691387021813548,63.5137780328017,611,2431.5,37.3363094051889,1135,810,545,0.0465789473684211,2370.5,0.000370124481327801,0,0,0.140414553902539,4.77563400433255,NA,NA,NA,10.1622489539749,0.265748025241848,0.156218867804138,16.61915345196,7.12558530934536,15.9960200958997,6.83625779379389,0.000289199506112687,0.884015313582309,0.184571257045659,0.723802951441673,0.146716472667845,"no SS",1
102213,54,0,1,-Inf,0,1,1,1,0,0,0,3.79374097045985e-10,0,82338,0,0,0,0,0,0,0,0,0,0,4.149377593361e-07,0,0,NA,NA,NA,NA,NA,0,0,0,NA,NA,NA,NA,0,NA,NA,NA,NA,"no SS",1
102048,66,4213,237,240,0.0628297660527626,24071,1506,234,74.2765104188397,560,2330.5,0.00215505868236209,4019,80360,0.0628297660527626,74.2765104188397,560,2330.5,44.2831796509691,1030,728,470,0.0405789473684211,2341,0.000315352697095436,0,0,0.164733467705203,5.71217714406845,NA,NA,NA,9.73965481171548,0.310780378321505,0.185285270506147,17.8183637237579,8.61789921883814,17.1093272548117,8.32682068902604,0.000262843781665892,0.868363320311621,0.165492149857419,0.722964789845503,0.131731620177652,"no SS",1
102182,90,2988,238,240,0.0433240216558305,17671,1064,234,63.3876959669619,384,1528,0.00151961698470485,2875,80902,0.0433240216558305,63.3876959669619,384,1528,39.2045915678253,630,497,323,0.0296842105263158,1549,0.000224896265560166,0,0,0.138547496665236,4.8140712684035,NA,NA,NA,6.38191422594142,0.265220485217414,0.164035947982533,14.4937793044956,6.47846570374996,13.4790826100037,6.255033940557,0.000181187458930417,0.870656784469614,0.159834009758767,0.736227928240919,0.131104929545351,"no SS",1
102206,114,859,237,240,0.0135042231388725,3556,272,234,42.7200187265877,122,756,0.000289122259746115,832,81456,0.0135042231388725,42.7200187265877,122,756,33.5410196624968,268,151,106,0.00694736842105263,738.5,5.72614107883817e-05,0,0,0.0906656812427301,4.19835649805119,NA,NA,NA,3.15178870292887,0.1787448482284,0.140338994403752,11.1262585617791,7.44943287335943,10.4744916051808,7.49623855346252,5.64617558559186e-05,0.799898937711839,0.0768854406933669,0.641847909153278,0.0581533515062557,"no SS",1
102069,54,4712,237,240,0.0700482810773079,28927,1580,234,75.17978451685,626,2609.5,0.00250062166139489,4440,79983,0.069789830338947,75.17978451685,626,2609.5,49.6487663492256,1142,799,553,0.0522631578947368,2585,0.000368464730290456,0,0,0.176484264783727,6.15405523742818,NA,NA,NA,10.9070188284519,0.314559767852929,0.207735424055337,20.0528440219727,10.6257605002025,19.404615012059,10.7960282350787,0.000291965718339411,0.882313258013455,0.182950411327062,0.723528006055419,0.145521287404543,"no SS",1
102171,102,2908,238,240,0.0417955941439985,19405,1044,234,47.7074417675063,386,1157,0.00170777376361115,2705,80782,0.0413953603525538,47.169905660283,386,1157,25.8069758011279,639,506,311,0.0321052631578947,1166.5,0.000233609958506224,0,0,0.221437218008003,7.20759747564536,NA,NA,NA,4.8296129707113,0.197363622009552,0.107978978247397,12.9148660257701,5.12273215025928,12.3612643026194,5.06214201314651,0.000173160452039356,0.904249871337376,0.193877551020408,0.757434811405118,0.156829777365492,"no SS",1
102091,66,6101,238,240,0.0903576854676293,39358,2106,234,85.5102333057278,800,3129,0.00343900630686365,5746,78905,0.090006970407452,85.5102333057278,800,3118,43.7378554572581,1356,1034,655,0.0617368421052632,3124.5,0.000461410788381743,0,0,0.155331056073716,4.94799501766261,NA,NA,NA,13.0346338912134,0.357783402952836,0.183003579319071,19.4354792009114,8.31579565201639,18.1951907172561,7.73401145270929,0.000376471644282528,0.871890345015329,0.194933164987786,0.727735529040887,0.157714160239343,"no SS",1
102128,138,3418,238,240,0.0498807927283564,21308,1233,234,61.8546683767685,436,1685,0.0017767629527957,3258,80532,0.0498807927283564,61.8546683767685,436,1678.5,32.649655434629,759,578,370,0.0351052631578947,1960,0.000249792531120332,0,0,0.185576212005627,6.19958882505758,NA,NA,NA,7.01162133891213,0.258806143835851,0.136609436964975,14.6390511365056,6.44033009186749,14.1624282699783,6.22637810400841,0.000208578650567424,0.881051313547697,0.177476362993726,0.739438650360337,0.143942741009101,"no SS",1
102431,114,1,1,1,1.00041016816895e-05,1,1,1,0,1,2.7225,3.23451946019695e-10,0,82170,0,0,0,0,0,0,0,0,0,0,4.149377593361e-07,0,0,NA,NA,NA,NA,NA,-0.0113912133891213,0,0,NA,NA,NA,NA,-4.18581660321736e-08,NA,NA,NA,NA,"no SS",1
102127,18,4885,238,240,0.0716015461276952,35598,1592,234,65.1920240520265,682,2049.5,0.00309992742407124,4629,79930,0.0712998874014763,65.1920240520265,682,2049.5,33.5410196624968,1070,861,528,0.0543684210526316,2026.5,0.000410788381742739,0,0,0.254682784709524,8.04009535600802,NA,NA,NA,8.56392259414226,0.272769975113082,0.140338994403752,16.9399253293153,6.66927517889798,16.2260781465509,6.60664641139957,0.000298197560440604,0.89634265052339,0.22846261775907,0.754566837561125,0.185568250150331,"no SS",1
102200,78,6228,238,240,0.0929566218088729,35940,2153,234,83.6002392341075,806,3041,0.0030676202415553,5889,79181,0.0926863767823089,83.6002392341075,806,3030.5,53.4883164812653,1450,1029,700,0.0635789473684211,3049,0.000463070539419087,0,0,0.152327074285517,5.42744388473005,NA,NA,NA,12.6685251046025,0.349791795958609,0.223800487369311,20.4532464785186,9.7761275280818,19.2483874176985,9.44284824445542,0.00038772464799187,0.874523174581348,0.208027438419456,0.720901986073823,0.166926500184246,"no SS",1
102116,186,1487,237,240,0.0224143216234443,9493,473,234,43.8634243989226,225,792.5,0.000807891153225854,1401,81555,0.0224143216234443,43.8634243989226,225,792.5,26.2488094968134,427,275,185,0.0137894736842105,784,0.000128630705394191,0,0,0.163147339833819,6.13534037754068,NA,NA,NA,3.30450836820084,0.183528972380429,0.109827654798382,11.9749880890399,4.62797328015709,11.254810320912,4.55042401011446,9.37414172867638e-05,0.848117775207535,0.133489119322331,0.685503410647382,0.102307579962027,"no SS",1
102371,102,1,1,1,1.00464144346883e-05,1,1,1,0,1,2.7225,3.64778710363883e-17,0,82372,0,0,0,0,0,0,0,0,0,0,4.149377593361e-07,0,0,NA,NA,NA,NA,NA,-0.0113912133891213,0,0,NA,NA,NA,NA,-4.20352068396998e-08,NA,NA,NA,NA,"no SS",1
102293,66,3151,238,240,0.0468684373069796,18288,1109,234,51.0392006206994,416,1499,0.0015766095289477,3016,80950,0.0468684373069796,51.0392006206994,416,1499,35.5105618091294,778,528,366,0.0287368421052632,1429,0.000233195020746888,0,0,0.118075963341316,4.12751573872776,NA,NA,NA,6.26057531380753,0.213553140672382,0.148579756523554,14.9836409543313,6.22005690259779,13.809883798545,5.93219015852406,0.000196059434852265,0.862830625649176,0.181444285031086,0.709075026789344,0.144237207077953,"no SS",1
102241,18,4039,238,240,0.0592101443385162,26418,1396,234,57.2013985843004,551,1905.5,0.00228404338974085,3806,80248,0.0584189014056425,57.1401785086466,551,1905.5,42.2018956920184,882,707,438,0.0417894736842105,1881.5,0.000323651452282158,0,0,0.186427548623433,6.27697777799719,NA,NA,NA,7.96141213389121,0.239080244806053,0.176576969422671,18.6792676234112,9.50011597438623,18.060583887763,9.09241379073266,0.000244304001762632,0.872588068286785,0.195888350325923,0.733146347538419,0.159033929466823,"no SS",1
102322,90,5670,238,240,0.0848297604035309,39782,1935,234,87.9204185613331,747,3559.5,0.00324911443015392,5362,79300,0.0848297604035309,87.9204185613331,747,3559.5,54.4885309033011,1365,949,627,0.0599473684210526,3515.5,0.000465560165975104,0,0,0.202995233369603,6.92087986958511,NA,NA,NA,14.8819142259414,0.36786786008926,0.227985484951051,20.289837884092,10.0997575418946,19.3095210803782,9.61605403582446,0.000354893944590361,0.88606509289607,0.158993145828409,0.733887242468457,0.126731269203498,"no SS",1
102141,66,4584,238,240,0.071209676410622,30766,1537,234,65.1229606206597,674,2389,0.00248348939427385,4450,79947,0.071209676410622,62.9682459657247,674,2337,37.6430604494374,1243,833,561,0.0475789473684211,2358,0.000386721991701245,0,0,0.17907715255957,6.61328888932537,NA,NA,NA,9.76685146443515,0.263465464291735,0.157502344976726,18.2368941484308,8.16888730734082,17.0998868614607,7.91167385010851,0.00029790671310411,0.859178132083809,0.195394014277869,0.701568916192097,0.152732015376167,"no SS",1
102124,54,3083,238,240,0.0449183303085299,18183,1035,234,59.8163857149527,408,1345,0.00159374053590623,2952,80698,0.0446975141887036,58.4123274660409,408,1345,44.2944691807002,655,524,322,0.0306315789473684,1323,0.000235684647302905,0,0,0.210522927136272,7.43289885683698,NA,NA,NA,5.61622384937238,0.244403043790966,0.185332507032218,15.8638206980155,8.25720116214454,14.8605205341558,7.86081394374938,0.000186976896907104,0.897403435175602,0.189662425070985,0.756360319615069,0.155221369229151,"no SS",1
102201,66,5092,238,240,0.0759677570531446,36088,1692,234,60.2079728939615,715,2065,0.00296444950650383,4757,79332,0.0757197599959663,60.2079728939615,715,2065,34.928498393146,1250,898,622,0.0541052631578947,1994.5,0.000422821576763485,0,0,0.213883004108948,7.18162986390643,NA,NA,NA,8.61738493723849,0.247732104158835,0.141960244322786,17.3741718784201,6.58120711183308,16.630569340084,6.44251648653778,0.000316692496972885,0.863914550903021,0.245644884272512,0.70747228655129,0.194528502494479,"no SS",1
102205,18,5847,238,240,0.0884669858251495,38745,1987,234,75.1864349467376,784,3389.5,0.00340048121189045,5618,79427,0.0879801578808214,75.1864349467376,784,3280.5,50.5964425626941,1370,998,647,0.0581052631578947,3279,0.000463070539419087,0,0,0.19243471794282,6.20762298264992,NA,NA,NA,13.714550209205,0.314587593919404,0.211700596496628,18.6482483012777,8.83869154150457,18.1229343791615,8.34704441350071,0.000368075515869825,0.893260878250899,0.188951680501852,0.74175216698902,0.151907633236893,"no SS",1
102168,54,4128,237,240,0.061307596513076,29124,1420,234,59.2114853723498,574,1831,0.00252921445201475,3909,80300,0.061307596513076,59.2114853723498,574,1831,36.2215405525497,1014,714,484,0.0415263157894737,1814,0.00033195020746888,0,0,0.229204265171166,7.17175890750529,NA,NA,NA,7.64969665271967,0.247746800721129,0.151554562981379,16.7119889146801,7.3076950329589,16.1319281016834,7.16606068423523,0.000256390850631709,0.887901458687042,0.217957232036127,0.726869423982858,0.17306415194581,"no SS",1
102250,66,4016,238,240,0.0590486351091217,23736,1333,234,63.6396103067893,537,1890.5,0.00213289984453291,3812,80394,0.0589845013309451,63.6396103067893,537,1890.5,34.7850542618522,930,688,453,0.0435263157894737,1727.5,0.000303734439834025,0,0,0.161533531554739,5.45721194040792,NA,NA,NA,7.89865062761506,0.266274520112089,0.145544160091432,15.1346064382238,5.80290029825532,14.4756625164573,5.75256084487472,0.000246754271288442,0.8845468191251,0.19598280707555,0.730323495189912,0.157546701934204,"no SS",1
102143,54,4287,238,240,0.0640039040504524,28649,1499,234,57.6974869470066,566,2134,0.00247164039673939,4094,79917,0.0640039040504524,57.2712842531054,566,2134,33.2415402771893,1021,733,512,0.047,2147,0.000341908713692946,0,0,0.192265540219026,6.33206567310905,NA,NA,NA,8.91747907949791,0.239628804406299,0.139085942582382,15.8940818830531,6.64969408835969,15.2700034562174,6.63841557748646,0.000267713246257547,0.889951382682118,0.192946058091286,0.727923824261876,0.154432289701999,"no SS",1
102425,66,2969,238,240,0.0437473300158179,18078,1058,234,52.2015325445527,410,1273,0.0015438184340567,2793,80750,0.043702786377709,52.2015325445527,410,1273,29.5465734053883,736,521,338,0.0294210526315789,1215.5,0.000237759336099585,0,0,0.142252152682456,5.20652406630131,NA,NA,NA,5.31496861924686,0.218416454161309,0.123625830148068,14.0025809624663,5.53236270958224,13.1571204491446,5.55545202664281,0.000182814540394355,0.86095845146131,0.195990225480395,0.714815810787341,0.15511496167944,"no SS",1
102239,102,3405,238,240,0.050855847041083,18391,1215,234,83.2165848854662,445,1826.5,0.00159984562156903,3267,80952,0.0506472971637514,83.2165848854662,444,1818.5,43.0116263352131,833,580,378,0.0346315789473684,1825.5,0.00024149377593361,0,0,0.156746629431194,5.62709111773266,NA,NA,NA,7.59739539748954,0.348186547637934,0.179964963745662,16.5180754255934,9.1513799513992,16.0120333493408,8.86607095905872,0.000211870832560777,0.859254292977316,0.152666070896634,0.712807535853517,0.121648793565684,"no SS",1
101957,78,5154,238,240,0.0765134072885416,30773,1769,234,75.1332150250473,671,2908,0.00273400659799912,4857,80105,0.0764621434367393,75.1332150250473,671,2908,44.9221548904324,1268,864,598,0.0517894736842105,2908,0.000386307053941909,0,0,0.160060698873139,5.39447011424765,NA,NA,NA,12.1559728033473,0.314364916422792,0.187958807072939,17.9805001189859,8.09942054421207,17.3312901294302,8.02748713810678,0.000319798219471105,0.874336079996893,0.176742172846631,0.716404171855296,0.140152936084259,"no SS",1
102350,78,4000,238,240,0.058616579291509,25782,1356,234,79.0063288604147,547,2372.5,0.00237752772356251,3758,80467,0.0582723352430189,78.0064099930256,547,2360,50.2195181179589,931,700,456,0.0401578947368421,2317,0.000328215767634855,0,0,0.203272129714196,6.65945260612541,NA,NA,NA,9.86308577405858,0.326386652690484,0.210123506769702,18.8450673573122,9.17338804620598,18.1596072829508,9.13537233254447,0.000243732657856675,0.883823767147062,0.159870439822707,0.733763099384857,0.128128196385953,"no SS",1
102104,102,2990,237,240,0.0424576232044709,19965,1033,234,61.3269924258479,387,1681.5,0.00181749365203565,2805,80719,0.042195765557056,61.3269924258479,387,1681.5,41.4366987102013,601,523,314,0.0345263157894737,1520,0.000241078838174274,0,0,0.213804401626935,6.76781636081331,NA,NA,NA,7.02417364016736,0.25659829466882,0.173375308410884,12.4804672135429,5.08606835273098,11.9990191924866,4.73215757470739,0.000176510016678631,0.903374269104942,0.145518243185508,0.76394233421668,0.119841066393232,"no SS",1
102260,114,3589,238,240,0.0523291582991863,21538,1171,234,78.8923316932641,508,2446.5,0.00188722517008422,3381,80269,0.0520624400453475,78.8923316932641,508,2446.5,42.0475920832573,798,626,414,0.0363157894736842,2448.5,0.000281742738589212,0,0,0.157375482233866,5.52077549744087,NA,NA,NA,10.225010460251,0.33009343804713,0.175931347628692,15.3451573581187,8.24559818015987,14.6652254947903,7.86230570792374,0.000217792247235237,0.860831996565518,0.133233437480074,0.717521834673222,0.107791876554231,"no SS",1
102246,42,5920,238,240,0.0881196921133285,37179,1989,234,79.2022726946645,772,2604,0.00336908911678085,5609,79504,0.0878823706983296,79.2022726946645,772,2604,44.5982062419555,1378,1010,665,0.0612631578947368,2597,0.000453526970954357,0,0,0.237438897505596,7.60321256128927,NA,NA,NA,10.8840062761506,0.331390262320772,0.186603373397303,18.0661860350813,7.01231631924231,17.4328208605865,6.843987357135,0.000367666698367606,0.898551290917974,0.224532424963044,0.743336026160809,0.180249373353043,"no SS",1
102241,30,4207,237,240,0.0610784813974444,30758,1426,234,69,552,2235.5,0.00238436679889988,3904,80140,0.0607062640379336,69,552,2235.5,41.0121933088198,961,717,476,0.0431578947368421,2100.5,0.000350207468879668,0,0,0.210355595184164,7.33412461835072,NA,NA,NA,9.34216527196653,0.288702928870293,0.171599135183346,17.7656317662533,8.01130623454578,16.6067548187983,7.75215350116481,0.000253874868513879,0.883754752522721,0.17701852053997,0.725473582890144,0.142051449987265,"no SS",1
102256,42,4477,237,240,0.0656389917810953,31898,1553,234,58.4208866759141,606,1801,0.00278820961063995,4247,80181,0.0656389917810953,58.4208866759141,606,1801,35.0570962859162,1016,779,503,0.0478947368421053,1741,0.000363070539419087,0,0,0.2325378233866,7.19972953017117,NA,NA,NA,7.52417364016736,0.244438856384578,0.146682411238143,15.5127753874548,6.12762039053046,14.9684923087718,5.76628814100725,0.000274598238765463,0.883632511990975,0.237210979402353,0.73567136137395,0.191418398161085,"no SS",1
102463,54,1,1,1,1.00774959438079e-05,1,1,1,0,1,2.7225,3.89496202813266e-11,0,82322,0,0,0,0,0,0,0,0,0,0,4.149377593361e-07,0,0,NA,NA,NA,NA,NA,-0.0113912133891213,0,0,NA,NA,NA,NA,-4.21652549950121e-08,NA,NA,NA,NA,"no SS",1
102256,66,4775,237,240,0.0712522356853163,30555,1579,234,77.0259696466069,661,2938.5,0.00264395053545552,4509,79394,0.0712522356853163,77.0259696466069,661,2938.5,48.8466989672793,1148,855,562,0.0524736842105263,2785,0.000390871369294606,0,0,0.224578724787618,7.83246290756178,NA,NA,NA,12.2835878661088,0.322284391826807,0.204379493586942,18.7636133763231,9.1373817362779,18.1720665967,8.49903398852633,0.000298084670649708,0.885888713580531,0.164970400396606,0.731865089013741,0.131492228281473,"no SS",1
102221,66,3664,238,240,0.0569781371668164,22452,1230,234,70.9365914038728,522,2295.5,0.00183306243448969,3507,80136,0.0569781371668164,70.3420215802759,522,2294.5,39.446165846632,1059,654,465,0.0388947368421053,2312,0.000302489626556017,0,0,0.180479178646731,7.03867036379252,NA,NA,NA,9.58902719665272,0.294318081925841,0.165046719023565,16.6159610260204,7.41126751972791,15.9038703756147,7.14397520049922,0.000238234159081824,0.853932827908107,0.155168898253245,0.683488095134826,0.119180316726704,"no SS",1
102386,54,5860,238,240,0.0873077794276798,34201,2037,234,79.0759128938769,762,3071,0.00298824544020263,5499,79466,0.0873077794276798,79.0759128938769,762,3071,48.0936586256442,1439,993,662,0.0634736842105263,3045.5,0.000432365145228216,0,0,0.181680221718476,6.21111219494965,NA,NA,NA,12.8379811715481,0.330861560225426,0.201228697178428,19.057669331337,8.74492017258167,17.9268018009876,8.21984768198974,0.000365262159093646,0.888295664138885,0.198432673607139,0.728028701484199,0.157276055371239,"no SS",1
102151,90,4523,238,240,0.0675986862801847,24878,1566,234,82.7647267862342,583,2646.5,0.00219014689291479,4281,79469,0.0675986862801847,82.7647267862342,583,2631.5,46.3896540189728,1091,788,515,0.0469473684210526,2617,0.000323651452282158,0,0,0.155589924979915,5.43677978605829,NA,NA,NA,10.9990690376569,0.346295927975875,0.194098970790681,17.0635561533721,7.42223647577159,16.3056266159074,7.21081304043563,0.000282797651696203,0.878956345905449,0.169779716191018,0.723641421066517,0.135299137195411,"no SS",1
102117,42,4245,238,240,0.0624535833642778,28974,1426,234,65.2150289427215,574,2038.5,0.00245211496871038,4010,80227,0.0622608348810251,65,574,2038.5,33.0151480384384,985,728,473,0.0403157894736842,2026.5,0.000347302904564315,0,0,0.180259610926306,6.02827291905618,NA,NA,NA,8.51789748953975,0.271966527196653,0.138138694721499,15.8177707483774,6.171372331277,15.0683759295003,5.87001169360706,0.000260463090705574,0.888812229932313,0.196793002915452,0.741302966370464,0.157985974312505,"no SS",1
102058,42,4475,238,240,0.0646632176276792,27902,1520,234,61.400325732035,582,2020,0.00239379821456349,4192,79829,0.0646632176276792,61.400325732035,582,2020,35.9026461420325,970,761,477,0.0465789473684211,1990.5,0.000342738589211618,0,0,0.236900245509565,8.06934185937855,NA,NA,NA,8.44049163179916,0.256905128585921,0.150220276744906,15.9978495382506,6.08773778585208,15.3592367993321,6.05581669064129,0.000270473330585364,0.886214798044566,0.198990015805096,0.743713443358479,0.161597471184611,"no SS",1
102445,162,2,240,240,7.32395053892069e-05,9,3,238,1,2,5.445,3.49454629429649e-10,2,81923,7.32395053892069e-05,1,2,5.445,1.4142135623731,4,2,2,0,0.5,1.2448132780083e-06,0,0,NA,NA,NA,NA,NA,0.0113912133891213,0.00418410041841004,0.00591721155804642,1.20710678118655,0.292893218813453,1.20710678118655,0.292893218813453,2.64348726501548e-07,NA,NA,NA,NA,"no SS",1
102423,102,1,1,1,1.21728545343883e-05,2,1,1,0,1,2.7225,3.51745327708769e-10,0,82361,0,0,0,0,0,0,0,0,0,0,4.149377593361e-07,0,0,NA,NA,NA,NA,NA,-0.0113912133891213,0,0,NA,NA,NA,NA,-4.1851048435725e-08,NA,NA,NA,NA,"no SS",1
102160,66,3846,239,240,0.0588702570531359,22605,1330,234,56.7538544946508,537,1844,0.00189230486435137,3743,80567,0.0588702570531359,56.7538544946508,537,1844,33.9558536926993,1000,678,475,0.0376842105263158,2003,0.000308298755186722,0,0,0.133521237043238,5.13377291401016,NA,NA,NA,7.704089958159,0.237463826337451,0.142074701643093,16.0588522725179,6.40144370789361,15.540527445159,6.44664278451539,0.000246192731819087,0.856273942146487,0.196487012718008,0.697613248855157,0.155060275902067,"no SS",1
102310,90,3865,238,240,0.0555852153508064,22596,1360,234,58.4123274660409,531,1674.5,0.00201368322561997,3633,80543,0.0555852153508064,58.4123274660409,531,1674.5,36.1247837363769,844,681,425,0.0406315789473684,1657,0.00029253112033195,0,0,0.162458683829997,5.6071724437717,NA,NA,NA,6.99488493723849,0.244403043790966,0.151149722746347,16.9018525043412,7.78243930884392,15.5961664754525,7.38701978182897,0.000232532479607732,0.862388849566197,0.203056966618287,0.726816346850978,0.164776850507983,"no SS",1
102097,66,5643,238,240,0.0860516234377944,33101,2024,234,85.2349693494401,779,2929.5,0.00291438978032091,5410,79615,0.0860516234377944,85.2349693494401,779,2929.5,60.605280298007,1441,983,682,0.0575789473684211,2913,0.000439004149377593,0,0,0.16733447589978,5.96451007996489,NA,NA,NA,12.2459309623431,0.35663167091816,0.253578578652749,20.8407963821189,10.4517591631374,19.9733123334451,10.6094172384655,0.00036000704589606,0.863577274776322,0.204935686509124,0.706508618088735,0.161830690996111,"no SS",1
102108,42,7532,237,240,0.112142112248768,50717,2798,234,77.4144689318476,997,3319,0.00449492701677544,7120,78330,0.112051576662837,77.4144689318476,997,3319,42.7200187265877,1657,1285,832,0.0797894736842105,3315.5,0.000573858921161826,0,0,0.19877267585186,6.03494161196648,NA,NA,NA,13.8756380753138,0.323909911848735,0.1787448482284,20.7133643722206,8.55644796456827,20.0769623339342,8.53810064104536,0.00046870814379039,0.895003117600512,0.235295694600826,0.746066245165776,0.19087448394188,"no SS",1
101992,78,6276,238,240,0.0942901976664726,39467,2228,234,69.0507060065283,856,2847,0.00356901205103128,5971,79022,0.0942901976664726,69.0507060065283,856,2847,45.2769256906871,1480,1103,717,0.068,2856.5,0.000480912863070539,0,0,0.169960989946366,5.4489914840481,NA,NA,NA,11.9007426778243,0.288915087893424,0.189443203726724,19.5583685315923,8.27952209087861,19.0043722327905,8.31468870312962,0.000394435382747835,0.879821201638993,0.22745588863789,0.728783440670667,0.182276085231089,"no SS",1
102152,30,3942,238,240,0.0578211999490664,22679,1268,234,83.86298349093,537,2990,0.00201658291614992,3737,80488,0.0577104661564457,83.86298349093,537,2990,44.407206622349,908,692,433,0.0402631578947368,2958,0.000298340248962656,0,0,0.188480055860158,6.58386332507204,NA,NA,NA,12.4990690376569,0.350891144313515,0.185804211808992,20.188519277987,10.8665577591143,19.795552614983,10.7533980691939,0.000241340463405941,0.878177980442581,0.124141433038458,0.731328395286015,0.0998743886468717,"no SS",1
102161,198,1570,237,240,0.0227454840999107,8736,504,234,38.9486841883009,221,804,0.000750423932116269,1464,81532,0.0225678261296178,38.9486841883009,221,804,25.4950975679639,376,270,176,0.0170526315789474,759,0.000124896265560166,0,0,0.194243389226511,7.64971236231639,NA,NA,NA,3.35262552301255,0.16296520580879,0.106674048401523,10.1098384411941,4.50412213610093,9.87855415719633,4.58817993901655,9.43836427524065e-05,0.873844703574475,0.129377021515961,0.721656250734314,0.102939108423569,"no SS",1
102524,210,1,1,11,1.15203391587848e-05,1,1,1,0,1,2.7225,5.18838733020254e-12,0,82359,0,0,0,0,0,0,0,0,0,0,4.149377593361e-07,0,0,NA,NA,NA,NA,NA,-0.0113912133891213,0,0,NA,NA,NA,NA,-4.21886385658833e-08,NA,NA,NA,NA,"no SS",1
102241,78,4225,238,240,0.0633408768744871,27621,1424,234,73.6817480791546,573,2700,0.00233036734879305,4060,80422,0.0633408768744871,73.6817480791546,573,2686.5,42.4499705535822,1034,747,480,0.0444736842105263,2675.5,0.000334439834024896,0,0,0.191486632406551,6.52224512437032,NA,NA,NA,11.2291945606695,0.308291832967174,0.177614939554737,16.8753789620863,7.34084588159598,15.6207442774218,6.94919172107505,0.00026494037519062,0.86817643186534,0.155613257980755,0.719436439782699,0.124026271574767,"no SS",1
102090,90,3839,238,240,0.0577418351477449,22216,1332,234,60.9590026165127,524,2015,0.00194705188533343,3688,80375,0.0577418351477449,60.9590026165127,520,1975,40.4598566482878,953,647,441,0.0364210526315789,1814.5,0.000288381742738589,0,0,0.170649404139322,5.99185082439344,NA,NA,NA,8.25220711297071,0.25505858835361,0.169288103130911,16.8538743169169,8.53995847668207,16.6452396775975,8.88110226792864,0.000241555130806628,0.881757837658163,0.184159358755605,0.726296675239951,0.146343399071465,"no SS",1
102104,42,4415,238,240,0.0646838290427393,28915,1527,234,61.6846820531645,600,2172,0.00243899601562385,4157,80020,0.0646838290427393,61.6846820531645,600,2172,38.4837628097877,1019,757,518,0.0439473684210526,2149,0.00036804979253112,0,0,0.204560520703099,7.31812073732453,NA,NA,NA,9.07647489539749,0.258094903988136,0.161019928074426,17.2291056134895,7.42490482589866,16.337891155165,6.90874930676525,0.000270601639349731,0.870198635137444,0.194112132008251,0.719283127427158,0.155897243577724,"no SS",1
102004,90,4382,238,240,0.0656985390604497,28846,1516,234,69.6419413859206,588,2309,0.00241228121037144,4126,80017,0.0656985390604497,69.6419413859206,588,2309,40.7921561087423,1131,754,505,0.0445263157894737,2276,0.000352697095435685,0,0,0.20665710047014,7.16427548805485,NA,NA,NA,9.64969665271967,0.291388876091718,0.170678477442436,18.3541055971536,8.18414527817942,16.9925892818377,7.90673891489785,0.000274804730159792,0.87364645480464,0.181019937329982,0.7190125952528,0.142074997417444,"no SS",1
102422,174,29,240,240,0.000780773453702574,90,19,237,2.23606797749979,5,5.445,4.58785386077387e-07,29,81970,0.000780773453702574,2.23606797749979,5,1.5,5.09901951359278,35,7,10,0.000157894736842105,5,2.9045643153527e-06,0,0,0.0860074929771531,115.482434854659,NA,NA,NA,-0.00511506276150627,0.00935593296025017,0.0213348096803045,4.28609219131092,0.690743341612307,3.93769476747583,0.493612436930376,3.22463653506257e-06,0.54481351981352,0.0339162692103869,0.23415404040404,0.0153683094859565,"no SS",1
102275,126,3940,238,240,0.0596784052493045,28756,1317,234,57.0350769263968,595,2049.5,0.00240682903572667,3765,80163,0.0596784052493045,57.0350769263968,595,2049.5,29.2745623366089,1019,721,497,0.0407368421052632,2014.5,0.000357676348547718,0,0,0.197979624445742,7.00659866615644,NA,NA,NA,8.56392259414226,0.238640489231786,0.122487708521376,16.1403257445133,6.46726758000983,15.2413989033304,6.25361301985952,0.000249658049990104,0.850961772174145,0.189487859943756,0.69390945870642,0.149126628906405,"no SS",1
102162,78,4277,238,240,0.0630515559684162,26720,1456,234,52.0864665724217,569,1649.5,0.00228472664975589,4060,80131,0.0629469244112765,51.3517283058711,564,1634.5,32.5729949498047,984,731,453,0.0427368421052632,1653,0.00033402489626556,0,0,0.214838294146033,7.46615632339949,NA,NA,NA,6.82752092050209,0.214860787890674,0.136288681798346,15.8927651375758,6.71994577248465,15.3885006906262,6.7443378573163,0.000263250877696878,0.906152145341603,0.242663331088232,0.757592046384832,0.195323775618205,"no SS",1
102159,90,3082,238,240,0.0438095238095238,19465,1044,234,43.4626276242015,408,1107,0.00166006866912631,2865,80756,0.0436252414681262,43.4626276242015,408,1107,27.5136329843952,658,526,324,0.03,1232.5,0.000233609958506224,0,0,0.181751953927387,6.0709591588437,NA,NA,NA,4.62040794979079,0.181851998427621,0.115119803281988,13.8637593421911,5.66887141731812,13.4708729130378,5.69288890381549,0.000182405195444871,0.890530132460009,0.226021684737281,0.75197799773441,0.183807018669404,"no SS",1
102095,126,4874,238,240,0.072529861562297,28662,1573,234,70.0071424927486,652,2558.5,0.00252699945180417,4667,80036,0.072529861562297,70.0071424927486,651,2543,41.7612260356422,1138,822,562,0.0494210526315789,2531,0.000367634854771784,0,0,0.164506303599732,5.65076863568997,NA,NA,NA,10.6287761506276,0.292916914195601,0.174733163329047,16.7661495579113,7.09556371396005,16.5007943325267,7.10903016500856,0.000303342480539115,0.887193568355125,0.182020569421799,0.737237643985264,0.146337639533425,"no SS",1
102345,78,5416,238,240,0.0784451634078867,39652,1852,234,86.0929730001235,756,2770,0.00330176248932725,5020,79387,0.0776197614218953,86.0929730001235,753,2770,53.0094331227943,1142,935,593,0.0577368421052632,2822,0.000445228215767635,0,0,0.19820237732064,6.30086106117195,NA,NA,NA,11.5785669456067,0.360221644351981,0.221796791308763,18.0552307208674,7.26281784721417,16.9253077205008,7.20436247059024,0.000324727157058073,0.883557681693643,0.18189331995159,0.739062955344427,0.148183133099153,"no SS",1
102146,102,5637,238,240,0.085474923582022,35173,1917,234,90.8019823572151,768,2632.5,0.00314118043304579,5416,79497,0.085474923582022,90.8019823572151,768,2632.5,46.5725240887801,1379,985,652,0.0546842105263158,2600,0.000439419087136929,0,0,0.165751110965978,5.51949912755684,NA,NA,NA,11.0032531380753,0.379924612373285,0.194864117526276,21.3500226639129,10.2247477727213,20.0065447344043,9.81744420120248,0.000357593505490515,0.879906727761019,0.206560068093385,0.724899562748889,0.164640077821012,"no SS",1
102228,198,2024,237,240,0.0304077316545347,11424,609,234,39.3954312071844,280,883,0.000950957003639189,1962,81328,0.0304077316545347,39.3954312071844,280,883,25,511,358,222,0.0187894736842105,846,0.000155601659751037,0,0,0.159711080240723,6.14741932168419,NA,NA,NA,3.68316945606695,0.164834440197424,0.104602510460251,12.2642147479617,5.26525627670582,11.2680160036552,5.29716109481827,0.000127103994758963,0.84210652023828,0.163839936398569,0.702921490025569,0.129985424672055,"no SS",1
102244,222,1,1,9,1.04771284286403e-05,1,1,1,0,1,2.7225,3.65387155731406e-08,0,81802,0,0,0,0,0,0,0,0,0,0,4.149377593361e-07,0,0,NA,NA,NA,NA,NA,-0.0113912133891213,0,0,NA,NA,NA,NA,-4.24312224889213e-08,NA,NA,NA,NA,"no SS",1
102301,54,3248,238,240,0.047708624251307,19679,1149,234,46.7546789102438,436,1287.5,0.00172399246799703,3049,80787,0.0476685605357298,46.7546789102438,436,1287.5,26.9072480941474,802,551,377,0.0315789473684211,1260.5,0.000253526970954357,0,0,0.178182743490205,6.24150828446818,NA,NA,NA,5.37563807531381,0.195626271590978,0.112582628008985,13.6899379771155,5.48808441246327,13.2328697912892,5.56646248933058,0.00019940757970125,0.867299513280752,0.208884790627034,0.704285043029377,0.165382946409199,"no SS",1
102291,78,4472,238,240,0.0670425482445943,23712,1500,234,77.8331548891602,590,2796.5,0.00204975048107409,4274,80054,0.0668298898243685,77.8331548891602,590,2795,45.2769256906871,1076,774,507,0.0419473684210526,2807.5,0.000330705394190871,0,0,0.174934108225087,6.64073645070363,NA,NA,NA,11.6831694560669,0.325661735937909,0.189443203726724,16.9236652882887,7.53960602726396,15.86541731618,7.13828705602195,0.000279580506457059,0.880154720887393,0.155076958752428,0.727327571117375,0.12388764891736,"no SS",1
102323,78,2976,238,240,0.0447483832602394,18053,952,234,66.2872536767062,426,1694.5,0.00163924993794791,2857,80718,0.0447483832602394,66.2872536767062,426,1694.5,42.8018691180654,755,536,362,0.0306842105263158,1684,0.000244398340248963,0,0,0.167043243820679,5.91048848968594,NA,NA,NA,7.07856694560669,0.277352525843959,0.179087318485629,14.8288433276153,6.5810852977909,13.8357337262872,6.30143806889588,0.000187105867542137,0.858127596967059,0.151815736381977,0.704558802905626,0.120082380632145,"no SS",1
102229,186,1,1,2,1.01032552688476e-05,1,1,1,0,1,2.7225,4.61178670069985e-12,0,82082,0,0,0,0,0,0,0,0,0,0,4.149377593361e-07,0,0,NA,NA,NA,NA,NA,-0.0113912133891213,0,0,NA,NA,NA,NA,-4.19177135999884e-08,NA,NA,NA,NA,"no SS",1
102277,90,2652,237,240,0.0397801493604121,16937,923,234,44.8218696620299,378,1146.5,0.00147965161462374,2540,81146,0.0397801493604121,44.8218696620299,378,1146.5,30.4795013082563,688,472,313,0.0288421052631579,1131.5,0.000223651452282158,0,0,0.194776003600419,6.95221554838807,NA,NA,NA,4.79707112970711,0.18753920360682,0.127529294176805,13.4051817320799,5.89715412526446,13.1561566271236,6.29614788085771,0.000166444139583314,0.865046663631148,0.189114769465112,0.710656044221367,0.148807780186303,"no SS",1
102313,102,2727,238,240,0.041057716125836,15643,924,234,55.1543289325507,377,1422.5,0.00139384034233038,2613,80740,0.041057716125836,55.1543289325507,377,1422.5,34.2344855372474,702,478,324,0.0276842105263158,1400.5,0.000206224066390041,0,0,0.175316887323571,6.1980370962635,NA,NA,NA,5.94049163179916,0.23077125076381,0.143240525260449,13.1261761657986,5.95336202376282,12.5330610844625,5.79848486857241,0.00017174767186233,0.853902503168658,0.155356640734839,0.699266844527371,0.122457587402756,"no SS",1
102225,42,4913,238,240,0.0738202050073933,26853,1652,234,72.4430811050993,655,2493,0.00236200046096034,4683,79802,0.0738202050073933,72.4430811050993,655,2493,41.2310562561766,1208,844,562,0.0499473684210526,2517,0.000357676348547718,0,0,0.184098624936678,6.55960086070201,NA,NA,NA,10.4195711297071,0.303109125962759,0.172514879732957,19.6414668013431,8.9197834780996,18.9558079392656,8.95048190462587,0.000308786489972652,0.867182455337616,0.190296217333721,0.713525208956542,0.151274348289563,"no SS",1
102246,150,184,239,240,0.00296045417996638,786,48,210,11.6619037896906,31,60,6.05610956028023e-05,178,82082,0.00296045417996638,11.6619037896906,31,59.5,6.08276253029822,65,35,28,0.00126315789473684,53.5,1.16182572614108e-05,0,0,0.656020801038723,28.8025029398908,NA,NA,NA,0.237562761506276,0.0487945765259021,0.0254508892481097,3.81038826591537,1.64953815492886,3.71622349265689,1.3354763783437,1.23443093122011e-05,0.781932221217935,0.0629044783846751,0.626318394490663,0.04607817758219,"no SS",1
102145,78,3747,238,240,0.0548829613500272,26627,1267,234,50.9215082258961,498,1606.5,0.0022528571404682,3557,80007,0.0547202119814516,50.9215082258961,498,1606.5,31.7804971641414,821,650,402,0.0400526315789474,1592,0.000311618257261411,0,0,0.172032829671886,5.68940320222536,NA,NA,NA,6.71036610878661,0.213060703874042,0.132972791481763,16.366517248526,6.44100786087169,15.3135657794768,6.35985059404135,0.00022878527625914,0.890367414179025,0.216507591118144,0.747612877066595,0.175906236091192,"no SS",1
102501,42,3134,238,240,0.0462271999205334,18348,999,234,65.3681879816169,453,1540,0.0016861379033617,2954,80537,0.0462271999205334,65.3681879816169,453,1540,35.3553390593274,769,568,374,0.0340526315789474,1540,0.000258091286307054,0,0,0.172093758755469,6.27975131969095,NA,NA,NA,6.43212343096234,0.273507062684589,0.147930288951161,14.7784285910711,6.14910139549845,14.3052417920021,5.7889867661802,0.000193290931379207,0.87185323645764,0.176186645213194,0.724224441910005,0.139794614547348,"no SS",1
102121,42,5940,238,240,0.0878856512503961,39227,2028,234,76.0591874792257,795,3452.5,0.00351586364967058,5623,79303,0.0878655284163272,76.0591874792257,795,3450,45.7930125674212,1345,1007,665,0.0627894736842105,3452,0.000472199170124481,0,0,0.205826498168805,6.59841372662576,NA,NA,NA,14.4237552301255,0.318239278155756,0.191602563043604,20.4234773374875,9.59631316794053,19.5254166290561,9.41401456228627,0.000367595348035114,0.88653482269381,0.175485430780467,0.735954239953859,0.14161231017201,"no SS",1
102274,162,1,1,1,1.00903082589173e-05,1,1,1,0,1,2.7225,1.27029219336675e-09,0,82097,0,0,0,0,0,0,0,0,0,0,4.149377593361e-07,0,0,NA,NA,NA,NA,NA,-0.0113912133891213,0,0,NA,NA,NA,NA,-4.22188630080222e-08,NA,NA,NA,NA,"no SS",1
102191,90,3374,239,240,0.0508103625033117,20328,1170,234,72.4223722339996,451,2150,0.00182662274048304,3217,80928,0.0503039739027284,72.4223722339996,451,2150,42.5440947723653,854,574,381,0.0326315789473684,2147.5,0.000261410788381743,0,0,0.188101232435873,6.33128182501559,NA,NA,NA,8.98442468619247,0.303022477966526,0.17800876473793,17.2785940511413,8.83332825777416,16.7743801925519,8.60394579469317,0.000210434519627492,0.886478385333568,0.139589905362776,0.731196245350705,0.110307228089425,"no SS",1
102281,126,810,237,240,0.0119351114058052,3545,263,234,27.7848879788996,110,351.5,0.00032130585077605,764,81734,0.0118432965473365,27.7848879788996,110,351.5,18.0277563773199,204,132,95,0.00910526315789474,388.5,5.35269709543568e-05,0,0,0.145390802075127,5.60880253696954,NA,NA,NA,1.45932008368201,0.11625476141799,0.0754299430013387,8.0351280406008,3.2916531290383,7.38872245015977,3.23234492103007,4.95112941880756e-05,0.844336108812212,0.105723023154216,0.702663354823281,0.0834425513324596,"no SS",1
102098,54,5425,237,240,0.0822236765927455,39935,1861,234,92.3471710449216,740,3421,0.00335782223765217,5233,79454,0.0822236765927455,92.3471710449216,740,3421,55.0726792520575,1300,943,617,0.0568421052631579,3412.5,0.000448132780082988,0,0,0.188011281841172,5.94047728199259,NA,NA,NA,14.3024163179916,0.38638983700804,0.230429620301496,19.13750583936,9.74057752688747,18.3141141408099,8.90712932283649,0.000343989611249077,0.879933881689733,0.162686455661529,0.726040261901453,0.130313519436213,"no SS",1
102231,42,4436,237,240,0.0658569534435744,28113,1511,234,70.0071424927486,612,2410.5,0.0024602795725014,4231,79946,0.0658569534435744,70.0071424927486,612,2362,48.2597140480546,1034,782,517,0.0501052631578947,2408,0.000360995850622407,0,0,0.186809056433476,6.48376515264775,NA,NA,NA,9.8714539748954,0.292916914195601,0.201923489740814,16.7311897419239,6.88861953812927,15.857930022462,6.67360264377513,0.000275510163953424,0.868901948720627,0.183526213050753,0.726368382606214,0.147483268265477,"no SS",1
102229,42,4036,238,240,0.0593202596133715,23237,1333,234,67.0671305484289,560,2177,0.00211627264125031,3755,80034,0.0591748506884574,67.0671305484289,560,2177,38.5875627631495,981,701,468,0.0402105263157895,2183,0.000309958506224066,0,0,0.148601297903241,5.15714293984829,NA,NA,NA,9.09739539748954,0.280615608989242,0.161454237502717,17.5582378042103,8.30204400396675,16.8452542823112,8.19794600783437,0.000247550902634329,0.863316128504545,0.171290100907809,0.709974612383119,0.135809613367572,"no SS",1
102168,150,2666,237,240,0.0391020820749251,16330,877,234,44.6878059430087,343,1151.5,0.00138485726049977,2527,81121,0.0391020820749251,44.5982062419555,343,1151.5,24.1867732448956,645,453,293,0.0254736842105263,1166,0.000205809128630705,0,0,0.224667561254349,7.97299787803844,NA,NA,NA,4.80660041841004,0.186603373397303,0.101199888053957,12.665081466482,5.20258874381432,12.0396834655192,4.9461364176212,0.000163480194517501,0.885290593073917,0.191511199661897,0.731632206615796,0.152568979049689,"no SS",1
102380,114,509,239,240,0.00830615510523166,2539,150,234,25.0199920063936,75,169.5,0.000205648739303242,488,81867,0.00830615510523166,25.0199920063936,75,169.5,14.3178210632764,192,93,70,0.00426315789473684,166,3.85892116182573e-05,0,0,0.170449353494423,7.54046415530123,NA,NA,NA,0.697813807531381,0.104686159022567,0.0599072011015747,6.8481032808876,3.37776982809739,6.05062258721478,3.48017188880687,3.47121972493971e-05,0.796519866351597,0.108939442486383,0.613723884524224,0.0781800704902275,"no SS",1
102003,90,3736,237,240,0.0543066812196651,22760,1289,234,74.8465096046569,509,2052,0.00197203956813665,3505,80208,0.0540095751047277,74.8465096046569,509,2052,50.2891638427206,827,632,420,0.0364736842105263,2005,0.000296265560165975,0,0,0.16241090690428,5.79213268081729,NA,NA,NA,8.57438284518828,0.313165312153376,0.210414911475819,14.6843690870032,5.75703531354737,14.2200672202731,5.98851025800797,0.00022585517078619,0.870324596079182,0.164714828897338,0.725044815576734,0.133269961977186,"no SS",1
102425,78,469,238,240,0.00688876469850249,2302,144,234,18.4390889145858,56,142,0.000191749872008202,422,81910,0.00670247832987425,18.4390889145858,55,142,11.4017542509914,127,81,58,0.00426315789473684,145.5,3.3195020746888e-05,0,0,0.107474110327959,4.40065715588061,NA,NA,NA,0.582751046025105,0.0771509996426183,0.0477060847321815,5.95545114015413,2.23171281715212,5.74521965504796,2.18056340292852,2.79173274951268e-05,0.889366866599009,0.101011959521619,0.711435753400039,0.0776448942042318,"no SS",1
102227,54,1,1,3,1.02197240674502e-05,1,1,1,0,1,2.7225,1.55033626260514e-16,0,82076,0,0,0,0,0,0,0,0,0,0,4.149377593361e-07,0,0,NA,NA,NA,NA,NA,-0.0113912133891213,0,0,NA,NA,NA,NA,-4.2048302314511e-08,NA,NA,NA,NA,"no SS",1
102284,90,3554,238,240,0.053181705195128,22537,1182,234,55.2268050859363,508,1824.5,0.0019104761647547,3413,80460,0.053181705195128,55.2268050859363,506,1824.5,34,866,636,413,0.0363157894736842,1811,0.000299170124481328,0,0,0.277014265319388,10.3115999388039,NA,NA,NA,7.6225,0.231074498267516,0.142259414225941,15.7240505215167,7.07201155387505,15.1736814179912,7.09862728831558,0.000222433188745013,0.880042285987237,0.179157595042706,0.729016916568545,0.142899011890806,"no SS",1
102190,42,4162,238,240,0.0629382011217949,30254,1409,234,68.264192663504,600,2188,0.0026313512152879,3974,79872,0.0629382011217949,68.264192663504,600,2188,35.4400902933387,1053,758,505,0.0436842105263158,2165.5,0.000362240663900415,0,0,0.191735565985109,6.28995953115205,NA,NA,NA,9.14342050209205,0.285624237085791,0.148284896624848,18.8437971692618,8.12797084430002,17.6510926079799,8.04427220976927,0.000263254968585652,0.884546793173768,0.186461424332344,0.724501604096191,0.147403560830861,"no SS",1
102150,90,5625,238,240,0.082617146336323,37956,1937,234,61.400325732035,761,2330.5,0.00322309283158333,5250,79400,0.0818639798488665,61.400325732035,761,2330.5,36.1247837363769,1250,955,610,0.0594210526315789,2300.5,0.000465145228215768,0,0,0.206257499249406,7.05156423760202,NA,NA,NA,9.73965481171548,0.256905128585921,0.151149722746347,18.7498615849866,7.55451356854829,18.0888400714418,7.40687403478342,0.000342484530408592,0.893222855371299,0.24033128743622,0.743454344195663,0.194113732160024,"no SS",1
102192,126,3339,237,240,0.0492300049677099,23014,1191,234,74.5251635355468,484,2452,0.00204266415654875,3159,80520,0.0492300049677099,74.5251635355468,484,2452,40.7921561087423,805,617,397,0.0396842105263158,2462,0.000285477178423236,0,0,0.174245575378852,5.79317382164788,NA,NA,NA,10.2480230125523,0.311820767931158,0.170678477442436,17.0769079074876,8.27411518030556,16.0324854278568,7.90876923602031,0.000205898259837775,0.871424230324189,0.126246058791681,0.720779974494235,0.100608299627377,"no SS",1
102164,102,7141,237,240,0.106673947624587,41436,2438,234,93.9414711402797,937,3710.5,0.00358785062124338,6678,78145,0.106136029176531,93.9414711402797,937,3710.5,51.8652099195598,1616,1190,792,0.0787894736842105,3596,0.000529460580912863,0,0,0.167235242266275,5.86369826481268,NA,NA,NA,15.5137133891213,0.393060548704099,0.217009246525355,21.9596719714476,9.92991006345844,21.3556976981223,9.51647101343593,0.000443955157535097,0.880469218423011,0.199327084835376,0.728960253462512,0.160490266762797,"no SS",1
102278,42,5481,238,240,0.0812459049443072,37682,1872,234,60.8276253029822,725,2414.5,0.00325482581778298,5161,79364,0.0812459049443072,60.8276253029822,725,2414.5,32.2024843762092,1287,949,615,0.0577894736842105,2378,0.000442738589211618,0,0,0.192386582176398,6.21523608876536,NA,NA,NA,10.0911192468619,0.254508892481097,0.13473842835234,17.4929449116548,6.74827522486376,16.9148680521367,6.65690130783406,0.000339855495427212,0.896449254479971,0.229670525378451,0.74194845833315,0.183829029385574,"no SS",1
102389,174,1397,238,240,0.0205734947479232,5880,409,234,32.5729949498047,176,562.5,0.000524447463004357,1322,81570,0.0203873973274488,31.9530906173409,176,556,24.1867732448956,341,226,156,0.0121578947368421,565.5,8.96265560165975e-05,0,0,0.195340059837723,7.8615616153305,NA,NA,NA,2.31496861924686,0.13369493982151,0.101199888053957,11.3994519300618,5.98772363892232,10.7049283720774,5.96412196462389,8.52610515642119e-05,0.843327709376173,0.156296992481203,0.70208312408899,0.124248120300752,"no SS",1
102088,114,3282,238,240,0.0481366998923349,21595,1056,234,65.3911308970873,470,1885,0.00180047746404801,3097,80515,0.0479041172452338,65.3911308970873,470,1885,38.9486841883009,760,577,369,0.0334736842105263,1878.5,0.000283817427385892,0,0,0.160744607980045,6.02414482641892,NA,NA,NA,7.87563807531381,0.273603058146809,0.16296520580879,14.3927167726993,5.79086160223532,13.6315967528545,5.71329040715917,0.000200351747794618,0.870018492268396,0.156451547479009,0.72419875124016,0.12562365635014,"no SS",1
102195,42,2263,237,240,0.032734132268087,13842,718,234,65.0691939399898,330,1605.5,0.00123026465488499,2142,81108,0.032734132268087,65.0691939399898,330,1605.5,37.6430604494374,513,402,258,0.0232105263157895,1601.5,0.000189211618257261,0,0,0.205999810178065,7.51256592101869,NA,NA,NA,6.7061820083682,0.272256041589915,0.157502344976726,15.4906358165734,8.3475973652665,14.7194649136873,8.10984681603501,0.000136920528885319,0.852387330555278,0.113631500106998,0.712685953626292,0.091675583137171,"no SS",1
102265,150,1,1,12,1.24234405476253e-05,1,1,1,0,1,2.7225,2.16540071992215e-11,0,82001,0,0,0,0,0,0,0,0,0,0,4.149377593361e-07,0,0,NA,NA,NA,NA,NA,-0.0113912133891213,0,0,NA,NA,NA,NA,-4.15237626375495e-08,NA,NA,NA,NA,"no SS",1
102120,42,4116,238,240,0.0615096446936734,24832,1453,234,68.6221538571911,541,2126,0.00224342354236699,3934,80065,0.060663211140948,67.2309452558864,538,2126,40.8044115262063,923,716,449,0.0423684210526316,2261,0.000314522821576764,0,0,0.14506624829697,4.78540233468362,NA,NA,NA,8.88400627615063,0.281301026175257,0.170729755339775,17.6767248979007,8.92947256892175,16.833329069483,8.69084778839609,0.000253650651531098,0.890663587232722,0.18127192655072,0.741495591086389,0.146823915802045,"no SS",1
102293,42,3663,238,240,0.0551239730957286,19157,1258,234,63.1981012372998,484,1651.5,0.00167915355534643,3556,80582,0.0551239730957286,63.1981012372998,484,1651.5,46.0977222864644,886,629,425,0.0362631578947368,1616,0.00025643153526971,0,0,0.16789305097814,6.03183046530792,NA,NA,NA,6.89865062761506,0.264427201829706,0.192877499106546,17.6125989116615,9.23263960143065,16.9024401210111,8.9946400169868,0.000230518161139589,0.869711834096394,0.202028471369446,0.717016166188131,0.161731932505571,"no SS",1
102187,90,2717,238,240,0.0399487510965419,16981,927,234,45.2769256906871,362,1157,0.00147492624524793,2553,80825,0.0399133931333127,45.2769256906871,362,1157,25.6124969497314,673,480,315,0.0286842105263158,1154,0.000213278008298755,0,0,0.249828223526703,8.55885790079721,NA,NA,NA,4.8296129707113,0.189443203726724,0.107165259203897,12.7484787042182,4.87879578808949,12.0638658635986,4.76751958723968,0.000166916805693994,0.877025754611832,0.193579357935794,0.720737340279746,0.153195319531953,"no SS",1
102211,30,1,1,1,1.01066248926171e-05,1,1,1,0,1,2.7225,2.78491611418206e-19,0,82066,0,0,0,0,0,0,0,0,0,0,4.149377593361e-07,0,0,NA,NA,NA,NA,NA,-0.0113912133891213,0,0,NA,NA,NA,NA,-4.22871334419126e-08,NA,NA,NA,NA,"no SS",1
102112,102,3556,237,240,0.0516530044289473,25409,1196,234,54.817880294663,495,1677,0.00213839127277276,3310,80454,0.0508862206975415,54.817880294663,495,1677,36.3593179253957,784,613,383,0.0371578947368421,1677,0.000293775933609959,0,0,0.211107453292388,6.84144781016328,NA,NA,NA,7.00534518828452,0.229363515877251,0.152131037344752,15.6800434297179,7.41623010914581,14.8832695288442,7.18037000712228,0.000212870790255779,0.888371248546464,0.188031047627796,0.742561453461663,0.152023147935516,"no SS",1
102150,66,5429,237,240,0.0820350042996611,34059,1855,234,69.6347614342147,747,2607,0.00294710448604888,5188,79076,0.0820350042996611,69.6347614342147,747,2607,39.2045915678253,1299,944,627,0.0536842105263158,2610,0.000427385892116183,0,0,0.182493509417027,6.26870972372809,NA,NA,NA,10.8965585774059,0.291358834452781,0.164035947982533,17.8021493564525,6.94723850350403,16.8261357799949,6.65948084312379,0.000343200359475127,0.868002386287497,0.207014296655604,0.716704201309178,0.165560377840184,"no SS",1
102420,54,5283,238,240,0.077738020065951,35915,1881,234,65.7951365983839,701,2216,0.00304698610229632,4967,79537,0.077133912518702,64.3816744112795,701,2206,41.3400532171888,1168,903,598,0.0574210526315789,2169.5,0.000421576763485477,0,0,0.158780930372452,5.20473987514651,NA,NA,NA,9.21873430962343,0.269379390842174,0.172970933963133,17.0166845442223,6.96865479945155,16.3724918640307,6.75466363295448,0.000322651387802879,0.904957479455078,0.232078683563458,0.752623428845433,0.187894836391148,"no SS",1
102218,78,4753,238,240,0.0716797056906026,31050,1596,234,62.1691241694782,641,2067,0.00262319350233035,4513,79968,0.0714285714285714,62.1691241694782,641,2067,38.9101529166874,1199,812,556,0.046,2453,0.000361825726141079,0,0,0.195216532265204,6.37730534444229,NA,NA,NA,8.63714435146444,0.2601218584497,0.162803987099111,17.7321680913638,7.82373835409111,16.8030582921423,7.61453218399478,0.000298780031806055,0.87585521317632,0.215060240963855,0.720707746054576,0.169917168674699,"no SS",1
102173,90,3403,238,240,0.0499465214038753,21735,1111,234,57.4543296888929,465,1573,0.0018851060354608,3253,80406,0.0499465214038753,57.4543296888929,465,1551.5,33.3766385365573,763,585,374,0.0361578947368421,1552.5,0.000279668049792531,0,0,0.187335762511188,6.61627773973127,NA,NA,NA,6.48024058577406,0.240394684890765,0.13965120726593,14.1478326269956,6.08578600457898,13.5041089771359,5.668924970745,0.000208897309611421,0.896685527034056,0.195701963841918,0.746418834804796,0.158520539934701,"no SS",1
102283,234,1,1,4,1.02938905759432e-05,1,1,1,0,1,2.7225,2.60543183519615e-28,0,82421,0,0,0,0,0,0,0,0,0,0,4.149377593361e-07,0,0,NA,NA,NA,NA,NA,-0.0113912133891213,0,0,NA,NA,NA,NA,-4.19997632893341e-08,NA,NA,NA,NA,"no SS",1
102141,78,4251,238,240,0.0658082796319049,27600,1426,234,80.5232885567896,578,2303,0.00233257347295386,4056,79762,0.0658082796319049,80.5232885567896,578,2303,48.2700735445887,1193,733,527,0.0392105263157895,2204,0.000352697095435685,0,0,0.178684098985727,6.39620880398341,NA,NA,NA,9.62459205020921,0.336917525342216,0.201966834914597,16.9174319494995,6.77277337245616,16.2856452550006,6.74547987438202,0.000275263232712636,0.870662596913402,0.177661194787612,0.700220390352922,0.137282112032493,"no SS",1
102146,78,6535,238,240,0.0982835645426758,43301,2303,234,75.2396172239067,846,2848.5,0.00374580715929405,6198,78981,0.0979602689254378,75.2396172239067,846,2848.5,49.7393204617835,1539,1116,753,0.0689473684210526,2834,0.000519502074688797,0,0,0.181407184373292,5.99506715674464,NA,NA,NA,11.9070188284519,0.314810113907559,0.20811431155558,21.5495871313307,10.3275038651249,20.6542714707735,10.0377133753323,0.000409791900938826,0.893261954833561,0.242973337939265,0.732980114472959,0.194642464591904,"no SS",1
102160,66,6839,238,240,0.105523693772393,44254,2274,234,80.6225774829855,956,4328,0.00379187525498604,6589,78987,0.105523693772393,80.6225774829855,956,4328,49.9799959983992,1746,1200,819,0.0737894736842105,4088.5,0.000547302904564315,0,0,0.189080438132385,6.4699697987011,NA,NA,NA,18.0973953974895,0.337332960179856,0.209121322169034,20.9521336317404,9.8534264733546,19.8447089338059,9.44538017611873,0.000441395133437129,0.864870324120852,0.17818205139168,0.711205900114818,0.140856813031767,"no SS",1
102205,42,3417,238,240,0.0501150505975208,22412,1151,234,48.5489443757534,463,1339,0.00192004178341723,3232,80834,0.0501150505975208,48.5489443757534,463,1339,32.5729949498047,819,585,397,0.0357368421052632,1430.5,0.000270954356846473,0,0,0.203742336960888,6.86071907115373,NA,NA,NA,5.59111924686192,0.203133658475956,0.136288681798346,16.0336874420103,7.34977224338466,15.2824847971433,6.94433717492892,0.000209559632459793,0.883723128939658,0.216492090637024,0.730654199493151,0.17272338606242,"no SS",1
102009,54,3315,238,240,0.0493402678649008,18966,1090,234,55.3263047744922,439,1398.5,0.00154360648750564,3183,80563,0.0493402678649008,55.3263047744922,439,1398.5,30.0166620396073,792,559,381,0.0307894736842105,1512.5,0.000257676348547718,0,0,0.164530556301773,6.47560150671149,NA,NA,NA,5.84007322175732,0.231490814956034,0.125592728199194,14.1166749904596,5.90675898050434,13.3409541615811,5.70929390878012,0.000206402507947008,0.86787552118803,0.199058540738144,0.719939792586902,0.15939706545145,"no SS",1
102154,102,3906,238,240,0.0575228388540178,24695,1256,234,73.3757453113766,542,1981.5,0.00211021968320891,3682,80455,0.0575228388540178,73.3757453113766,542,1981.5,47.7598157450382,946,680,446,0.0381052631578947,1980.5,0.000311618257261411,0,0,0.188734868441533,6.61898299442654,NA,NA,NA,8.27940376569038,0.307011486658479,0.199831865042001,17.7999128195362,8.66385286961785,16.5621815208019,8.17274984908244,0.000240556037890847,0.873152156106673,0.175110673880964,0.725969961842583,0.139316659729842,"no SS",1
102211,102,1,1,6,1.0432641649192e-05,1,1,1,0,1,2.7225,8.97107427234175e-08,0,82087,0,0,0,0,0,0,0,0,0,0,4.149377593361e-07,0,0,NA,NA,NA,NA,NA,-0.0113912133891213,0,0,NA,NA,NA,NA,-4.22440120591447e-08,NA,NA,NA,NA,"no SS",1
102308,186,28,238,240,0.000379010172143975,142,9,234,3,4,5.445,1.74439647066339e-05,23,81792,0.000379010172143975,3,4,0,2.23606797749979,8,5,3,0.000210526315789474,1.5,2.0746887966805e-06,0,0,NA,NA,NA,NA,NA,-0.0113912133891213,0.0125523012552301,0.00935593296025017,1.96211650579089,0.47449786780808,1.66011261594915,0.55229759003464,1.54373490827496e-06,NA,NA,NA,NA,"no SS",1
102353,90,3407,238,240,0.0514637445551681,24592,1165,234,56.0802995712398,484,1645.5,0.00214543441922058,3259,80581,0.0514637445551681,56.0802995712398,484,1645.5,34.2344855372474,888,633,418,0.0358421052631579,1612.5,0.000302489626556017,0,0,0.193369510320003,6.51056329883932,NA,NA,NA,6.8735460251046,0.234645604900585,0.143240525260449,15.3732214714298,6.42827569451842,14.5306429744266,5.91576451833363,0.000215288049209726,0.87176917849984,0.195834907442388,0.712567639439807,0.153900642236494,"no SS",1
102331,114,4980,238,240,0.0753231728786278,28540,1658,234,65.7647321898295,664,2348.5,0.00248799522713597,4766,79524,0.0753231728786278,65.7647321898295,664,2348.5,38.1182371050918,1224,864,585,0.0504736842105263,2217,0.000383402489626556,0,0,0.148534171161418,5.41970340938216,NA,NA,NA,9.81496861924686,0.27516624347209,0.159490531820468,17.3467198464932,7.05548177556814,16.7527966583581,6.84872519562523,0.000315117809001497,0.871161234738546,0.208514637797194,0.718179140098129,0.165906638354162,"no SS",1
102268,42,5705,238,240,0.0838467405973127,39935,2069,234,68.1542368455549,769,2427,0.00362536173395616,5351,79237,0.0836225500713051,68.1542368455549,769,2427,37.3630833845388,1275,983,644,0.0659473684210526,2390.5,0.00045850622406639,0,0,0.254047163096822,7.63940913040785,NA,NA,NA,10.1434205020921,0.285164170901904,0.156330892822338,18.7067481431297,8.09892929176323,18.0622582592984,7.99274075703743,0.000349842853196745,0.887948394822049,0.231508333042172,0.73738578342224,0.186960623318542,"no SS",1
102243,234,1,1,11,1.1461449414893e-05,1,1,1,0,1,2.7225,4.58001116560811e-16,0,82350,0,0,0,0,0,0,0,0,0,0,4.149377593361e-07,0,0,NA,NA,NA,NA,NA,-0.0113912133891213,0,0,NA,NA,NA,NA,-4.27276019240239e-08,NA,NA,NA,NA,"no SS",1
102136,42,4483,238,240,0.0657450720286718,27334,1572,234,69.1230786351418,611,2598.5,0.00238827047051352,4207,79992,0.0654190419041904,69.1230786351418,611,2598.5,43.3243580448689,1026,763,504,0.0442105263157895,2554,0.000366390041493776,0,0,0.160234239202259,5.80837633725273,NA,NA,NA,10.8609937238494,0.289217902239087,0.181273464622883,18.6991894990297,9.12912858076544,17.6078275588963,8.6580446566447,0.000273636322290831,0.857581092447678,0.163746166843983,0.709485211238934,0.131641529507479,"no SS",1
102065,30,3904,238,240,0.0575313442218368,27553,1326,234,62.6418390534633,539,1808,0.00229471692859337,3671,79975,0.0567427321037824,62.6418390534633,539,1808,33.9558536926993,867,682,451,0.0397894736842105,1817.5,0.000324066390041494,0,0,0.202282223083923,6.79646552116614,NA,NA,NA,7.55346234309623,0.26209974499357,0.142074701643093,15.099601427579,6.1969380547427,14.5972983034502,5.95266172620605,0.000237331822587234,0.898194879035609,0.189596824733654,0.747078522386079,0.153373720493002,"no SS",1
102359,162,155,237,240,0.00250648016823984,855,44,234,8.94427190999916,26,45,8.48817676270342e-05,153,81788,0.00250648016823984,8.94427190999916,25,45,5.8309518948453,52,33,21,0.00184210526315789,43.5,1.49377593360996e-05,0,0,0.121867178479448,5.15265011703364,NA,NA,NA,0.176893305439331,0.0374237318410007,0.024397288262951,3.68946420053867,1.4167733088221,3.07896214394127,1.4701162776485,1.04451079094624e-05,0.873380275186998,0.0557519717160729,0.69328931572629,0.0416100081588251,"no SS",1
102118,90,2664,238,240,0.0388377578392378,16696,881,234,44.3846820423443,365,1033,0.00146778098316935,2494,80630,0.0385836537269007,44.3846820423443,365,1033,23.3238075793812,617,475,295,0.0283157894736842,1221.5,0.0002149377593361,0,0,0.172414601039817,5.97586280872646,NA,NA,NA,4.31078451882845,0.185709966704369,0.0975891530518042,13.0264267701142,5.14718754617648,12.1717906624057,4.90254567333768,0.000161395279828866,0.882032345863347,0.208512064343164,0.739425736668916,0.1671581769437,"no SS",1
102282,66,1790,237,240,0.0246477251795911,12738,537,234,47.4130783645188,241,819,0.00106452275385767,1628,81033,0.0245208742117409,47.4130783645188,239,819,31.1126983722081,359,300,183,0.0166842105263158,826.5,0.000156016597510373,0,0,0.260354237177692,9.0361171378191,NA,NA,NA,3.4153870292887,0.198381081023091,0.130178654277021,11.877083626551,5.69754326688855,11.8056981692078,5.71322681207828,0.000102512613648929,0.896351638127954,0.145163646990064,0.756570619812984,0.118936294564582,"no SS",1
102429,102,4833,238,240,0.0725104061002484,32013,1551,234,77.1038261048049,681,2190,0.00279750849595504,4583,79829,0.0722293903218129,76.5506368360186,681,2190,52.2015325445527,1183,852,576,0.0525263157894737,2333.5,0.000392116182572614,0,0,0.216161343556139,7.18004019966004,NA,NA,NA,9.15178870292887,0.32029555161514,0.218416454161309,20.1471547315986,11.2636454044443,19.2274427445613,10.7072594486189,0.000302130695156234,0.875717519563513,0.207641614750261,0.721068507731375,0.165040152688249,"no SS",1
102141,54,9557,238,240,0.14366342374847,59234,3466,234,85.0411665018772,1224,4207,0.00502713327565623,9020,77605,0.14366342374847,85.0411665018772,1224,4184.5,56.4003546088143,2129,1596,1059,0.102526315789474,4229,0.000713692946058091,0,0,0.157371440616727,5.29733801236691,NA,NA,NA,17.4969769874477,0.355820780342582,0.235984747317215,24.7999915196566,11.4413555848895,23.8892003565514,11.6683948898966,0.000601018068604289,0.886240416231618,0.255295276041309,0.737536357008557,0.206544388724783,"no SS",1
102226,102,40,238,240,0.000683614612262337,92,15,234,3.16227766016838,4,5.445,4.02244734214481e-06,37,82042,0.000633821701079935,3.16227766016838,4,3,3.16227766016838,15,6,6,0,3,2.4896265560166e-06,0,0,0.381214087400119,49.5008368448621,NA,NA,NA,0.00116108786610879,0.0132312872810392,0.0132312872810392,1.06639093961136,1.35475918033345,1.06639093961136,1.35475918033345,2.60997893988224e-06,0.915584415584416,0.0230905861456483,0.642184204684205,0.0164298401420959,"no SS",1
102179,114,4808,238,240,0.0710831664851827,27630,1725,234,74.2024258363566,619,2695,0.00246125326101621,4539,79472,0.0709054761425408,74.2024258363566,619,2689.5,41.1096095821889,1096,834,523,0.0492631578947368,2501,0.00035103734439834,0,0,0.150416722568129,5.09395177219582,NA,NA,NA,11.2417468619247,0.31047040098894,0.17200673465351,18.4039382810464,8.63325945868945,18.1108347201919,8.58430777677987,0.000296633750346976,0.891358589130878,0.17007213352247,0.742745936265227,0.136993329912776,"no SS",1
102351,162,1813,239,240,0.026813452339859,9391,570,234,39.560080889705,240,688,0.000854570672071296,1746,81116,0.026813452339859,39.560080889705,239,688,26,429,313,195,0.0179473684210526,675.5,0.000126970954356846,0,0,0.184688274954346,6.53062378550584,NA,NA,NA,2.86726987447699,0.16552335100295,0.108786610878661,11.1565568360193,5.49957435799618,10.4118515588185,5.29565546645812,0.000112105654141881,0.886844348485714,0.173237753882915,0.741928796958095,0.139068100358423,"no SS",1
102071,78,5771,238,240,0.0865929865590384,39503,1975,234,77.987178433381,774,2763.5,0.00329598201190473,5439,79533,0.0865929865590384,76.5767588763066,774,2763.5,42.5440947723653,1448,1012,665,0.0631578947368421,2730.5,0.000469294605809129,0,0,0.186694816990359,6.29158024566508,NA,NA,NA,11.5399790794979,0.316220748436429,0.17382466431952,18.6536254822649,7.87066963405484,17.9612987276836,7.69898891142526,0.000362143876527273,0.884880515793607,0.212260371078099,0.727377650708588,0.167632373790298,"no SS",1
102250,54,2178,238,240,0.032531667448579,13239,677,234,56.7274184147313,316,1354,0.00115266688944559,2085,80998,0.032531667448579,56.7274184147313,316,1354,31.7804971641414,550,402,273,0.0262105263157895,1345.5,0.000178423236514523,0,0,0.172839869502974,6.36035453448806,NA,NA,NA,5.65388075313808,0.237353215124399,0.132972791481763,11.5280296957986,5.55240311442164,11.4335887406579,5.34373698264606,0.000136073365697377,0.872320806115635,0.132825889706624,0.712379244228722,0.105101320697651,"no SS",1
102031,102,5588,238,240,0.0839360319083141,38841,1926,234,72.8010988928052,790,2918,0.0034476358419858,5360,79227,0.0839360319083141,72.8010988928052,790,2918,41.6293165929973,1290,987,649,0.0605789473684211,2867,0.000465560165975104,0,0,0.200503954712936,6.46813295500671,NA,NA,NA,12.1978138075314,0.304607108338097,0.174181240974884,18.6816743760149,8.10804570956944,17.7374577781229,7.87443406504438,0.000351112657495321,0.879575143397316,0.196078431372549,0.730505035720214,0.158042164234115,"no SS",1
102567,198,0,1,-Inf,0,1,1,1,0,0,0,1.4645078926785e-12,0,82100,0,0,0,0,0,0,0,0,0,0,4.149377593361e-07,0,0,NA,NA,NA,NA,NA,0,0,0,NA,NA,NA,NA,0,NA,NA,NA,NA,"no SS",1
102120,30,3948,238,240,0.0605997573236263,27998,1349,234,53.8144961882948,562,1657,0.00234775524106584,3814,80634,0.0604211622888608,53.8144961882948,562,1657,32.649655434629,1058,701,482,0.0398947368421053,1646,0.000340248962655602,0,0,0.185104966206506,6.39093590814602,NA,NA,NA,6.92166317991632,0.22516525601797,0.136609436964975,15.9216657647148,6.58690024413148,15.481150265075,6.56703069622219,0.000252594474184669,0.88114767161862,0.234965034965035,0.714704550487912,0.183940197733301,"no SS",1
102073,54,4308,238,240,0.0647346255264375,29695,1360,234,63.3245607959503,650,2223,0.00253201746837632,4166,80019,0.0647346255264375,63.3245607959503,650,2223,36.1247837363769,1014,781,524,0.0470526315789474,2174.5,0.00037551867219917,0,0,0.17990756535033,6.32722240197191,NA,NA,NA,9.27847280334728,0.260772220903558,0.146965622327937,17.5796584458153,7.66217137181186,16.8809386780931,7.49439818144406,0.000270731096014972,0.863970937143786,0.196256725013261,0.714894239868127,0.157838902780935,"no SS",1
102312,78,4833,238,240,0.0719796741334701,32660,1646,234,62.9682459657247,675,2008,0.00288411844977926,4617,79914,0.071864754611207,62.9682459657247,675,1997.5,35.6089876295297,1126,832,549,0.0531052631578947,1999,0.000395435684647303,0,0,0.220206713064558,7.17707675976146,NA,NA,NA,8.34634937238494,0.263465464291735,0.148991580039873,16.6040524303445,6.96638018074326,16.1918043677904,6.80551487049497,0.000300563267017412,0.885253752181476,0.23663933412996,0.732198077610768,0.190242696444023,"no SS",1
102383,150,3492,239,240,0.0517078780908568,20190,1166,234,58.2408791142441,468,1659.5,0.00176782586760507,3345,81060,0.0515420676042438,58.2408791142441,468,1659.5,30.886890422961,833,595,395,0.0343684210526316,1626,0.000265145228215768,0,0,0.167107826543188,5.98482360515778,NA,NA,NA,6.93212343096234,0.243685686670478,0.129233851142096,15.1425221107174,6.49523244328011,14.6889606882162,6.39213639517218,0.00021553090847271,0.876189278550528,0.181038218216483,0.724933528095571,0.144943235982321,"no SS",1
102111,90,4283,238,240,0.0632027197939269,31069,1413,234,59.9416382825828,588,2070,0.00267053224674005,4051,80245,0.0627578042245623,59.9416382825828,588,2070,32.7566787083184,985,762,505,0.047,2055.5,0.000360165975103734,0,0,0.185150346296741,5.95435380212672,NA,NA,NA,8.64969665271967,0.250801833818338,0.137057233089198,16.0413356636871,6.2381876967793,15.5159668188732,6.10423449466608,0.000262501919750049,0.8835798262396,0.198127311354158,0.73047145433793,0.15937524588874,"no SS",1
102275,54,3888,237,240,0.0550407502512002,23970,1277,222,68.1835757349231,502,1754,0.00220645798468394,3615,80613,0.0550407502512002,68.1835757349231,502,1752,46.0977222864644,822,647,418,0.0415263157894737,1774.5,0.000283402489626556,0,0,0.313556681048033,9.58184000444566,NA,NA,NA,7.31915271966527,0.285286927761185,0.192877499106546,15.7593515212898,7.16752383999073,14.84107352694,6.81334753122307,0.000230253413435096,0.899506742109689,0.194545534265796,0.755026030509092,0.158503968079975,"no SS",1
102367,90,5971,238,240,0.0874079270431428,38619,2103,234,63.3876959669619,772,2584.5,0.00339442144609965,5628,79578,0.0873985272311443,63.285069329187,772,2584.5,34.3656805548792,1327,1002,658,0.0569473684210526,2581.5,0.00044896265560166,0,0,0.187426021398054,5.91088781162039,NA,NA,NA,10.8024163179916,0.26479108505936,0.143789458388616,17.9088782585919,7.58112174318698,17.578106755381,7.2700295661248,0.000365557999687314,0.888705481021699,0.231332113753534,0.742820667849219,0.187194412107101,"no SS",1
102145,138,3836,238,240,0.0566553579639364,22824,1327,234,63.6945837571767,503,1814,0.00195089078027986,3676,80469,0.0566553579639364,63.6945837571767,503,1814,46.0434577328854,883,648,419,0.0372631578947368,1625.5,0.000285477178423236,0,0,0.196395744531912,6.81197403692275,NA,NA,NA,7.57856694560669,0.266504534548857,0.192650450765211,15.7436976474585,7.59248833287853,15.1554164803157,7.26396237450358,0.000237009172216188,0.8921044806209,0.18715875035921,0.748312468046555,0.1509093148323,"no SS",1
102271,54,5001,238,240,0.0736582865572377,25232,1767,234,68.264192663504,654,2652.5,0.00227400287441142,4728,79991,0.0736582865572377,68.264192663504,654,2650.5,36.6742416417845,1164,836,541,0.0478947368421053,2643.5,0.000348132780082988,0,0,0.158540790827602,5.70560548996458,NA,NA,NA,11.0785669456067,0.285624237085791,0.153448709798262,17.6987680349624,7.7315734388914,17.2901172663269,8.090605356235,0.000308151024047599,0.859445257235905,0.179787623581106,0.719402820470642,0.144269498352252,"no SS",1
102264,78,5561,238,240,0.0859257953644135,39590,1939,234,79.2022726946645,765,2474,0.00329136268601077,5324,79429,0.0859257953644135,79.2022726946645,765,2474,48.1040538832228,1501,976,664,0.058578947368421,2391,0.000446473029045643,0,0,0.163650017136872,5.27173729337645,NA,NA,NA,10.3400732217573,0.331390262320772,0.201272191980012,19.3731085627974,8.69764355873011,18.1391517255942,8.41450923252548,0.000359437756081924,0.877477190098894,0.228543682818203,0.715385481785304,0.178280815725145,"no SS",1
102443,66,3079,237,240,0.0448369270776899,22065,1023,234,57.8013840664737,416,1505.5,0.00190196767517903,2873,80488,0.0443792863532452,57.8013840664737,415,1493.5,30.2324329156619,699,561,340,0.0343684210526316,1236.5,0.00026804979253112,0,0,0.232686092520936,7.76853433846096,NA,NA,NA,6.23756276150628,0.241846795257212,0.126495535211975,13.1307394915364,4.93511030078745,12.6109741847039,4.59258489952685,0.000185602795813242,0.908102503305308,0.17281083696178,0.757325728471935,0.138993710691824,"no SS",1
101984,102,4766,238,240,0.0721835169920824,31001,1588,234,70.6611633077181,667,2539,0.00251299039515697,4561,79949,0.0721835169920824,70.6611633077181,667,2539,44.4184646290256,1210,825,553,0.0448421052631579,2467.5,0.000379668049792531,0,0,0.144857116011081,5.18048649126036,NA,NA,NA,10.612039748954,0.295653402961163,0.185851316439438,17.5724835447324,7.98378401856024,16.5956954285523,7.76153126823124,0.000301980692406369,0.853770091535529,0.186763754045307,0.706223053056223,0.147605177993528,"no SS",1
102294,42,22,240,240,0.000499664858936079,57,8,236,3,5,5.445,4.35352271948694e-06,22,82055,0.000499664858936079,3,5,1.5,2.23606797749979,19,5,8,0,1.5,2.0746887966805e-06,0,0,NA,NA,NA,NA,NA,-0.00511506276150627,0.0125523012552301,0.00935593296025017,1.51612377556149,0.479724560468559,1.49574173292381,0.451049704010078,2.04856877303993e-06,0.476040163540164,0.0213430504945341,0.274440836940837,0.0114523685580427,"no SS",1
102105,102,3556,238,240,0.0527431782631365,23436,1193,234,74.2159012611179,507,2267,0.00192329302805345,3352,80436,0.0525137997911383,74.2159012611179,506,2267,49.6588360717405,872,638,421,0.0373684210526316,2223.5,0.000299170124481328,0,0,0.166969768926367,6.15338809933079,NA,NA,NA,9.47396443514644,0.310526783519322,0.207777556785525,15.5489552777832,6.22778445909544,14.5614970791679,6.02978845521655,0.000219680783867471,0.862129510850964,0.144301721781908,0.712852686206355,0.11451216179284,"no SS",1
102310,90,4967,237,240,0.0736876344893159,27049,1737,234,70.4556598152341,623,2553,0.00243206594144272,4724,79932,0.0736876344893159,70.4556598152341,623,2522.5,40.2492235949962,1166,816,553,0.0481578947368421,2461.5,0.000350207468879668,0,0,0.148905755146225,5.05914715753881,NA,NA,NA,10.5430020920502,0.294793555712277,0.168406793284503,18.5295435396042,7.95523901825016,17.6252904978675,7.76865607681592,0.000308273925390394,0.875980096022231,0.18658134820071,0.723013447858694,0.149645210339584,"no SS",1
102223,66,4556,238,240,0.0669176234393626,33050,1501,234,76.4198926981712,635,2274,0.00280492417246139,4305,79695,0.0669176234393626,76.4198926981712,635,2274,50.0099990001999,1028,801,527,0.0485789473684211,2253.5,0.000387551867219917,0,0,0.190896919349838,6.26986325906879,NA,NA,NA,9.50325313807531,0.319748505013269,0.209246857741422,18.2728779653878,8.41686221307408,17.8163911023312,8.3242524198203,0.000279864343392703,0.879581546596808,0.198732997950438,0.733239064175753,0.160424818334265,"no SS",1
102218,78,6132,238,240,0.0936709820977041,40286,2132,234,88.2949602185765,848,3465,0.0034464888991005,5888,79096,0.0936709820977041,88.2949602185765,848,3465,50.0399840127872,1521,1066,738,0.0670526315789474,3466,0.000490871369294606,0,0,0.222834161585812,7.51834262422338,NA,NA,NA,14.4865167364017,0.369434979994044,0.209372318045135,19.8358341182183,9.03763331971092,18.9280477981126,8.6432215012701,0.000391843792433605,0.887564621553925,0.18872105759189,0.728543170721289,0.149978348913625,"no SS",1
102244,150,405,240,240,0.00673149754440834,1261,138,234,31.6227766016838,58,309,9.33521956158284e-05,405,81854,0.00673149754440834,31.6227766016838,58,309,23.0867927612304,146,68,61,0.00273684210526316,296,2.61410788381743e-05,0,0,0.110606412750206,6.67143107124223,NA,NA,NA,1.28149581589958,0.132312872810392,0.09659745925201,8.8824229017827,6.63859468942418,8.3721066210591,6.79522713242351,2.81235907055262e-05,0.793394105894106,0.0601659751037344,0.599932881932882,0.0442236296134527,"no SS",1
102364,90,3849,238,240,0.0589284155662789,22517,1256,234,69.8569967862919,544,2415.5,0.00197899568833976,3701,80199,0.0589284155662789,69.8569967862919,544,2415.5,41.1096095821889,1025,669,465,0.0398947368421053,2330,0.000307883817427386,0,0,0.149883188293236,5.55246441348716,NA,NA,NA,10.0839121338912,0.288104589063983,0.1678226342351,17.8217111118062,8.81414603935221,16.9549479290627,8.66063402136353,0.000246436788487356,0.836434833641917,0.149410388542885,0.683628437022271,0.117005469318074,"no SS",1
102325,198,1,1,6,1.03607617232019e-05,1,1,1,0,1,2.7225,1.42540058831446e-19,0,81991,0,0,0,0,0,0,0,0,0,0,4.149377593361e-07,0,0,NA,NA,NA,NA,NA,-0.0113912133891213,0,0,NA,NA,NA,NA,-4.19580671915649e-08,NA,NA,NA,NA,"no SS",1
101931,30,5834,238,240,0.0864066373248343,41061,1930,234,76.6876782801514,814,2932.5,0.00342678142533207,5471,79068,0.0864066373248343,76.6876782801514,814,2932.5,48.3735464897913,1361,1020,677,0.06,2871.5,0.000482572614107884,0,0,0.184345419656917,6.18431609839781,NA,NA,NA,12.2584832635983,0.320868946778876,0.202399776107913,19.0973706949319,8.69210541202868,18.3369490134702,8.13637604871029,0.000361491839594366,0.864472512203944,0.207495596185385,0.713210498628627,0.166160481078783,"no SS",1
102227,78,5707,238,240,0.0864723107499441,37335,1982,234,77.0259696466069,791,2999,0.00325909803024905,5436,79076,0.0864611260053619,77.0259696466069,791,2999,39.8120584747888,1401,1033,651,0.0630526315789474,2939.5,0.000465145228215768,0,0,0.166712374203182,5.63691049632841,NA,NA,NA,12.5367259414226,0.322284391826807,0.166577650522129,18.6713877867994,7.45281671613944,18.1403190764712,7.34665423700103,0.000361593988897883,0.884455462942197,0.192428933295806,0.731561864850073,0.152997466929355,"no SS",1
102129,186,1,1,28,1.36554191530909e-05,1,1,1,0,1,2.7225,6.4225506319939e-08,0,81793,0,0,0,0,0,0,0,0,0,0,4.149377593361e-07,0,0,NA,NA,NA,NA,NA,-0.0113912133891213,0,0,NA,NA,NA,NA,-4.22461447118874e-08,NA,NA,NA,NA,"no SS",1
102101,54,5450,238,240,0.0818799812470699,40691,1977,234,77.1038261048049,753,2456,0.00344045421056673,5166,79353,0.081307575012917,77.1038261048049,752,2456,41.5932686861708,1286,953,645,0.0594736842105263,2751.5,0.000470954356846473,0,0,0.184351889115286,5.98839476150553,NA,NA,NA,10.2647594142259,0.322610151066129,0.168113201354802,18.0823313068942,7.58409325040669,17.4361272982672,7.18529778035977,0.000340071730100328,0.881970518859622,0.220392826643894,0.725472361976291,0.176464560204953,"no SS",1
102209,42,6201,238,240,0.0927554904831625,43053,2113,234,83.1925477431723,822,3622.5,0.00362747266253068,5892,79368,0.0923923999596815,83.1925477431723,822,3622.5,48.0936586256442,1441,1059,714,0.0607894736842105,3599.5,0.000495850622406639,0,0,0.208169513552587,6.73525504645911,NA,NA,NA,15.1455125523013,0.348085973820805,0.201228697178428,22.3440474565296,10.8531502066443,21.0700945412094,10.6285066211659,0.000386536672189715,0.879686280664358,0.17775246036748,0.729587908908246,0.142822514180443,"no SS",1
102224,54,5757,238,240,0.0852538068095366,35862,1947,234,64.4049687524185,757,2341,0.00311488167248841,5462,79453,0.0851950209557852,64.4049687524185,757,2341,36.0138862107382,1307,965,630,0.0583684210526316,2368.5,0.000440663900414938,0,0,0.199096329094038,6.68824246752892,NA,NA,NA,9.78358786610879,0.26947685670468,0.150685716362921,18.9207814040728,7.55620588158414,17.9676115415989,7.49073859351642,0.00035637977211267,0.880353467733445,0.241069838669468,0.733557412263294,0.194522596958581,"no SS",1
102358,42,4552,238,240,0.0682597426748335,26677,1527,234,61.2698947281616,620,2223,0.00235977887961512,4333,80113,0.068241109432926,61.2698947281616,618,2223,34.828149534536,1134,786,522,0.0469473684210526,2209,0.000345228215767635,0,0,0.199256095981914,6.88972964920319,NA,NA,NA,9.2898640167364,0.25635939216804,0.1457244750399,17.2925873173999,7.45485108651119,16.2524007030054,7.05993851687505,0.000285357922756074,0.877799152625447,0.203241756199115,0.723488153577093,0.161084055169337,"no SS",1
102228,66,3869,238,240,0.0577478824115595,27086,1291,234,62.2896460095897,537,1866.5,0.00231669327116834,3661,80280,0.0577478824115595,62.2896460095897,537,1866.5,35.1283361405006,975,681,471,0.0426842105263158,1868,0.000314522821576764,0,0,0.228355182417222,7.35414123128973,NA,NA,NA,7.79823221757322,0.260626133931338,0.146980485943517,15.1699083430019,6.31489254425492,14.656087405465,6.42600283282187,0.000241495010900418,0.868042183188609,0.191712844264329,0.703441560290719,0.151393598544372,"no SS",1
102052,42,6294,238,240,0.0963499222984498,36794,2132,234,82.8552955459094,854,3259.5,0.00329676968987593,5975,79149,0.0963499222984498,82.8552955459094,854,3259.5,44.6542271235322,1651,1108,782,0.0660526315789474,3098.5,0.000484232365145228,0,0,0.16241064233292,5.61874258187446,NA,NA,NA,13.6266841004184,0.346674876761127,0.186837770391348,19.9911260156773,8.82926085138546,19.0298665665291,8.83076404490518,0.000403010523626308,0.868570412572997,0.199680553009871,0.708144903811182,0.15645047262444,"no SS",1
102165,102,3563,238,240,0.0516472288676236,25971,1176,234,66.0681466366357,506,2102.5,0.00216576626822417,3324,80256,0.0516472288676236,66.0681466366357,506,2102.5,39.8246155034798,821,639,406,0.0374210526315789,2122.5,0.000310373443983402,0,0,0.244229971256619,8.32160211495158,NA,NA,NA,8.78567991631799,0.276435759985924,0.166630190391129,16.8516827171823,8.5589373658765,15.7523012513944,8.02315793732951,0.000216054630343152,0.865481826995358,0.159343405220467,0.723508753398405,0.127782262714796,"no SS",1
102197,138,4032,238,240,0.0597754992711824,24833,1338,234,61.057350089895,548,2365,0.00212892233313419,3814,80267,0.0597754992711824,61.057350089895,548,2365,39.0128184062623,984,709,459,0.0408947368421053,2316.5,0.000311203319502075,0,0,0.185191681521423,6.39320067473953,NA,NA,NA,9.88400627615063,0.255470084058138,0.163233549816997,16.5687264367133,8.08350018465813,15.7601108500719,7.98628806790786,0.000249980390484346,0.872884698151962,0.1644558697515,0.724356078494784,0.130728363324764,"no SS",1
102138,126,2730,238,240,0.0403254659818801,15061,901,234,59.5399025864168,377,1258.5,0.0013553529001254,2572,80794,0.0402133821818452,59.5399025864168,377,1258.5,34.4818792991333,677,477,319,0.0255263157894737,1244,0.000205809128630705,0,0,0.176284492024786,6.33255368994177,NA,NA,NA,5.25429916317992,0.24912093132392,0.144275645603068,13.8335273388603,6.41001901395271,13.0427180912484,5.95718967247857,0.000168171959021699,0.85848333158087,0.165731483370741,0.705199923289032,0.131197714752091,"no SS",1
102111,102,4310,238,240,0.0631220989401047,28660,1412,234,63.0317380372777,604,1988,0.00247320648662357,4067,80574,0.0631220989401047,63.0317380372777,604,1988,33.1360830515618,1019,748,498,0.0443157894736842,1945.5,0.000363070539419087,0,0,0.21434989674852,7.48341818089938,NA,NA,NA,8.30660041841004,0.263731121494886,0.13864469896051,15.9459857052672,6.61522523861504,15.1365392457358,6.20393216277573,0.000264067009820581,0.871135025411879,0.200236220472441,0.726707731724326,0.16011811023622,"no SS",1
102201,102,2462,237,240,0.0353764416223921,15921,803,234,42.2965719651132,359,992,0.00135867359908505,2272,80774,0.0351350682150197,42.2965719651132,359,992,26.6833281282527,566,446,280,0.0271578947368421,988.5,0.000219087136929461,0,0,0.153802573801519,5.83272388738513,NA,NA,NA,4.12784518828452,0.172789004038131,0.107461623967584,12.7429016032968,5.20413691384513,12.2587539632624,5.28522134274757,0.000146925644812385,0.87212494259089,0.189705882352941,0.730998292806979,0.151871657754011,"no SS",1
102346,114,49,240,240,0.000878241565221634,118,13,234,3.16227766016838,6,5.445,4.60771391753699e-06,49,81982,0.000878241565221634,3,5,1.5,2.23606797749979,23,6,7,0.000157894736842105,3,2.4896265560166e-06,0,0,0.139165320768116,17.7783208294935,NA,NA,NA,-0.00511506276150627,0.0125523012552301,0.00935593296025017,1.49695838065987,0.46794038901077,1.51074918370766,0.511042351192105,3.63257003539367e-06,0.793027210884354,0.0322291853178156,0.530839002267574,0.0219337511190689,"no SS",1
102348,78,4104,238,240,0.0603604749297664,26907,1342,234,61.2045749923974,554,1820,0.00228206188796026,3857,80550,0.0601117318435754,61.2045749923974,554,1820,32.7566787083184,985,709,462,0.0433157894736842,1798,0.000326970954356846,0,0,0.153061697513668,5.19146830038659,NA,NA,NA,7.60367154811715,0.256086087834299,0.137057233089198,16.394063613237,6.90443306762884,15.3344208554929,6.7556814081158,0.00025134352681024,0.880984990560821,0.207348406988695,0.73091921016931,0.165167865707434,"no SS",1
102224,66,3446,237,240,0.051406738450851,21483,1183,234,50.5964425626941,446,1389,0.00176594121420093,3349,80612,0.051406738450851,50.5964425626941,446,1389,37.3363094051889,795,605,367,0.0348947368421053,1373.5,0.000268879668049793,0,0,0.202107984427369,7.25386816189091,NA,NA,NA,5.80032426778243,0.211700596496628,0.156218867804138,16.3661945869894,7.97215040304897,15.5300280476293,7.72167205240848,0.000215007106153517,0.887397125739887,0.209398686205154,0.748230144754356,0.16922688226377,"no SS",1
102235,78,3587,238,240,0.0549657320872274,25564,1270,234,66.0302960768767,519,1773.5,0.0021721872351199,3512,80250,0.0549657320872274,66.0302960768767,519,1773.5,36.2491379207837,899,648,416,0.0393684210526316,1773.5,0.000311203319502075,0,0,0.225892907010714,7.72203822098318,NA,NA,NA,7.40911087866109,0.276277389442999,0.151670033141354,17.0408927136459,7.83395725712108,16.1899516791615,7.65966382347095,0.000229896961426939,0.865006089595454,0.187790029375452,0.718781384187673,0.149516795095577,"no SS",1
102449,126,1866,238,240,0.0272898522360309,8388,571,234,42.0119030752,253,792,0.000759635417812597,1781,81752,0.0272898522360309,42.0119030752,253,792,22.8035085019828,450,317,210,0.0184210526315789,780,0.000129045643153527,0,0,0.147075497614735,5.8896620358366,NA,NA,NA,3.30241631799163,0.175782021235146,0.095412169464363,10.3037385951441,4.27517810827786,9.92265911375112,4.33357697417829,0.000114141440616784,0.857483319688106,0.16136265007956,0.713289982773051,0.128815275567771,"no SS",1
102116,42,2420,238,240,0.0350875024718212,15416,786,234,48,338,1036.5,0.00141471000554,2295,80912,0.0350875024718212,48,338,1036.5,26.4764045897475,544,425,259,0.0254736842105263,1032,0.000192946058091286,0,0,0.253539865182699,8.154557419517,NA,NA,NA,4.32542887029289,0.200836820083682,0.110779935521956,12.9176321822379,5.47188292576383,12.7090847050336,5.31654713391776,0.000146767955730275,0.887101426986263,0.174761465066174,0.747844443284633,0.141274238227147,"no SS",1
102385,102,3569,238,240,0.0527135647080815,26091,1282,234,56.0802995712398,496,1701.5,0.00225254581230076,3419,80245,0.0527135647080815,56.0802995712398,496,1701.5,36.8781778291715,811,648,398,0.0387368421052632,1711.5,0.000304149377593361,0,0,0.199818931591767,6.44031010411379,NA,NA,NA,7.10785564853556,0.234645604900585,0.154301999285237,14.7062452748648,5.79913292971132,13.9578603279421,5.61454166316363,0.000220431518328232,0.890702421475379,0.196406184705391,0.743124677142477,0.158750058039653,"no SS",1
102373,138,3786,237,240,0.0541132108183079,19309,1192,234,82.3771813064759,492,2404,0.00176710079370693,3502,80365,0.0538667330305481,81.5414005275848,492,2404,42.190046219458,827,643,415,0.0398947368421053,2377,0.000267634854771784,0,0,0.169322120606223,6.07133377774618,NA,NA,NA,10.0471861924686,0.341177408065208,0.176527390039573,18.8468622956625,9.57644672127695,18.4116270841838,9.47391141188421,0.000225342579263113,0.882727320270231,0.137297811607992,0.735967984546033,0.111068823342848,"no SS",1
102209,114,4759,238,240,0.0702694516606284,29822,1637,234,61.8142378421024,621,2333.5,0.00269566127403871,4533,79874,0.069759871798082,61.8142378421024,621,2333.5,36.4005494464026,1039,811,511,0.0457368421052632,2333.5,0.000368879668049793,0,0,0.212880917445393,6.92767344210218,NA,NA,NA,9.75220711297071,0.258636978418838,0.152303554169049,16.4291803313323,6.93073846478925,15.9564200857572,6.71183271286023,0.000291839548426839,0.891838628143361,0.197862291822023,0.75036626508044,0.160967295195483,"no SS",1
102017,42,4947,237,240,0.0728443568532443,34265,1664,234,60.0832755431992,693,2197.5,0.00299752751852658,4679,79663,0.0728443568532443,60.0832755431992,693,2197.5,34.0587727318528,1124,876,563,0.0547894736842105,2193.5,0.000412863070539419,0,0,0.179975009808216,5.91709634939171,NA,NA,NA,9.18316945606695,0.251394458339746,0.142505325237878,16.7295895361444,6.56882932569034,16.0803582876599,6.57595096873166,0.000304660995938535,0.868332702462431,0.220587676283879,0.725096487903579,0.177861405709507,"no SS",1
102077,66,4185,238,240,0.0618346572247199,28163,1515,234,65,583,1853,0.00239455133362572,3987,79943,0.0617940282451247,65,583,1853,34.5398320783411,953,734,475,0.0426315789473684,1743.5,0.00034356846473029,0,0,0.18704741835122,6.36497718793737,NA,NA,NA,7.74174686192469,0.271966527196653,0.1445181258508,15.9165983803418,6.46809772534024,15.7423459773969,6.25744311571348,0.000258428578187269,0.870412911463608,0.21165381319623,0.724888277975939,0.170822622107969,"no SS",1
102208,30,3880,238,240,0.060975761574564,25794,1270,234,69.2603782836912,565,2258.5,0.00221058117114778,3788,80327,0.060975761574564,69.2603782836912,565,2258.5,35.2278299076171,1110,717,479,0.0395263157894737,2258.5,0.000337344398340249,0,0,0.203294460810052,7.3725843661206,NA,NA,NA,9.43839958158996,0.28979237775603,0.147396777856138,16.7994806737262,6.91012205772877,15.9180262651267,6.53909465237866,0.0002550445189979,0.868859972363378,0.172787243800049,0.702091924300903,0.133629660987053,"no SS",1
102284,42,2590,237,240,0.0378463896373569,16582,880,234,59.6657355607052,376,1349.5,0.0014691201860671,2444,80906,0.0378463896373569,59.6657355607052,376,1349.5,34.6554469023269,618,457,303,0.029,1310,0.000220746887966805,0,0,0.239547393205174,8.6004288893207,NA,NA,NA,5.63505230125523,0.24964742912429,0.145001869884213,13.6283896228346,5.57100460441506,13.0689408036057,5.28625189040034,0.000158269202979262,0.87317747217947,0.159504089180601,0.724394220517909,0.127311559097776,"no SS",1
102112,42,6061,238,240,0.0903561242775296,37964,2159,234,81.8413098624405,782,2917,0.00331204114287455,5751,79242,0.0903561242775296,81.8413098624405,776,2869,48.7647413609464,1409,1036,675,0.0634210526315789,2853,0.000451452282157676,0,0,0.196576728511463,6.32164501634899,NA,NA,NA,11.9927928870293,0.342432258838663,0.204036574731993,18.3788031328096,7.98080290341642,17.883247222302,7.56985437943945,0.000378016395957358,0.896775128715219,0.213578331941296,0.742394418193472,0.171548741200334,"no SS",1
102355,42,7768,238,240,0.117271225720541,52607,2716,234,79.4292137692424,1025,3293.5,0.0044344168217235,7338,78101,0.117271225720541,79.4292137692424,1025,3293.5,45.7930125674212,1821,1319,895,0.0826842105263158,3278.5,0.000594605809128631,0,0,0.220186534589818,6.97074393126298,NA,NA,NA,13.7689435146444,0.332339806565868,0.191602563043604,21.1934916261398,9.24209208256676,20.0922156114616,9.25750681465125,0.000490632239267626,0.888466386287501,0.24551668677121,0.73272631988521,0.196702854845195,"no SS",1
102345,78,0,1,-Inf,0,1,1,1,0,0,0,3.01315087471323e-09,0,82156,0,0,0,0,0,0,0,0,0,0,4.149377593361e-07,0,0,NA,NA,NA,NA,NA,0,0,0,NA,NA,NA,NA,0,NA,NA,NA,NA,"no SS",1
102140,66,5076,238,240,0.0755534348748729,36047,1800,234,79.1201617794099,688,2845.5,0.00307418218433239,4862,79639,0.0755534348748729,79.1201617794099,688,2845.5,48.0832611206852,1155,873,549,0.0555263157894737,2836,0.000416182572614108,0,0,0.222392968306574,7.16703097565594,NA,NA,NA,11.8830753138075,0.326862601587489,0.197001092555168,18.7431422067057,9.53913821303291,17.6094103997801,8.88853405769435,0.000316039483157928,0.883799051309634,0.176741863470802,0.740820308493475,0.142815180354835,"no SS",1
102138,30,4072,238,240,0.059384892128348,26443,1314,234,57.7754273026172,567,1685,0.00228455765819306,3801,79666,0.0591720432806969,55.4707129934347,567,1685,28.8444102037119,913,703,454,0.0441578947368421,1779.5,0.000321161825726141,0,0,0.202012586610471,6.68974197140385,NA,NA,NA,7.0388179916318,0.232095033445333,0.120687908802142,15.5529738471218,6.22653157624141,15.250570428872,6.13120218230267,0.000247412322818976,0.88262607889921,0.217015007826167,0.739623738803196,0.174983887303195,"no SS",1
102303,222,6,12,73,0.000123997172864459,21,3,9,0,1,2.7225,3.18531121241055e-07,0,82161,0,0,0,0,0,0,0,0,0,0,8.29875518672199e-07,0,0,NA,NA,NA,NA,NA,-0.0113912133891213,0,0,NA,NA,NA,NA,-8.3470827175447e-08,NA,NA,NA,NA,"no SS",1
102731,66,2063,237,240,0.0317958734593465,12457,666,234,48.3011387029333,309,1061,0.00100267360052423,2006,80891,0.0317958734593465,46.0977222864644,305,1049.5,24.0208242989286,566,375,256,0.0202631578947368,1154.5,0.000176348547717842,0,0,0.185997943334383,7.72843537835631,NA,NA,NA,4.37982217573222,0.192877499106546,0.100505540999701,13.0010448228094,4.97761474490478,12.3262220263431,5.04103322079072,0.000132952090802888,0.829423222814111,0.162795113614786,0.677807370290831,0.126970061396291,"no SS",1
102267,54,7826,237,240,0.115859370368175,50027,2792,234,86.5563400335296,1013,3991.5,0.00436144620573301,7388,78285,0.115373315449958,86.5563400335296,1011,3991.5,45.1220566907139,1644,1296,835,0.0865263157894737,3860.5,0.00060746887966805,0,0,0.224207714554019,7.39778903424717,NA,NA,NA,16.6894456066946,0.362160418550333,0.188795216279138,22.1337983966034,9.61752364523953,21.4315578755241,9.35288743342771,0.000482608669989129,0.89776101631808,0.205216759065709,0.751793053701672,0.167863310006362,"no SS",1
102200,126,3632,238,240,0.05340142800476,23193,1202,234,57.8013840664737,490,1686,0.00197726983393004,3493,80672,0.05340142800476,57.8013840664737,490,1686,34.132096331752,815,612,392,0.0345263157894737,1714.5,0.000287136929460581,0,0,0.204136857563235,7.06650731304794,NA,NA,NA,7.04300209205021,0.241846795257212,0.142812118542895,15.089925589939,6.67079467240846,14.7723254919154,6.58935566431396,0.000223394458650319,0.886965068151038,0.183303548634159,0.742157529768376,0.148625648880946,"no SS",1
102218,30,6158,238,240,0.0927907714356197,43535,2155,234,79.9812478022192,823,2530,0.00369088923621317,5846,79186,0.0927057813249817,79.9812478022192,823,2530,46.6476151587624,1495,1065,734,0.0665789473684211,2521.5,0.00049045643153527,0,0,0.269320377728267,8.50167154849106,NA,NA,NA,10.5743828451883,0.334649572394223,0.195178306103608,19.6443424956968,9.00858003985976,19.2122008914459,8.94444391144691,0.000387848141247829,0.89626871996325,0.2413532351394,0.731975227126156,0.192201472908995,"no SS",1
102344,90,2510,238,240,0.0368667841795412,15163,860,234,39.8246155034798,340,960.5,0.00130448482332519,2373,80945,0.0368645376490209,39.8246155034798,337,960.5,21.4009345590327,611,439,288,0.0243684210526316,940,0.000193360995850622,0,0,0.198132547992076,6.92824483479142,NA,NA,NA,4.00743723849372,0.166630190391129,0.0895436592428146,11.8028152591556,4.38589081054248,11.2976325675958,4.39244260256638,0.000154202861344169,0.881344318370688,0.201186623516721,0.730335484927988,0.159991909385113,"no SS",1
102177,210,1,1,10,1.07941236790691e-05,1,1,1,0,1,2.7225,2.82958633899508e-08,0,82003,0,0,0,0,0,0,0,0,0,0,4.149377593361e-07,0,0,NA,NA,NA,NA,NA,-0.0113912133891213,0,0,NA,NA,NA,NA,-4.2319211271468e-08,NA,NA,NA,NA,"no SS",1
102035,42,3741,237,240,0.0538609388743498,27891,1252,234,68.2495421230062,529,2585,0.00235346310379407,3473,80241,0.0536758016475368,67.7200118133481,529,2555,44.9221548904324,834,668,431,0.0422631578947368,2524,0.000330705394190871,0,0,0.161761108490493,5.40402621094807,NA,NA,NA,10.6789853556485,0.283347329762963,0.187958807072939,15.6189885129926,7.60788181644128,15.2551717678436,6.91595102736768,0.000224415605628264,0.875913061930698,0.135091901386362,0.729065787461674,0.10893294021705,"no SS",1
102294,114,0,1,-Inf,0,1,1,1,0,0,0,2.1321145833336e-09,0,82119,0,0,0,0,0,0,0,0,0,0,4.149377593361e-07,0,0,NA,NA,NA,NA,NA,0,0,0,NA,NA,NA,NA,0,NA,NA,NA,NA,"no SS",1
102116,54,5541,238,240,0.0848519076305221,33686,1938,234,85,737,3102.5,0.00288835715841532,5345,79680,0.0848519076305221,85,737,3102.5,55.4707129934347,1416,967,649,0.0546315789473684,3101.5,0.000433609958506224,0,0,0.151586956597615,5.37517036235698,NA,NA,NA,12.9583891213389,0.351464435146443,0.227910933026923,19.1750286877915,8.54125431341794,18.3289621051759,8.12165052847009,0.000354945471338343,0.867760305848495,0.184696497841884,0.710758186444308,0.146014314593236,"no SS",1
102149,66,5886,238,240,0.0862786960244935,36470,2039,234,78.4346862045103,761,3476,0.00313407393253609,5490,79230,0.0858008330177963,78.4346862045103,761,3476,41.6293165929973,1308,987,653,0.0571052631578947,3442.5,0.000434854771784232,0,0,0.206510480256008,6.78299065275412,NA,NA,NA,14.5325418410042,0.328178603366152,0.174181240974884,18.8635633374525,7.73490849776813,17.7725704218644,7.48690377702298,0.000358874309532278,0.878661848698276,0.167785566196071,0.732939639005162,0.135502023891796,"no SS",1
101958,30,5164,238,240,0.0756930756580866,29706,1749,234,70.8307842678591,700,2754,0.00262433273521659,4901,79824,0.0753031669673281,70.8307842678591,700,2754,36.7695526217005,1110,890,542,0.0497368421052632,2754,0.000402904564315353,0,0,0.178653942546306,6.519488353473,NA,NA,NA,11.5116213389121,0.296363114091461,0.153847500509207,17.5704268659967,7.20492413034393,16.8616555343522,6.97256955977249,0.00031499348252451,0.886672585212712,0.183357227831498,0.74868336497896,0.149498215538541,"no SS",1
102212,222,1,1,1,1.00254646802879e-05,1,1,1,0,1,2.7225,4.23684435355656e-10,0,82146,0,0,0,0,0,0,0,0,0,0,4.149377593361e-07,0,0,NA,NA,NA,NA,NA,-0.0113912133891213,0,0,NA,NA,NA,NA,-4.19475509635478e-08,NA,NA,NA,NA,"no SS",1
102237,54,7488,238,240,0.113471654375708,49855,2644,234,90.6972987469859,1009,3962.5,0.00430340162421428,7119,78513,0.113471654375708,90.6972987469859,1009,3962.5,45.6508488420533,1790,1291,869,0.0796842105263158,3951,0.000592116182572614,0,0,0.169619349380444,5.54370278942774,NA,NA,NA,16.5681066945607,0.379486605635924,0.191007735740809,21.6932109921294,8.54215587727467,20.4436627424156,8.43732662267401,0.000474734511981765,0.874226106058179,0.199619090298006,0.722338153641413,0.159511539323325,"no SS",1
102068,42,3075,238,240,0.0461120039559896,17152,982,234,70.0357051795725,418,1710.5,0.00149594995037354,2955,80890,0.0461120039559896,70.0357051795725,418,1710.5,36.1386219991853,775,529,358,0.0267894736842105,1777,0.000239004149377593,0,0,0.139605431997252,5.28658262932924,NA,NA,NA,7.14551255230126,0.293036423345492,0.151207623427554,16.1016725772205,7.56587099507183,15.4212991235224,7.50745704262796,0.0001928954370417,0.864074122109738,0.157277787147917,0.709643523789615,0.124599426547478,"no SS",1
102108,234,1,1,6,1.03467185382156e-05,1,1,1,0,1,2.7225,3.65683014050784e-17,0,82250,0,0,0,0,0,0,0,0,0,0,4.149377593361e-07,0,0,NA,NA,NA,NA,NA,-0.0113912133891213,0,0,NA,NA,NA,NA,-4.18439332594286e-08,NA,NA,NA,NA,"no SS",1
102195,90,4638,238,240,0.0693048262065516,32698,1552,234,72.9177618965366,652,2656.5,0.00283149338063224,4404,79980,0.0693048262065516,72.9177618965366,652,2656.5,46.8187996428785,1139,844,565,0.0534736842105263,2396.5,0.000395020746887967,0,0,0.197745244362751,6.53800493979909,NA,NA,NA,11.1036715481172,0.305095238060822,0.195894559175224,18.8784097100181,9.43117946995433,18.2086948567168,9.08606902874195,0.000289894549644434,0.88094395330819,0.174632179200403,0.726687774924772,0.138747991556662,"no SS",1
102214,30,3493,238,240,0.0530453090157093,20979,1106,234,73.4098086089318,494,2175.5,0.0018113488127945,3326,80271,0.0530453090157093,73.4098086089318,493,2173,44.5982062419555,932,617,420,0.037,2016.5,0.000280497925311203,0,0,0.155056527096374,5.70182704142424,NA,NA,NA,9.0806589958159,0.307154010916033,0.186603373397303,18.7451725342197,9.90561336461848,17.3729939304604,9.37905700333894,0.000221904430955876,0.861413623675269,0.150315952977724,0.70423277940253,0.117414480883962,"no SS",1
102102,54,4032,238,240,0.0596512341036115,23753,1385,234,63.7808748764079,510,2048,0.00203035434249734,3857,80512,0.0588607909379968,63.7808748764079,510,2048,34.928498393146,882,679,422,0.0398421052631579,2021.5,0.000295020746887967,0,0,0.1958992906911,6.70874217130745,NA,NA,NA,8.55764644351464,0.266865585256937,0.146144344741196,15.7135936067565,7.16202307169045,15.0562937954513,6.60016354064524,0.000246152630636711,0.890856404388236,0.17907345828295,0.751145247566904,0.145745163240629,"no SS",1
101915,138,4233,238,240,0.0630648421346096,27923,1379,234,56.302753041037,570,1702.5,0.00239022312527253,4085,80140,0.0628400299475917,56.302753041037,570,1702.5,32.310988842807,951,741,467,0.0491578947368421,1689.5,0.000349792531120332,0,0,0.19516741757381,6.79236165658556,NA,NA,NA,7.11203974895397,0.23557637255664,0.131008321518021,15.8534787241044,6.21875678701211,15.449076417126,6.24192386885937,0.00026288678780674,0.899986743093976,0.237547169811321,0.753241634829821,0.192688679245283,"no SS",1
102105,102,5865,238,240,0.0895802382091507,36024,1939,234,88.0056816347672,795,3052.5,0.0030857247818237,5611,79426,0.0895802382091507,88.0056816347672,795,3052.5,51.0392006206994,1504,1009,669,0.0595789473684211,2844.5,0.000466804979253112,0,0,0.16485523115256,5.8973095495034,NA,NA,NA,12.7605753138075,0.36822460935049,0.213553140672382,20.484724854497,9.37768531347691,20.0426693848375,9.15378025852152,0.000374770997563259,0.879754112559432,0.188337127428662,0.720029176388145,0.148525596908253,"no SS",1
101965,42,8377,237,240,0.12349869139668,54422,2833,234,95.2732911156112,1117,4186,0.00465316563858944,7738,77532,0.123123355517722,95.2732911156112,1117,4186,50.6951674225463,1808,1424,887,0.0928421052631579,4207,0.000667634854771784,0,0,0.183410699498207,6.2198042686903,NA,NA,NA,17.5032531380753,0.398633017220131,0.212113671224043,22.4548834647909,9.40422021234498,21.6206884123397,9.25295590418746,0.000515077264028738,0.892578168313936,0.211133965894765,0.750422183427195,0.1711454670117,"no SS",1
102331,30,7547,238,240,0.116836695753937,53280,2722,234,86.9770084562581,1020,4218.5,0.00440797749153383,7305,78614,0.116836695753937,86.9770084562581,1020,4218.5,47.0106370941726,1880,1309,887,0.0764736842105263,4148.5,0.000626141078838174,0,0,0.189969411859415,6.43757459428647,NA,NA,NA,17.6392364016736,0.363920537473883,0.19669722633545,21.73750467357,9.16302991948128,20.7464157383265,9.22126001867961,0.00048873054161402,0.873924899858092,0.195400587159086,0.718486228432283,0.155405692890269,"no SS",1
102183,114,3747,238,240,0.0554070353008468,23781,1184,234,56.3205113613149,505,1886,0.00198583073257233,3568,80423,0.0554070353008468,56.3205113613149,505,1886,34.2344855372474,888,653,422,0.0386315789473684,1860.5,0.000298340248962656,0,0,0.213085256789518,7.61672042242938,NA,NA,NA,7.8684309623431,0.231466574733535,0.139056424842039,15.5523809169732,6.84145096104286,15.1316442662222,6.72382133212457,0.00023165852111603,0.887418377413708,0.187494740385425,0.735834122198538,0.150130438441471,"no SS",1
102132,102,5214,237,240,0.0774959083469722,38218,1924,234,61.8546683767685,704,2067.5,0.00327107222561382,4960,79567,0.0772053740872472,61.8546683767685,704,2059,32.5576411921994,1183,907,603,0.0578421052631579,2064,0.000428630705394191,0,0,0.20485671492286,6.3922476828823,NA,NA,NA,8.60367154811716,0.258806143835851,0.136224440134726,17.3928066217766,6.92288293843736,16.707037579873,6.72541964202523,0.000322951530544215,0.906354968958469,0.248785031589179,0.751396970215979,0.200874777255791,"no SS",1
102267,102,3931,238,240,0.0574242900555381,22208,1282,234,61.5548535860496,539,1851.5,0.00195235034092003,3699,79923,0.0571675237416013,61.5548535860496,535,1797.5,34.8855270850248,870,670,435,0.0402631578947368,1847.5,0.000303734439834025,0,0,0.165747685683207,6.09294074541128,NA,NA,NA,7.50952928870293,0.257551688644559,0.145964548472907,15.828785856665,6.84279518879431,14.97768159756,6.63665886488172,0.000239152515562518,0.87598213798285,0.194732131440992,0.731402328907749,0.15765247410817,"no SS",1
102372,42,2803,237,240,0.0401239188768988,15608,908,234,50.0899191454728,350,1339.5,0.00129993259307654,2631,80965,0.0400049404063484,50.0899191454728,350,1339.5,26.4764045897475,608,477,292,0.0261578947368421,1339,0.000213278008298755,0,0,0.218305655930566,8.48064764881256,NA,NA,NA,5.59321129707113,0.209581251654698,0.110779935521956,12.998366266989,5.16278066531023,12.5911848382055,5.05711178751514,0.00016734262648672,0.89015076418634,0.167001804588812,0.751691427543765,0.135653518948183,"no SS",1
102245,90,7805,238,240,0.1159019454885,50332,2719,234,85.6037382361308,993,3478,0.00441132062252423,7407,78525,0.115326329194524,85.6037382361308,993,3478,46.4004310324807,1649,1293,848,0.0837368421052632,3484.5,0.000594605809128631,0,0,0.225809910477447,7.19953876931462,NA,NA,NA,14.540910041841,0.358174636971259,0.194144062897409,21.6536114631511,9.01452990778703,20.7819372527709,8.863412796937,0.000482412588152341,0.892399562765195,0.228064873577113,0.748475104571626,0.186536718041704,"no SS",1
102411,138,1,1,15,1.34462821029985e-05,1,1,1,0,1,2.7225,1.23053231425195e-14,0,82049,0,0,0,0,0,0,0,0,0,0,4.149377593361e-07,0,0,NA,NA,NA,NA,NA,-0.0113912133891213,0,0,NA,NA,NA,NA,-4.23226357792685e-08,NA,NA,NA,NA,"no SS",1
102175,30,5947,238,240,0.089620039205099,36934,2017,234,83.6301381082203,778,3123.5,0.00322950794405279,5693,79175,0.088942216608778,83.6301381082203,778,3123.5,48.0832611206852,1349,1006,656,0.0620526315789474,3107.5,0.000442738589211618,0,0,0.195630089174472,6.36482516223871,NA,NA,NA,13.0576464435146,0.349916895850294,0.201185192973578,20.9934215975045,9.6702281568722,20.5836047852359,9.41841666455398,0.000372101068773442,0.893548997960433,0.195861378427991,0.741828963316393,0.158341213773155,"no SS",1
102226,150,5650,238,240,0.0845841759511638,31791,1898,234,71.3091859440283,757,2661,0.00281144186161688,5359,79613,0.0845841759511638,71.3091859440283,757,2661,43.7378554572581,1375,967,633,0.0603157894736842,2666,0.000438589211618257,0,0,0.15640475649805,5.72278170974547,NA,NA,NA,11.1225,0.298364794744888,0.183003579319071,19.7707748393643,8.81855787431076,19.3216618240378,8.69456189204136,0.000353782656336381,0.889676465809005,0.214533753862818,0.733223905127662,0.170728599190799,"no SS",1
102097,78,6090,237,240,0.0889274458342027,41379,2116,234,71.1125867902441,791,2467.5,0.00363876910580231,5693,79053,0.0880295497957067,71.1125867902441,790,2467.5,38.8973006775534,1266,1032,644,0.0673157894736842,2445.5,0.000479668049792531,0,0,0.223946667410657,7.0542956695745,NA,NA,NA,10.3128765690377,0.297542204143281,0.162750212039973,19.1947283609243,8.07152971608961,18.6319582004534,7.83191126335942,0.000368282393151337,0.915268507454203,0.244673370367766,0.767544274936243,0.2001617326489,"no SS",1
102434,54,3782,238,240,0.0560363101324223,25487,1290,234,58.1377674149945,529,1769,0.00222866582177559,3588,80198,0.0560363101324223,58.1377674149945,529,1769,30.5941170815567,906,667,429,0.0388947368421053,1753.5,0.000312863070539419,0,0,0.192227925377523,6.39352570916864,NA,NA,NA,7.37889121338912,0.239070156548094,0.123824757663417,15.4243738036765,6.32844217516247,14.8467181643067,6.22916926879491,0.000234377732557072,0.894616701759835,0.195501805368252,0.736349852289094,0.156088223778657,"no SS",1
102312,174,2099,237,240,0.0300817589089613,10955,714,234,40.024992192379,284,982,0.00104047166384811,1958,81135,0.0298514820977383,40.024992192379,284,982,21.095023109729,464,362,229,0.0212631578947368,971,0.000153941908713693,0,0,0.144233636420994,5.08071932643897,NA,NA,NA,4.09739539748954,0.167468586578992,0.0882636950197866,11.8364871539698,4.71956730962811,11.2125730457842,4.8365845131709,0.000124817503820909,0.869262412005914,0.150809464508095,0.725586476895545,0.121917808219178,"no SS",1
102238,66,2680,238,240,0.039428124650955,19203,922,234,45.3982378512647,366,1237,0.00162723469508917,2535,80577,0.039428124650955,45.3982378512647,364,1237,30.5941170815567,642,478,288,0.0292631578947368,1201.5,0.000225311203319502,0,0,0.291511240691288,9.64278561185006,NA,NA,NA,5.1643410041841,0.189950785988555,0.128008858081827,13.5285164003915,5.76092274876558,12.9668339570886,5.50826742608974,0.000164929272257313,0.888286300513456,0.183080735319541,0.740895582064344,0.146084250561862,"no SS",1
101985,30,8678,237,240,0.128967079354457,53974,2982,234,90.8019823572151,1120,3293,0.00474628592468627,8123,77702,0.128967079354457,90.8019823572151,1120,3293,50.1597448159378,1898,1447,921,0.0917368421052632,3266,0.000652282157676349,0,0,0.195076792845031,6.36564496389447,NA,NA,NA,13.7668514644351,0.379924612373285,0.209873409271706,22.8367872821824,10.2140214818263,21.6357564713668,9.82684381518715,0.000539527360140134,0.8835693654225,0.288158500115022,0.739591537022871,0.233580630319761,"no SS",1
102416,54,5213,237,240,0.077664114105337,32537,1846,234,75.1332150250473,688,2643,0.00283146545924263,4996,79594,0.0774932783878182,75.1332150250473,688,2643,47.8016736108685,1172,889,584,0.0565789473684211,2620,0.000411618257261411,0,0,0.183615045321412,6.35937706354891,NA,NA,NA,11.0471861924686,0.314364916422792,0.200007002555935,20.4721434269424,9.94733512913774,19.6190039655358,10.0618119787646,0.000324155140636133,0.871342142798238,0.194249362264983,0.727348003080682,0.157339463987655,"no SS",1
102289,138,1,1,1,1.01771847871442e-05,1,1,1,0,1,2.7225,4.82456174301587e-11,0,82353,0,0,0,0,0,0,0,0,0,0,4.149377593361e-07,0,0,NA,NA,NA,NA,NA,-0.0113912133891213,0,0,NA,NA,NA,NA,-4.25823631261263e-08,NA,NA,NA,NA,"no SS",1
102044,78,4802,237,240,0.0711529015507684,32155,1578,234,87.4642784226795,646,2570,0.00279862052997251,4519,79529,0.0705403060518804,79.2590688817374,646,2570,40.4969134626332,1091,830,542,0.0513684210526316,2522,0.000395435684647303,0,0,0.180225802520296,6.06024443230679,NA,NA,NA,10.7417468619247,0.331627903270868,0.169443152563319,18.4670700794419,8.71507170645191,17.935275896783,8.64188185679431,0.000295105678299376,0.881917200737641,0.181026137463698,0.73352772166676,0.145821232655695,"no SS",1
102136,30,5070,238,240,0.075340917652377,33896,1738,234,74.5452882481515,679,2654.5,0.00297227272392785,4839,79638,0.075340917652377,74.5452882481515,679,2654.5,45.0444225182208,1161,874,564,0.0486842105263158,2583.5,0.000393775933609959,0,0,0.197820749301455,6.22728035293391,NA,NA,NA,11.0953033472803,0.311904971749588,0.188470387105526,17.7628749034078,8.34139192050764,17.0922405933332,7.71184523886197,0.000315107015142944,0.879319456980555,0.187149095446039,0.73655496100006,0.15093574547723,"no SS",1
102237,234,1,1,1,1.21534740705631e-05,2,1,1,0,1,2.7225,5.70876726402522e-17,0,82281,1.21534740705631e-05,0,1,2.7225,0,1,0,1,0,0,4.149377593361e-07,0,0,NA,NA,NA,NA,NA,0,0,0,NA,NA,NA,NA,8.20171455902316e-09,NA,NA,NA,NA,"no SS",1
101918,78,5857,238,240,0.0914094974178108,43143,1955,234,77.3175271203108,840,2964.5,0.00359745718986312,5683,79390,0.0914094974178108,77.3175271203108,840,2964.5,40.0124980474851,1574,1060,714,0.0601052631578947,2952,0.000512033195020747,0,0,0.194585993610561,6.5769905044042,NA,NA,NA,12.3923744769874,0.323504297574522,0.167416309822113,19.6186982499966,7.95386141093812,18.7500497424218,7.81065908916087,0.000382339552337942,0.87530159492109,0.211223331489944,0.711515475990424,0.165410251186076,"no SS",1
102264,66,3521,238,240,0.0538875487103359,18920,1242,234,61.057350089895,477,1790.5,0.00156947870738224,3393,80835,0.0538875487103359,61.057350089895,477,1790.5,36.8917334913934,963,607,424,0.0311578947368421,1780.5,0.000267219917012448,0,0,0.133832167458496,5.39766111206577,NA,NA,NA,7.48024058577406,0.255470084058138,0.154358717537211,16.6101737191174,8.15617399538623,15.8215709715919,8.30339312312762,0.000225343608528302,0.85825192832331,0.181711997330219,0.703775805585121,0.141540130151844,"no SS",1
102389,42,4950,238,240,0.0758610321109538,28760,1647,234,79.9061950038919,688,2612.5,0.00248760701396929,4807,79817,0.0758610321109538,79.9061950038919,688,2612.5,41.0121933088198,1248,865,571,0.0525789473684211,2539,0.000383817427385892,0,0,0.169825707143489,6.21019628075616,NA,NA,NA,10.9195711297071,0.334335543949339,0.171599135183346,19.0446861045745,8.43897190698968,17.9366523397786,8.03415559979308,0.000317282573255977,0.856074581798582,0.190840897629854,0.702779626468041,0.151506555723651,"no SS",1
102570,54,4566,238,240,0.0676316096649936,30165,1563,234,64.8151216923952,628,2097.5,0.0026248713553688,4320,79727,0.0671541635832278,64.8151216923952,628,2097.5,35.2278299076171,1034,809,515,0.0475263157894737,2075,0.000371369294605809,0,0,0.185372666120497,6.1867329924345,NA,NA,NA,8.76475941422594,0.271192977792449,0.147396777856138,17.7555583048829,7.63225503291857,16.7929351532045,7.39496074677759,0.000280809885732252,0.876822821630628,0.205393792918249,0.733605917292049,0.165726780987455,"no SS",1
102147,42,2670,238,240,0.0384182219361956,15634,858,234,56.0802995712398,376,1476.5,0.00137850789423604,2502,81181,0.0381246843473226,47.0744091837593,376,1410.5,26.0768096208106,593,464,295,0.0296842105263158,1550.5,0.000212863070539419,0,0,0.158426864199785,5.7931091076791,NA,NA,NA,5.89028242677824,0.196964055162173,0.109107990045233,13.5804464556292,5.76069984924458,13.0448507630125,5.49513568850052,0.000159433224783612,0.877719507622247,0.154788697174294,0.738692070771555,0.125131282820705,"no SS",1
102079,54,4849,238,240,0.072205328427876,29959,1704,234,58.258046654518,657,2137.5,0.00272617903014413,4610,79911,0.072205328427876,58.258046654518,657,2137.5,33.0151480384384,1160,849,555,0.0523157894736842,2146.5,0.000378838174273859,0,0,0.186532927033709,6.18003502713655,NA,NA,NA,8.93212343096234,0.243757517382921,0.138138694721499,16.5870491829602,6.55037941802709,16.0767745734201,6.40553490935795,0.000302072422132957,0.884220884548287,0.221999923050287,0.733373081176863,0.177369089300142,"no SS",1
102144,42,3083,237,240,0.0436725197643328,18852,1027,234,55.0363516232681,421,1279,0.00178812914121866,2852,80577,0.0429651141144495,55.0363516232681,421,1279,30.0832179129826,610,533,343,0.0357368421052632,1252.5,0.000248132780082988,0,0,0.185830622258174,6.12057834234876,NA,NA,NA,5.34007322175732,0.230277621854678,0.125871204656831,13.2608483471293,5.76702059613906,13.0264904158974,5.6026849410574,0.000179728183288673,0.880727861649239,0.191122888373634,0.740126091520155,0.157447278348239,"no SS",1
102067,126,5137,238,240,0.0790837778475055,33999,1827,234,79.0759128938769,718,2728,0.00279173229922608,4985,79675,0.0790837778475055,78.5493475466219,718,2728,39.8246155034798,1316,906,614,0.0537894736842105,2713,0.000420331950207469,0,0,0.158988663133179,5.65179891411658,NA,NA,NA,11.4028347280335,0.328658357935657,0.166630190391129,19.1149995703771,8.21982939760086,18.1926052521594,8.28840482823522,0.000330810256281234,0.863516542828802,0.194403307417006,0.708533436391847,0.153801061335308,"no SS",1
102155,114,1781,238,240,0.026422889181247,9553,622,234,33.4215499341368,247,615.5,0.000883221821035126,1698,81331,0.026422889181247,33.3016516106934,247,615.5,23.6008474424119,451,309,221,0.0171578947368421,611.5,0.000136514522821577,0,0,0.155444562916812,5.66654594474934,NA,NA,NA,2.56392259414226,0.139337454438048,0.0987483156586272,12.0763386196086,5.14817357964123,11.8543404568588,5.25259837086854,0.00011051376358731,0.860317502269634,0.191515907673113,0.699928181593221,0.151323411460654,"no SS",1
102155,42,8406,238,240,0.125212229148115,59658,2985,234,76.8960337078578,1046,3455.5,0.00513702208785446,7941,78101,0.124607879540595,76.8960337078578,1046,3455.5,41.4366987102013,1791,1367,871,0.0858421052631579,3444,0.000660580912863071,0,0,0.219756254613822,6.70425309922742,NA,NA,NA,14.4467677824268,0.32174072681112,0.173375308410884,20.6855464571785,7.90141949460439,20.1398363790547,7.8001208921932,0.000521203702924743,0.914628172597422,0.261866322247336,0.763095141867942,0.213674523732645,"no SS",1
102056,66,3219,238,240,0.0472055826591737,19364,1073,234,64.4437739428721,426,1709,0.00171346944849488,3080,80965,0.0472055826591737,63.1268564083465,426,1688.5,39.8246155034798,742,552,369,0.0319473684210526,1687,0.000250622406639004,0,0,0.194564794600627,6.69318061590618,NA,NA,NA,7.05346234309623,0.264129106311073,0.166630190391129,13.8198748080991,6.29679897250352,13.206296843733,5.85234770219877,0.000197428269148583,0.883765299075671,0.165755919854281,0.730715662607693,0.13357619914997,"no SS",1
102271,102,3419,237,240,0.0490984743411928,22607,1165,234,57.5586657246326,464,1778,0.00192635978408362,3200,80671,0.0489519158061757,57.5586657246326,464,1778,35.2278299076171,749,599,367,0.0367894736842105,1768,0.000284647302904564,0,0,0.181669937119341,6.40506858854416,NA,NA,NA,7.42793933054393,0.240831237341559,0.147396777856138,16.3744014912727,7.20401074530441,15.6647616926376,7.05657138489037,0.000204777612841062,0.873482229251574,0.171949838892276,0.736269295599942,0.139336410345728,"no SS",1
102367,102,4021,238,240,0.0594985076013612,26320,1357,234,57.3846669416143,539,1588,0.00234309847954839,3851,80211,0.0593434815673661,57.3846669416143,534,1588,32,909,692,431,0.0428421052631579,1557,0.000316182572614108,0,0,0.224857581563519,7.17428220075166,NA,NA,NA,6.63296025104603,0.240103208960729,0.133891213389121,15.0127658426658,6.09495930040919,14.1048345604876,5.63354130793364,0.000248214508369861,0.901329003048397,0.22662350028566,0.756457961247177,0.183346029327747,"no SS",1
102366,42,3885,238,240,0.057668014880573,23198,1320,234,67.6239602507869,544,2268.5,0.00197571559965859,3668,80415,0.0576260647889075,67.6239602507869,544,2268.5,44.2718872423573,966,696,457,0.0372105263157895,2123.5,0.000306639004149378,0,0,0.173789558871227,6.32771615145709,NA,NA,NA,9.48024058577406,0.282945440379861,0.185238021934549,15.3918282563109,7.10075849639495,14.8965742434651,6.73998962096175,0.000241070884454432,0.864404176191084,0.161604184829991,0.716307388867458,0.127916303400174,"no SS",1
102116,114,2518,238,240,0.0365395195305337,15050,832,234,56.0802995712398,349,1411.5,0.00132643098165421,2387,81417,0.0364788680496702,56.0802995712398,349,1411.5,34.132096331752,583,441,290,0.0273157894736842,1427.5,0.000190871369294606,0,0,0.165133755996229,5.61338402087272,NA,NA,NA,5.89446652719665,0.234645604900585,0.142812118542895,13.0909304461066,5.67882810416947,12.81695276186,5.52988643603806,0.000152589026502668,0.861176917548082,0.143125632499639,0.721785497205048,0.115030600934895,"no SS",1
102174,78,4153,238,240,0.0613772828063881,28550,1452,234,74.4110206891425,556,2530,0.00239586213205709,3970,80274,0.0613772828063881,74.4110206891425,556,2530,51.8652099195598,957,714,452,0.0421578947368421,2518,0.000337759336099585,0,0,0.148752059385511,4.97217265912757,NA,NA,NA,10.5743828451883,0.31134318279976,0.217009246525355,18.6979297359326,9.52323747597475,17.6468490825127,9.40579215371616,0.00025676618900365,0.881531182916532,0.157457415870378,0.740328520509867,0.12687354191301,"no SS",1
102245,150,1,1,5,1.03701091972498e-05,1,1,1,0,1,2.7225,1.85872035089297e-11,0,82384,0,0,0,0,0,0,0,0,0,0,4.149377593361e-07,0,0,NA,NA,NA,NA,NA,-0.0113912133891213,0,0,NA,NA,NA,NA,-4.20174775899783e-08,NA,NA,NA,NA,"no SS",1
102456,42,96,239,240,0.00151013250194856,212,30,234,4,10,8,8.26391253506199e-06,95,82112,0.00151013250194856,3.60555127546399,9,6.5,4.47213595499958,29,12,14,0.000315789473684211,6.5,3.7344398340249e-06,0,0,0.310037230864479,32.0768495292696,NA,NA,NA,0.0271966527196653,0.0150859886002677,0.0187118659205003,3.07183671551125,1.07035108206172,2.66067279130604,1.16968696555355,6.31854603325757e-06,0.731148345118933,0.0547219770520741,0.524628088414853,0.0419240953221536,"no SS",1
102074,138,3228,238,240,0.0482217754945028,19531,1133,234,48.1040538832228,419,1398.5,0.00164597947905877,3114,80586,0.0482217754945028,48.1040538832228,419,1398.5,27.2946881279124,772,550,356,0.0287368421052632,1394.5,0.000252697095435685,0,0,0.173396982171869,6.32728094782668,NA,NA,NA,5.84007322175732,0.201272191980012,0.11420371601637,14.3879499804986,5.67905336976008,13.7801716554371,5.51893215012996,0.000201638851571111,0.873939850094638,0.196252714509368,0.727878076394611,0.157264784606838,"no SS",1
102114,66,3303,238,240,0.049663310140526,22153,1101,234,46.1735855224608,463,1312.5,0.00193997316426549,3160,80341,0.049663310140526,46.1735855224608,463,1312.5,28.4604989415154,830,595,388,0.0352631578947368,1310.5,0.000280497925311203,0,0,0.272326261530473,9.40746796137265,NA,NA,NA,5.48024058577406,0.19319491850402,0.119081585529353,14.9653204948213,5.74415843143626,14.5656308117786,5.78300474100796,0.000207754128473566,0.877889608708275,0.226344452008169,0.726982221338569,0.179260267755843,"no SS",1
102400,114,3243,238,240,0.0495902552548835,19377,1137,234,62.2976725086901,464,2152.5,0.00160850261014799,3135,80782,0.0495902552548835,62.2976725086901,464,2152.5,34.5253530032641,871,565,398,0.0325789473684211,1784.5,0.000264315352697095,0,0,0.175687970002657,6.84853763409738,NA,NA,NA,8.99488493723849,0.260659717609582,0.144457543946712,15.3215374061055,6.89754010513944,14.8138838512052,6.83507557304066,0.000207448694246455,0.868962682585815,0.141825391205834,0.709466317485146,0.110989166607661,"no SS",1
102304,186,1,1,2,1.00535856113083e-05,1,1,1,0,1,2.7225,1.11063715596544e-10,0,81844,0,0,0,0,0,0,0,0,0,0,4.149377593361e-07,0,0,NA,NA,NA,NA,NA,-0.0113912133891213,0,0,NA,NA,NA,NA,-4.17158566142576e-08,NA,NA,NA,NA,"no SS",1
102202,126,1,1,5,1.02793939269341e-05,1,1,1,0,1,2.7225,5.27912155219508e-14,0,82012,0,0,0,0,0,0,0,0,0,0,4.149377593361e-07,0,0,NA,NA,NA,NA,NA,-0.0113912133891213,0,0,NA,NA,NA,NA,-4.15588197976742e-08,NA,NA,NA,NA,"no SS",1
102114,42,3874,238,240,0.0589893920949991,24261,1361,234,54.1294744108974,543,1440,0.00214294639097076,3791,80506,0.0589893920949991,54.1294744108974,541,1440,30.5941170815567,958,691,453,0.0402631578947368,1441,0.000312448132780083,0,0,0.214242069701603,7.42049904982601,NA,NA,NA,6.01371338912134,0.226483156530952,0.128008858081827,15.2643992377259,5.86842203916029,14.5208783340602,5.72188372923728,0.000246690325174764,0.865531021082329,0.245337603967557,0.716180696159552,0.195846463811541,"no SS",1
102090,162,2532,238,240,0.038330715284048,16031,870,234,60.8111831820431,365,1634,0.00140095972825784,2397,80849,0.038330715284048,60.8111831820431,365,1634,31.4006369362152,702,459,328,0.0265789473684211,1578,0.000212033195020747,0,0,0.21498633601806,7.68594002003275,NA,NA,NA,6.82542887029289,0.254440096995996,0.13138341814316,13.7108833527401,6.32548127806393,12.9312947485441,5.95484496917442,0.000160337426750709,0.868621126782375,0.136851402075513,0.703989536043866,0.10585118127622,"no SS",1
102108,66,5235,238,240,0.0781836684563287,37533,1758,234,67.1192967781993,723,2224.5,0.00309415858106383,4972,79532,0.0777548659659005,67.1192967781993,723,2223.5,38.6393581727233,1212,929,586,0.0554210526315789,2221.5,0.000437344398340249,0,0,0.169567930937629,5.6991631647356,NA,NA,NA,9.29195606694561,0.280833877733052,0.161670954697587,17.6255924146838,7.16453233936118,16.7107174596403,6.88189587726539,0.000325249520237355,0.881024142207472,0.228200302594192,0.732423413668674,0.183475404996494,"no SS",1
102125,114,3328,238,240,0.0485969774390508,20598,1035,234,56.938563381947,459,1588,0.00186831970175973,3155,80503,0.0485323528315715,56.938563381947,458,1588,32.7566787083184,752,573,377,0.0335789473684211,1575.5,0.000263900414937759,0,0,0.192994638102332,6.48561800208358,NA,NA,NA,6.63296025104603,0.238236666870071,0.137057233089198,14.9071077544094,5.98210055619093,14.0782499472264,5.85594094017263,0.000202938105557773,0.890918336235995,0.188334538442998,0.740837912080998,0.152084839720415,"no SS",1
102198,42,4218,238,240,0.0643019112406868,24532,1412,234,67.1192967781993,579,2405,0.00209723417076642,4057,80262,0.0643019112406868,67.1192967781993,579,2405,36.7967389859482,1104,737,491,0.0415789473684211,2628.5,0.000327385892116183,0,0,0.15398989321475,5.66264951818209,NA,NA,NA,10.051370292887,0.280833877733052,0.153961250987231,16.1592631717251,6.96422387514565,15.8146958252663,6.80551914153239,0.000268878157387879,0.862065786237982,0.169218662906981,0.705488627678412,0.133020754778845,"no SS",1
102160,78,2873,237,240,0.0431779924827634,18715,949,234,47.8539444560216,403,1213,0.00163371148458588,2776,80938,0.0429588079764758,47.8539444560216,403,1213,29.0688837074973,701,521,331,0.0320526315789474,1246.5,0.000235269709543568,0,0,0.17550251119485,5.97932839045848,NA,NA,NA,5.06392259414226,0.200225709021011,0.121627128483252,13.1399245316401,5.2328591388797,12.8797950119448,5.15206618645472,0.000179659524442525,0.887883630743065,0.200542161725689,0.737783061486679,0.160110739416311,"no SS",1
102122,42,5328,238,240,0.0802759209931145,34616,1857,234,68.9492567037528,739,2231,0.00298219505129627,5067,79588,0.0802759209931145,68.9492567037528,739,2231,40.1621712560464,1322,947,617,0.0558421052631579,2188,0.000445643153526971,0,0,0.177846768729202,6.33014767001288,NA,NA,NA,9.32333682008368,0.288490613823233,0.16804255755668,18.2932197108491,8.06849286292824,17.6560692679015,7.83492934331136,0.000335840639273577,0.887318027374262,0.239189846879563,0.731536349648159,0.189697128523829,"no SS",1
102216,66,5782,238,240,0.0859970092060377,35878,2044,234,72.1803297304744,746,2623,0.00301972077796377,5469,79599,0.085792535082099,72.1803297304744,746,2623,41.8688428309166,1360,970,664,0.0604736842105263,2600.5,0.000431535269709544,0,0,0.173072269205452,5.85242011151057,NA,NA,NA,10.9635041841004,0.302009747826253,0.175183442807183,19.4917558581578,8.25118896938226,18.6740950466868,8.31207788482237,0.000358879905827618,0.896511509886294,0.21848605067827,0.738697795674482,0.174974404914256,"no SS",1
102335,42,5019,237,240,0.0744945513157434,30740,1847,234,59.3043000127309,659,2274.5,0.00272988056404776,4781,79617,0.0741675772762099,59.0762219509677,655,2169,39.319206502675,1124,857,568,0.0546315789473684,2262.5,0.000387136929460581,0,0,0.168838875850555,5.66871068036149,NA,NA,NA,9.06392259414226,0.247180844983129,0.164515508379393,18.0137209312732,8.1741761676701,17.1680712830181,8.04053184826777,0.000310282760567301,0.88552864020865,0.224652843827278,0.736661648663625,0.181890812250333,"no SS",1
102255,42,4342,238,240,0.0631324520926575,29235,1555,234,63.5688603012513,573,2281.5,0.00240625667323035,4147,80568,0.0631143878462913,63.1585306985525,573,2281.5,38.2883794381533,938,717,476,0.042578947368421,2170,0.00034356846473029,0,0,0.183059607412294,6.2239749349938,NA,NA,NA,9.53463389121339,0.264261634721977,0.16020242442742,16.4796832934561,7.39472619308114,15.7936374279078,7.13577902111892,0.000263951992075934,0.871456302673405,0.178609062170706,0.732339705593209,0.145662100456621,"no SS",1
102315,198,45,237,240,0.000663723488772011,157,15,222,17.0293863659264,11,23,2.17252726928237e-05,42,82078,0.000657910767806233,17.0293863659264,11,23,16.2788205960997,12,10,8,0.000473684210526316,18.5,4.149377593361e-06,0,0,0.0568206370331806,2.64571746991074,NA,NA,NA,0.0848430962343096,0.0712526626189389,0.0681122200673628,5.01943161367711,5.10521372443267,3.71513582830662,4.70198135272455,2.71105218926158e-06,0.648941798941799,0.0128632682229633,0.541898148148148,0.0100047641734159,"no SS",1
102071,114,4314,238,240,0.0640357316147654,30476,1463,234,68.0955211449329,575,1964.5,0.00255933608884326,4120,80377,0.0640357316147654,68.0955211449329,575,1964.5,40.8166632639171,1027,751,503,0.0461052631578947,1964.5,0.000360580912863071,0,0,0.22229100852599,7.42489567679817,NA,NA,NA,8.20827405857741,0.284918498514364,0.170781017840657,16.3010228469862,6.93627180843464,15.8569918615437,6.60317223121376,0.000267847260477291,0.899538052560868,0.204237927066386,0.740312917502872,0.163485575969208,"no SS",1
102420,66,3998,238,240,0.0586918965297344,24855,1390,234,58.2494635168428,542,1725.5,0.00222717681287939,3781,80379,0.0586098359024123,58.2494635168428,542,1725.5,34.2344855372474,930,690,462,0.0424736842105263,1725.5,0.000325726141078838,0,0,0.141692264603986,4.90900942471334,NA,NA,NA,7.20827405857741,0.243721604672982,0.143240525260449,17.4797061012038,8.05814849744623,16.7862787325849,7.84070210594457,0.000245145455413061,0.876386883269439,0.208488228004957,0.727647043203976,0.167330500973624,"no SS",1
102264,42,1,1,7,1.139938899275e-05,2,1,1,0,1,2.7225,1.61324050066677e-10,0,81969,0,0,0,0,0,0,0,0,0,0,4.149377593361e-07,0,0,NA,NA,NA,NA,NA,-0.0113912133891213,0,0,NA,NA,NA,NA,-4.24950022690206e-08,NA,NA,NA,NA,"no SS",1
102319,102,4196,237,240,0.0596817988506374,25138,1362,234,54.3323108288245,561,1765.5,0.00231854131138935,3912,79857,0.0593310542594888,54.230987451825,561,1765.5,42.0119030752,826,717,426,0.0443684210526316,1767,0.000312448132780083,0,0,0.194509227857413,6.25337132015921,NA,NA,NA,7.37563807531381,0.226907897287971,0.175782021235146,18.6351370206169,9.33704710380383,18.2231224624887,9.12085737703224,0.000248205084128842,0.897656694676098,0.212982109143217,0.764202349910225,0.17585183853277,"no SS",1
102393,138,2956,238,240,0.0430041050497057,17938,958,234,56.0802995712398,423,1544.5,0.00160141515739922,2805,80876,0.0430041050497057,56.0802995712398,423,1544.5,32.5576411921994,673,527,319,0.0317894736842105,1539.5,0.000244398340248963,0,0,0.170184406282867,6.14160984433254,NA,NA,NA,6.45095188284519,0.234645604900585,0.136224440134726,15.3643463036354,7.22958178569979,14.5637795716229,7.23155356969476,0.000179891099682688,0.864864361739752,0.158321194464676,0.725807512144787,0.127685724690459,"no SS",1
102009,78,4816,237,240,0.0721986278993793,32787,1690,234,61.2943716828878,648,2284,0.00292600002145164,4592,79586,0.0721986278993793,61.2943716828878,646,2284,33.1209903233584,1154,841,575,0.0517368421052632,2268,0.000386721991701245,0,0,0.308682064978383,9.70036415657474,NA,NA,NA,9.54509414225941,0.256461806204552,0.138581549470119,17.0278783778017,6.64827278684227,16.0437891848501,6.54362037970911,0.000302044298474901,0.889072088231977,0.206127134452576,0.731340117308659,0.164729516429904,"no SS",1
102231,78,4777,238,240,0.0696459851646807,35435,1668,234,57.1401785086466,671,1823.5,0.00312050668831411,4500,80426,0.0694551513192251,57.1401785086466,671,1823.5,30.2654919008431,1086,856,550,0.0503684210526316,1827,0.00042448132780083,0,0,0.255370463037976,8.24120678140559,NA,NA,NA,7.61831589958159,0.239080244806053,0.126633857325703,15.8025519416424,5.66307241724603,15.5148449862758,5.61315130808437,0.00029056453235523,0.892626649450364,0.251735015772871,0.740061513885034,0.202794051374493,"no SS",1
102229,78,2833,237,240,0.0425769059295586,17734,996,234,53.9351462406472,380,1285,0.00152668884845949,2718,80748,0.0425769059295586,53.9351462406472,380,1274,30.0832179129826,720,500,330,0.0301578947368421,1321,0.000223651452282158,0,0,0.237867887059284,8.19870387200944,NA,NA,NA,5.31915271966527,0.225670067952499,0.125871204656831,13.9381097587465,5.80079697818951,13.4150344547467,5.69963351649947,0.00017810363331706,0.866361089690144,0.189098509432924,0.712824476161068,0.149496727352731,"no SS",1
102202,78,4663,238,240,0.06988296812749,26555,1598,234,67.1192967781993,619,1983,0.00224349167761637,4490,80320,0.06988296812749,67.1192967781993,619,1983,43.4165866921848,1123,784,519,0.0466842105263158,1834.5,0.000359751037344398,0,0,0.173154201144559,6.59236214464603,NA,NA,NA,8.28567991631799,0.280833877733052,0.181659358544706,16.6627568194453,6.54712141001292,15.8707142987906,6.4918079111122,0.000292354980824525,0.874902875233715,0.218958455236981,0.723215334694827,0.175151160522723,"no SS",1
102075,126,4912,237,240,0.0704833141542002,31090,1681,234,76.5506368360186,633,2219.5,0.00272997113848779,4615,79948,0.0704833141542002,76.5506368360186,633,2219.5,39.2173431022552,1020,823,511,0.0509473684210526,2162,0.000375103734439834,0,0,0.207499753234897,6.77666422828331,NA,NA,NA,9.27521966527197,0.32029555161514,0.164089301683076,16.8340310792949,7.03931093225632,15.9175434754876,6.76931133113394,0.000294866746354539,0.879603201535547,0.201985805434081,0.743556796068313,0.16542404473439,"no SS",1
102181,162,4418,238,240,0.0663351265933095,25542,1538,234,60.3075451332584,608,1996.5,0.00226985648032545,4238,80073,0.0662520450089294,60.3075451332584,608,1996.5,42.5440947723653,1067,792,508,0.0451578947368421,1993,0.000346473029045643,0,0,0.182070281924068,6.59891815868949,NA,NA,NA,8.34216527196653,0.252332824825349,0.17800876473793,16.0286713148506,6.65410574672016,15.5626589152468,6.72471983825122,0.000277120825158436,0.87746410602542,0.215615347098033,0.72568570843935,0.172248414891887,"no SS",1
102119,42,5566,238,240,0.0841179136038667,38658,1882,234,64.1950153828161,752,2433.5,0.00325033497918542,5349,79448,0.0841179136038667,64.1950153828161,752,2433.5,36.4005494464026,1334,948,633,0.0637368421052632,2559,0.000453941908713693,0,0,0.263854678255828,8.76287439580648,NA,NA,NA,10.1706171548117,0.26859839072308,0.152303554169049,18.1565494028896,7.26052693006729,17.4957917043148,7.11131989183446,0.000351873139389267,0.877577667287276,0.231357751159731,0.724964248567919,0.185176209928685,"no SS",1
102281,66,2786,238,240,0.0420172219957254,16623,903,234,47.6759897642409,385,1247.5,0.00147042115528831,2669,80943,0.0420172219957254,47.6759897642409,385,1247.5,27.5136329843952,732,502,327,0.0291052631578947,1250,0.000223651452282158,0,0,0.163670212599926,5.88050318720468,NA,NA,NA,5.21966527196653,0.199481128720673,0.115119803281988,13.452972940092,5.59681349331022,12.922827101491,5.51522496829347,0.000175804276132742,0.867497125830919,0.193833352331016,0.714859546301155,0.152114442038071,"no SS",1
102223,66,6612,238,240,0.097759442888502,41320,2350,234,76.8960337078578,888,3301.5,0.00368385558095962,6244,79266,0.097759442888502,76.8960337078578,888,3301.5,41.7851648315524,1505,1126,759,0.0707894736842105,3693.5,0.000512448132780083,0,0,0.164509667538322,5.42884361670005,NA,NA,NA,13.8024163179916,0.32174072681112,0.174833325655031,20.4580141800787,9.18732555579325,19.8931648174974,9.06676493723269,0.000408908577221101,0.881814360275729,0.204087545102584,0.731249364645143,0.164449946008586,"no SS",1
102297,90,5687,238,240,0.0843398925815606,37102,1974,234,87.6641317757725,781,2791.5,0.00326958987840358,5314,79247,0.0837634232210683,87.6641317757725,781,2791.5,45.1220566907139,1324,995,634,0.0629473684210526,2759,0.000448132780082988,0,0,0.167164609117144,5.46686575804364,NA,NA,NA,11.6685251046025,0.366795530442563,0.188795216279138,19.0791926945119,8.05825094837903,18.3523003343311,8.07896809183524,0.000350304776935963,0.883301193242652,0.19467988386075,0.732483999285034,0.155849488224771,"no SS",1
102026,90,3590,238,240,0.052877947295423,25161,1262,234,62.6498204307083,484,1917.5,0.00221501468683325,3427,80752,0.052877947295423,62.6498204307083,484,1917.5,40.8166632639171,843,621,413,0.0382105263157895,2111,0.000300829875518672,0,0,0.231843778284553,7.51317716582653,NA,NA,NA,8.01162133891213,0.262133139877441,0.170781017840657,15.5618582520562,8.12122929348942,15.0041303418675,7.51150098149708,0.000221204609996988,0.892514614392112,0.168708020545239,0.738343007303387,0.135401027261952,"no SS",1
102126,42,5656,237,240,0.0825018222032322,36476,1906,234,77.1621668954417,739,2954,0.00310925332274109,5303,79574,0.0825018222032322,77.1621668954417,739,2954,43.1740662898458,1262,951,633,0.0618421052631579,2700,0.000437344398340249,0,0,0.174775237637686,5.85727355580269,NA,NA,NA,12.3484414225941,0.322854254792643,0.180644628827807,19.0130633099505,8.21821332496799,18.2802281305985,8.02079073264933,0.000345110663390962,0.879904183326956,0.190025471807341,0.729780167688664,0.153496584462198,"no SS",1
102342,102,4701,237,240,0.0685398041719881,27422,1710,234,64.2806347199528,583,2079,0.0024535635390948,4380,79646,0.0678251261833614,64.2806347199528,583,2079,37.4833296279826,1022,801,517,0.0498421052631579,2054.5,0.000333195020746888,0,0,0.180823099784546,5.82558941747761,NA,NA,NA,8.68735355648536,0.268956630627418,0.156834015179844,15.9100745028855,7.04698333593053,15.5180933974514,7.11022244937589,0.000283745410504844,0.904451556819866,0.2027549450137,0.753658793169627,0.164395901362459,"no SS",1
102346,162,0,1,-Inf,0,1,1,1,0,0,0,2.7560740126788e-08,0,82414,0,0,0,0,0,0,0,0,0,0,4.149377593361e-07,0,0,NA,NA,NA,NA,NA,0,0,0,NA,NA,NA,NA,0,NA,NA,NA,NA,"no SS",1
102151,78,4793,238,240,0.07123438694078,27047,1602,234,76.1051903617618,636,2563,0.00228361440393197,4535,79821,0.07123438694078,76.1051903617618,636,2530.5,41.5932686861708,1151,811,543,0.0482105263157895,2535.5,0.000355601659751037,0,0,0.167926189680781,6.16845716812706,NA,NA,NA,10.5764748953975,0.318431758835823,0.174030412912849,19.5817622910073,8.87013106077205,18.7163209965249,8.85125054259708,0.00029800972320155,0.855319881302505,0.180697238376712,0.708244023198669,0.144119236025042,"no SS",1
102449,114,5145,238,240,0.0752675622366686,32659,1766,234,67.6756972627545,685,2275.5,0.00289925798289912,4883,79680,0.0749623493975904,67.6756972627545,685,2275.5,43.4626276242015,1090,884,558,0.0568947368421053,2143.5,0.000396680497925311,0,0,0.183862162750618,5.95829119743744,NA,NA,NA,9.50952928870293,0.283161913233283,0.181851998427621,17.2428881166154,7.2875053105806,16.6682357915795,7.10256564327482,0.000313608282870539,0.887230141658601,0.212607674236492,0.74491207185332,0.173809354310529,"no SS",1
102094,54,2650,237,240,0.0388320427728614,14991,878,234,54.644304369257,361,1550,0.0012656939417677,2514,80890,0.0388181481023612,54.644304369257,361,1550,35.3553390593274,626,449,290,0.0241578947368421,1532.5,0.000209128630705394,0,0,0.157351454521809,6.11493354764461,NA,NA,NA,6.47396443514644,0.228637256775134,0.147930288951161,14.0886635962244,6.57055712273482,13.4624678305807,5.93380900310923,0.000162376560163416,0.87531780592988,0.146626196591174,0.728953172865915,0.117394349754845,"no SS",1
102191,78,3769,238,240,0.0574820485876554,19248,1241,234,57.8013840664737,494,1816.5,0.00164235832813653,3637,79938,0.0574820485876554,57.8013840664737,493,1816.5,35.8468966578698,958,635,432,0.0337368421052632,1799.5,0.000273858921161826,0,0,0.175244677891137,6.89048114762506,NA,NA,NA,7.58902719665272,0.241846795257212,0.149987015304895,15.0320873049992,6.49927780069814,14.3412136751258,6.292713960145,0.000240468665469683,0.86453288583477,0.191322813007453,0.711279578326199,0.151434400632885,"no SS",1
102285,150,4090,238,240,0.0600318115167632,24733,1348,234,70.0071424927486,556,2835,0.00218121237801513,3782,80474,0.0600318115167632,70.0071424927486,556,2835,46.5295604965274,1049,701,471,0.0392105263157895,2506,0.000325726141078838,0,0,0.179107094210112,6.34815506473124,NA,NA,NA,11.8505334728033,0.292916914195601,0.194684353541956,17.3325332335984,7.28123943061934,16.727380186823,7.02185579987053,0.000251136687424537,0.865923558854291,0.138214173318456,0.707766826592838,0.108202443280977,"no SS",1
102399,66,4950,237,240,0.0726791008193469,32940,1700,234,64.1950153828161,673,2216,0.00287653407877587,4705,79733,0.0723414395545132,64.1950153828161,673,2216,35.5105618091294,1063,854,571,0.0558947368421053,2157.5,0.000390871369294606,0,0,0.213689472092623,6.90586896421953,NA,NA,NA,9.26057531380753,0.26859839072308,0.148579756523554,16.9185355809916,6.71549149313454,16.1089377006828,6.40448038300813,0.000302641778067173,0.886179122317776,0.215231911638494,0.737826795828801,0.175566252472107,"no SS",1
102454,42,3018,238,240,0.0442487082567535,19298,1011,234,56.0357029044876,417,1404.5,0.00177107062846651,2856,80686,0.044022507002454,56.0357029044876,417,1404.5,32.5729949498047,696,544,334,0.0336315789473684,1377,0.000253526970954357,0,0,0.222015089662499,7.55056063070436,NA,NA,NA,5.86517782426778,0.234459007968567,0.136288681798346,14.0273934230786,5.63892682319937,13.5540309533693,5.65958910745521,0.000184152464194007,0.884584542746796,0.182387676508344,0.741010589427772,0.146649550706033,"no SS",1
102448,18,5033,238,240,0.0750681010783194,33532,1654,234,63.5137780328017,678,2390.5,0.0028897790930491,4800,79661,0.0750681010783194,63.5137780328017,673,2390.5,38.3275357934736,1180,886,567,0.0542631578947368,2354.5,0.000410373443983403,0,0,0.209914568954151,7.07440043526756,NA,NA,NA,9.99070083682008,0.265748025241848,0.160366258550099,17.6500653457019,6.72259974594703,16.9817884300193,6.33529361416114,0.000313924367769663,0.890752726043149,0.212554204876662,0.740411533253372,0.170612070804009,"no SS",1
102205,102,3782,238,240,0.0572561899365105,25907,1331,234,58.9406481131655,526,1851.5,0.00212928766785462,3586,80564,0.0571719378382404,58.9406481131655,526,1851.5,33.5410196624968,1020,664,481,0.0373157894736842,1961,0.000309128630705394,0,0,0.186877360567362,6.41920664175689,NA,NA,NA,7.72407949790795,0.242429490013245,0.136154893985342,15.8716573680971,6.86438981863695,14.9865821473775,6.7543811912542,0.000239129447858738,0.86865435579318,0.192437852517234,0.702340148363011,0.149822435763526,"no SS",1
102120,42,2459,237,240,0.0369204515318182,18312,764,234,46.0977222864644,356,1165.5,0.00149161471000939,2350,80901,0.0368969481217785,46.0977222864644,354,1154,30.8706980808663,635,448,278,0.0243157894736842,1160,0.000216597510373444,0,0,0.236800964498381,8.18669640663185,NA,NA,NA,4.81706066945607,0.192877499106546,0.129166100756763,15.5138452778625,7.12247880660097,14.4769616837212,6.73700190603452,0.000154338363169441,0.878289439124435,0.177088277171334,0.726648794472671,0.139416231608923,"no SS",1
102208,66,3493,238,240,0.0523573879743373,25521,1240,234,68.4105255059483,491,1901.5,0.00209643629332898,3350,80428,0.0523573879743373,68.4105255059483,491,1901.5,40.3112887414927,861,621,417,0.0376315789473684,1881.5,0.000313692946058091,0,0,0.205080653489078,7.32991983861557,NA,NA,NA,7.94467573221757,0.286236508393089,0.168666480089928,14.8172982620827,6.4927250917344,14.1378967065307,5.98148264071203,0.000218984068108955,0.871891406925086,0.168608608608609,0.717443628140604,0.134134134134134,"no SS",1
102268,54,3103,238,240,0.045159130525125,19620,983,234,66.0302960768767,436,1562,0.00170556390125019,2897,80771,0.0447437818028748,66.0302960768767,436,1562,40.3112887414927,717,537,354,0.0322631578947368,1543.5,0.00025103734439834,0,0,0.248368699965531,8.67014709361732,NA,NA,NA,6.52417364016736,0.276277389442999,0.168666480089928,13.9631884527105,5.95816300446106,13.4090632058903,5.73754359005573,0.000187041987081054,0.881887837953106,0.168390643928804,0.734788713251281,0.134982760227379,"no SS",1
101997,78,5548,237,240,0.0815975491857823,34991,1912,234,67.2011904656458,724,2441,0.00312508651074762,5305,79647,0.0815975491857823,67.2011904656458,724,2441,43.8292140016223,1194,950,601,0.0592105263157895,2443,0.000435269709543568,0,0,0.21404269661528,7.06502965455701,NA,NA,NA,10.2019979079498,0.281176529144961,0.183385832642771,18.465128710103,7.80560184027222,17.3754539705047,7.43428671210168,0.000341328971977372,0.892350829582471,0.22337171335281,0.746399800006157,0.182333734318611,"no SS",1
102129,114,6214,237,240,0.0911779906095027,42605,2134,234,67.2681202353686,827,2682.5,0.00379567290666688,5772,78848,0.0895647321428571,67.2681202353686,823,2682.5,35,1290,1055,656,0.067,2563,0.000497510373443983,0,0,0.219397006465223,6.85570939803158,NA,NA,NA,11.2124581589958,0.281456570022463,0.146443514644351,17.8002872409201,6.70561480992753,17.2475230556885,6.56096143853893,0.000374618989929202,0.912126883654662,0.228758381652684,0.765385534680379,0.186971591461242,"no SS",1
102069,30,5874,238,240,0.0895059198276165,39791,2039,234,76.6550715869472,772,2806,0.0033647041202568,5616,79471,0.088724188697764,76.6550715869472,772,2806,49.3659801887899,1435,1012,670,0.0596842105263158,2893.5,0.000465145228215768,0,0,0.234849646718462,7.70405557824342,NA,NA,NA,11.7291945606695,0.320732517100198,0.206552218363138,18.9115148962529,7.90116308067055,18.6568259683335,8.13194351712681,0.00037114628604645,0.886507698669328,0.220398849712428,0.732843866921944,0.175543885971493,"no SS",1
102400,54,4537,238,240,0.0688232875176015,27183,1535,234,77.5241897732572,635,3157,0.00235578057800319,4345,80249,0.0688232875176015,77.5241897732572,635,3157,41.8807831827438,1178,784,529,0.0485263157894737,3103,0.000354771784232365,0,0,0.159628113103216,5.6841682680534,NA,NA,NA,13.1978138075314,0.324368994867185,0.175233402438259,18.8586900464299,9.07179375581752,17.5266330920375,8.55316420625497,0.000287920996646181,0.864051614427917,0.142283020326146,0.708357381934003,0.111935492181261,"no SS",1
102239,66,5065,238,240,0.0755269730852728,35691,1757,234,61.400325732035,667,2107.5,0.00311590238970695,4785,79688,0.0751556068667804,61.400325732035,667,2025,36.6742416417845,1204,873,600,0.0523157894736842,2074,0.000407053941908714,0,0,0.207574438619698,6.43701545299235,NA,NA,NA,8.46141213389121,0.256905128585921,0.153448709798262,16.8934795344792,7.29674036251769,16.4780599741445,7.34615920161235,0.000314373976274325,0.887812659518555,0.234430657220026,0.728550315820539,0.187301835831996,"no SS",1
101972,66,9328,238,240,0.139270255039029,63841,3338,234,85.8661749468322,1187,4036.5,0.00563093240504736,8747,77341,0.138529369933153,85.8661749468322,1187,4036.5,49.2442890089805,1967,1545,1033,0.0986315789473684,4011.5,0.00072448132780083,0,0,0.204567872055686,6.26915019082322,NA,NA,NA,16.877730125523,0.359272698522311,0.20604305024678,22.121859829961,9.00930220964443,21.5713933772123,8.73041316622391,0.000579449026547228,0.899957360812338,0.252100049412927,0.746572647760426,0.205816607449587,"no SS",1
102417,90,4464,237,240,0.0650439454821265,26799,1489,234,60.4400529450463,589,1887.5,0.00232639232296096,4198,80431,0.0649003493677811,60.4400529450463,589,1887.5,34.0147027033899,1022,757,515,0.0448421052631579,1889,0.000339834024896266,0,0,0.187906329046622,6.50836058324371,NA,NA,NA,7.88609832635983,0.252887250816093,0.142320931813347,16.4701975381288,6.21475046898089,15.8536413528644,6.10600540127308,0.000271424610790742,0.886884050974951,0.213995818472513,0.73557866928671,0.172098552863526,"no SS",1
102318,102,2093,237,240,0.030778157755034,11622,675,234,44.7213595499958,283,1088,0.00106319145795035,1991,80999,0.030778157755034,44.7213595499958,279,1088,24.0416305603426,502,353,228,0.0195789473684211,1087,0.000155186721991701,0,0,0.212547021695806,7.38664030330806,NA,NA,NA,4.540910041841,0.187118659205003,0.100592596486789,11.5555937804163,4.93872655789359,10.7905809885623,4.86664983033725,0.000128736660008157,0.87517898944347,0.150561662036478,0.727375341355041,0.120243990820147,"no SS",1
102372,78,3636,237,240,0.0561842415810591,25710,1221,234,63.8200595424354,529,2254,0.00219316569663797,3554,80503,0.0561842415810591,63.8200595424354,529,2254,35.7351367704113,969,653,453,0.0374210526315789,2242,0.000311618257261411,0,0,0.209570802972491,7.10130756242814,NA,NA,NA,9.41957112970711,0.267029537834458,0.149519400713018,15.6154137393734,6.52750490147504,14.8054750248684,6.35938449160436,0.000234996494000754,0.865006822127733,0.156608150687303,0.704736661712029,0.123056680862851,"no SS",1
102090,90,4443,238,240,0.0649373401385174,28555,1533,234,68.7677249878168,598,2069.5,0.00247386145027098,4193,79703,0.0649034540732469,68.7677249878168,598,2069.5,38.4187454245971,980,770,501,0.0453157894736842,2054,0.000344398340248963,0,0,0.188390847063408,6.22859772434848,NA,NA,NA,8.64760460251046,0.287731066894631,0.160747888805846,16.7274404596495,7.87204682025074,16.119344971777,7.56242960304274,0.000271520408762738,0.891226598255031,0.198716963736939,0.746270299657149,0.161070989551321,"no SS",1
102151,90,1878,238,240,0.0286370390382277,12861,681,234,51.6236379965612,267,1311,0.00106580875987995,1811,81433,0.0286370390382277,51.6236379965612,267,1311,35.6089876295297,521,344,241,0.0187894736842105,1311,0.000160165975103734,0,0,0.213064900764705,7.67965564541383,NA,NA,NA,5.47396443514644,0.21599848534126,0.148991580039873,12.3579511016155,6.98203997810013,11.8769157723611,6.65627827381816,0.000119777740795243,0.875373555189369,0.117197708312393,0.70749716007616,0.091014172278621,"no SS",1
102042,138,2630,237,240,0.0380483216160016,17493,850,234,56.5685424949238,369,1641.5,0.00151182781262435,2508,80792,0.0380483216160016,56.5685424949238,369,1641.5,37.3630833845388,566,449,295,0.0282631578947368,1541.5,0.000209958506224066,0,0,0.190077787131971,6.23848766277513,NA,NA,NA,6.85680962343096,0.236688462321857,0.156330892822338,13.7142235679672,6.84309603388177,13.0160067808217,6.24732474873531,0.000159069592672324,0.855975662908581,0.132010650176071,0.712993334697032,0.107704199948467,"no SS",1
102099,114,3764,238,240,0.0552605997158454,24162,1226,234,61.2943716828878,535,1800,0.00222109474530308,3559,80238,0.0552605997158454,61.2943716828878,534,1793,33.6154726279432,875,675,438,0.0395789473684211,1798.5,0.000318672199170124,0,0,0.195306656862796,6.64462705633324,NA,NA,NA,7.49070083682008,0.256461806204552,0.140650513087629,14.7917441387887,6.01856124723253,14.0741769070564,5.58297837811196,0.000231173813718209,0.884362007796437,0.192039499328685,0.736828830200925,0.154142665338473,"no SS",1
102143,90,3804,238,240,0.056614038336883,27369,1310,234,59.5399025864168,558,1660,0.00231744514222896,3623,80486,0.0563949009765674,58.4636639289739,558,1660,33.5410196624968,916,682,466,0.0390526315789474,1655.5,0.000337759336099585,0,0,0.179777468403302,6.20292134677197,NA,NA,NA,6.93421548117155,0.244617840707004,0.140338994403752,16.0556273052553,7.01274471675253,15.3452264099578,6.82295361771316,0.000235919665985452,0.876316686619285,0.204284621270084,0.724227875350542,0.163058643503308,"no SS",1
102166,126,4257,237,240,0.0631115887873827,24404,1329,234,66.5281895139196,585,2299.5,0.00209806214851638,4056,80017,0.0631115887873827,66.5281895139196,585,2299.5,38.9486841883009,994,731,479,0.0430526315789474,2299.5,0.000320746887966805,0,0,0.161391718980375,5.84699783450287,NA,NA,NA,9.59855648535565,0.274176525162843,0.15878110539038,16.9512071917904,7.79006707166494,16.414635490699,7.47554654511487,0.000263981662537837,0.865561127292662,0.175383760505661,0.718025174747864,0.140862679724943,"no SS",1
102129,54,1,1,3,1.02475815707493e-05,1,1,1,0,1,2.7225,9.23585735199725e-09,0,82023,0,0,0,0,0,0,0,0,0,0,4.149377593361e-07,0,0,NA,NA,NA,NA,NA,-0.0113912133891213,0,0,NA,NA,NA,NA,-4.21763058153323e-08,NA,NA,NA,NA,"no SS",1
102153,150,2265,238,240,0.0327951890330646,14191,746,234,52.3927475897189,307,967.5,0.00111225322164353,2125,81117,0.032533254434952,52.3927475897189,307,967.5,32.8937684067971,514,383,256,0.0210526315789474,894.5,0.000186307053941909,0,0,0.180900022076413,7.15604002776353,NA,NA,NA,4.03672594142259,0.219216517111795,0.137630830153963,12.6395741451889,5.54331901344806,11.6048718145577,5.25656456058916,0.000136080129177601,0.858037143387552,0.171698113207547,0.713524126382978,0.13825634352635,"no SS",1
101978,126,5309,237,240,0.0769415619879847,33872,1875,234,66.4830805543786,688,2080,0.00297923343060311,4988,79463,0.0768533783018512,65.4904573201318,688,2065.5,38.4707681233427,1119,897,568,0.0537368421052632,2091,0.000407053941908714,0,0,0.198662884743372,6.4322565619853,NA,NA,NA,8.63086820083682,0.274018649875028,0.160965557001434,18.3371178586139,7.5492576117625,17.6978305381136,7.40254800765573,0.000321479089238194,0.880196026149015,0.235591389553275,0.737328731908641,0.192423424118509,"no SS",1
102157,138,5236,238,240,0.0800945673792577,32115,1748,234,66.0378679243962,717,2665,0.002738376615419,5047,79943,0.0800945673792577,66.0378679243962,717,2665,42.2965719651132,1356,914,650,0.0527368421052632,2656.5,0.000406224066390041,0,0,0.182848361790326,6.47823380358848,NA,NA,NA,11.1392364016736,0.276309070813373,0.171055892898494,18.9467969433533,8.42553493126214,18.169690606314,8.37479016751955,0.000335081631595583,0.858016223992942,0.201345869626741,0.696144430596836,0.158705701078582,"no SS",1
102242,66,2889,237,240,0.0426688122795073,19122,944,234,51.0881590977792,410,1411,0.0016354241551698,2726,80785,0.0426688122795073,51.0881590977792,410,1411,29.6816441593117,721,509,344,0.0294736842105263,1297,0.000241908713692946,0,0,0.171747302031734,6.0182794854774,NA,NA,NA,5.89237447698745,0.213757987856817,0.124190979746074,13.1143132087336,5.80617130155093,12.6959708659149,5.32533552228726,0.000178488302621632,0.874348865319421,0.170533814871617,0.716977633430685,0.134863701578192,"no SS",1
102278,138,4535,238,240,0.0690499387943741,27055,1508,234,62.3618473106755,615,2074,0.00233703782584611,4397,80058,0.0690499387943741,62.3618473106755,615,2074,35.2278299076171,1131,778,513,0.0438421052631579,2189,0.000356016597510373,0,0,0.186502763756577,6.6882530510414,NA,NA,NA,8.66643305439331,0.26092823142542,0.147396777856138,16.6897467562637,7.13746951581239,16.1701670939747,7.10891473678356,0.000288869473669684,0.873289674760663,0.212321401136887,0.719406461359496,0.168881548624981,"no SS",1
102079,90,6337,238,240,0.0931136985818519,39697,2169,234,69.28924880528,815,2955.5,0.00345280336787576,5945,79084,0.0927115472156188,69.28924880528,815,2940.5,43.1740662898458,1387,1050,684,0.0634210526315789,2898.5,0.00047551867219917,0,0,0.199083670384179,6.51611937099456,NA,NA,NA,12.2919560669456,0.28991317491749,0.180644628827807,19.3923451780261,7.91109760136755,18.7485020466707,7.75552047033342,0.000387747355190478,0.889718157434359,0.214869735955221,0.742052229252727,0.174222665064619,"no SS",1
102192,114,1913,237,240,0.0286476670496238,14323,659,222,40.8166632639171,279,899,0.00121648392836118,1843,80949,0.0286476670496238,40.8166632639171,278,892,22.4722050542442,476,357,230,0.0235263157894737,915,0.00016597510373444,0,0,0.210780563695406,6.86622201004211,NA,NA,NA,3.72082635983264,0.170781017840657,0.0940259625700595,11.4118978881333,5.09463923920808,10.790218075854,4.75787821347544,0.000119822184401831,0.875568763280987,0.161366641152321,0.725794461070165,0.12824438104516,"no SS",1
101984,78,5110,238,240,0.0756635261509078,31819,1802,234,63.3245607959503,680,2373.5,0.00269027393622683,4789,79886,0.0756578123826453,63.3245607959503,680,2344.5,43.8292140016223,1255,867,599,0.0486315789473684,2594.5,0.000402904564315353,0,0,0.211230572999429,7.52527697706734,NA,NA,NA,9.79823221757322,0.264956321321968,0.183385832642771,17.8342044299742,7.80947352162242,16.7976475902355,7.20088233314966,0.000316475311034082,0.860904197487351,0.210614349932049,0.706097485642975,0.166881555563299,"no SS",1
102153,78,4951,238,240,0.0738543467090204,36189,1689,234,65.3069674690228,674,2132,0.00292540410228503,4653,79713,0.0735513655238167,65.3069674690228,674,2132,35.0570962859162,1210,861,586,0.0524210526315789,1938.5,0.000415767634854772,0,0,0.171222567703805,5.77917613671459,NA,NA,NA,8.90911087866109,0.273250909912229,0.146682411238143,16.4617624372027,6.35651374538136,15.8164489927216,6.12564087063994,0.000307704383648854,0.888584188592213,0.23206934768841,0.726384835874026,0.184175110829639,"no SS",1
102131,42,4996,237,240,0.0721759878950125,33228,1727,234,65.5515064662895,657,2416.5,0.00282299477351568,4663,79968,0.0720538215286115,65.5515064662895,657,2416.5,36.4005494464026,1099,827,546,0.0525789473684211,2310.5,0.000392946058091286,0,0,0.173195636378331,5.74838616794879,NA,NA,NA,10.0994874476987,0.274274085633011,0.152303554169049,17.2096999712213,6.90673383525135,16.3072427894737,6.67999611833709,0.000301395438253965,0.875941978058611,0.194353560225318,0.729084694846645,0.157284042230243,"no SS",1
102332,66,198,237,240,0.00297887925772189,494,47,234,12.369316876853,27,79.5,2.79834144406146e-05,184,81910,0.00297887925772189,12.369316876853,27,79.5,8.94427190999916,60,32,24,0.001,72,1.2448132780083e-05,0,0,0.0919591531911175,9.15066379087659,NA,NA,NA,0.321244769874477,0.051754463919887,0.0374237318410007,3.67335756650082,1.80764873135324,3.53138699543516,1.83107397034465,1.24220889444431e-05,0.76107267149284,0.0556061987237922,0.611461251167134,0.0419325432999088,"no SS",1
102240,54,5391,238,240,0.0818754637723082,33177,1758,234,75.1065909225016,734,2665.5,0.00289106014213345,5158,79511,0.0818754637723082,75.1065909225016,734,2665.5,41.5932686861708,1352,934,614,0.0555263157894737,2655,0.000423651452282158,0,0,0.170220411386145,5.88811752310329,NA,NA,NA,11.1413284518828,0.314253518504191,0.174030412912849,18.5733851601805,7.45787837989162,17.434446777596,7.23857870615318,0.000342490763675156,0.869689379058244,0.209682094888395,0.717193912865962,0.166135214352433,"no SS",1
102260,126,2912,238,240,0.0445768889764555,18293,957,234,53.2353266168247,405,1197,0.00159383323281064,2823,81208,0.0445768889764555,53.2353266168247,405,1197,35.3553390593274,797,524,361,0.0322631578947368,1197,0.000233609958506224,0,0,0.215923274242167,7.49076490588951,NA,NA,NA,4.9969769874477,0.222741952371651,0.143746188532751,13.9973840898836,6.42703472950582,13.3698861133591,6.27035578375282,0.000186472304894934,0.86571352238902,0.208934549232368,0.702551226380079,0.162934318365462,"no SS",1
102179,150,4305,238,240,0.0633958585871209,27838,1506,234,58.0517010948,583,2019.5,0.00228818432853484,4090,80021,0.0633958585871209,58.0517010948,583,2019.5,30.0832179129826,983,745,508,0.0428421052631579,2016,0.000346058091286307,0,0,0.158894835415338,5.68274017482852,NA,NA,NA,8.43839958158996,0.242894146840167,0.125871204656831,15.9860869216603,6.19172200861783,15.4376285255176,6.18208487420487,0.00026521260661115,0.883792587567234,0.200173617961567,0.72952589175435,0.161385787002328,"no SS",1
102245,150,3540,237,240,0.0519739203946683,20186,1233,234,48.8364617882991,467,1472,0.00181347554562098,3300,80441,0.0512673885207792,48.8364617882991,467,1472,32.5269119345812,824,600,403,0.0353157894736842,1437.5,0.000266804979253112,0,0,0.152895738856457,5.31214972943445,NA,NA,NA,6.14760460251046,0.204336660202088,0.136095865835068,14.3069217265905,6.28366203710464,13.609268383388,6.2263493675127,0.00021446575137255,0.883586605162417,0.206045465900575,0.727736065490553,0.164876342742943,"no SS",1
102393,78,2222,238,240,0.0331375742699181,15406,750,234,45.7055795281058,311,1073.5,0.00130486022185481,2120,81377,0.032785676542512,45.7055795281058,310,1073.5,25.9615099714943,548,387,267,0.0221052631578947,1074.5,0.000191286307053942,0,0,0.173374248513047,5.97902969031018,NA,NA,NA,4.48024058577406,0.191236734427221,0.108625564734286,11.6610805132865,4.78332266353497,11.3939897124209,4.52354187243529,0.000137053523828189,0.875140675918188,0.163420311160113,0.721054857084269,0.129854220262159,"no SS",1
102064,66,3817,238,240,0.0583551728441283,24292,1318,234,86.2148479091624,538,2635,0.00213718034565711,3634,80130,0.0583551728441283,86.2148479091624,538,2635,47.2016948848238,1042,676,463,0.0363157894736842,2616,0.000303734439834025,0,0,0.164411262182476,5.54118953809031,NA,NA,NA,11.0137133891213,0.360731581209884,0.197496631317254,18.3341704024888,10.5917292518044,16.5065368541075,9.61419837168141,0.00024403860063332,0.864246056191083,0.139361607009805,0.705533142347014,0.108306261735165,"no SS",1
102236,90,791,237,240,0.0108347304433115,4387,255,234,19.1049731745428,107,236,0.000424094658418807,695,81893,0.0104648748977324,19.1049731745428,107,236,12.6491106406735,162,125,80,0.00794736842105263,234.5,5.97510373443983e-05,0,0,0.105256879418182,3.50868142954916,NA,NA,NA,0.976056485355648,0.0799371262533172,0.052925149124157,6.61318505539628,3.17678022222778,6.44333955078911,2.98034140872101,4.37440754452153e-05,0.85654758468226,0.134706067274442,0.719756101741396,0.109242376611129,"no SS",1
102164,66,4766,237,240,0.0688515785540818,35773,1557,234,71.8401002226472,671,2337.5,0.00299901651009552,4456,79694,0.0681105227495169,71.8401002226472,669,2337.5,44.9444101084885,972,834,515,0.0478947368421053,2211.5,0.000415352697095436,0,0,0.221550108005883,7.33044022293315,NA,NA,NA,9.76894351464435,0.300586193400198,0.188051925140119,16.4056908069747,6.76544985148223,15.7064278637548,6.5378182512723,0.000284814353383691,0.889189871709919,0.193483995152206,0.751555996757057,0.158836529550153,"no SS",1
102252,78,3519,237,240,0.0490343645794739,20798,1100,234,46.8187996428785,447,1244.5,0.00189509269951424,3269,80499,0.0483981167467919,46.8187996428785,447,1244.5,30.0832179129826,627,587,341,0.0344736842105263,1225,0.000266390041493776,0,0,0.22228166319151,7.40749438128785,NA,NA,NA,5.19572175732218,0.195894559175224,0.125871204656831,13.9137498393123,5.24375813944016,13.3184458670769,5.09137543113528,0.000202460616571927,0.896755306300693,0.226314260819053,0.768182914287492,0.189892535579437,"no SS",1
102117,42,2575,237,240,0.0395184539054477,15514,844,234,52.1727898429823,356,1395.5,0.00128225498475928,2503,80823,0.0395184539054477,52.1727898429823,355,1395.5,30.5286750449475,691,452,312,0.0241578947368421,1305,0.000202489626556017,0,0,0.10653205122659,3.95942324954316,NA,NA,NA,5.82752092050209,0.218296191811642,0.127735042029069,13.6863121462978,6.10009653295603,13.2043749138679,6.20748178436879,0.000165222936925356,0.86202571298448,0.157759557443446,0.698123698447435,0.123629358885706,"no SS",1
102132,102,3956,238,240,0.058257041372755,25947,1250,234,57.5586657246326,559,1699.5,0.00236784814847414,3785,79956,0.058257041372755,57.5586657246326,559,1699.5,38.0131556174964,873,703,433,0.0455263157894737,1772.5,0.00034149377593361,0,0,0.228658759106393,7.9152090189971,NA,NA,NA,7.09948744769874,0.240831237341559,0.159050860324253,16.416681520347,6.88535111049005,15.9830880541541,6.72922042300455,0.00024358314971175,0.893137077588661,0.217918128654971,0.750773187189068,0.177076023391813,"no SS",1
102206,30,3427,238,240,0.0509414030945131,22030,1173,234,66.2193325245732,474,1772,0.00194710654705594,3238,80465,0.0509414030945131,66.2193325245732,474,1772,38.9486841883009,861,603,404,0.0359473684210526,1698.5,0.000280912863070539,0,0,0.20634939893169,7.10297304297538,NA,NA,NA,7.39144351464435,0.27288423650449,0.15878110539038,15.7561343026844,7.22393829709452,14.8306779223346,6.98345795736773,0.00021305848207081,0.874399933319875,0.17188744915503,0.719934699409635,0.135782278693337,"no SS",1
102401,162,0,1,-Inf,0,1,1,1,0,0,0,8.42753746597525e-13,0,82083,0,0,0,0,0,0,0,0,0,0,4.149377593361e-07,0,0,NA,NA,NA,NA,NA,0,0,0,NA,NA,NA,NA,0,NA,NA,NA,NA,"no SS",1
102377,102,12,237,240,0.000251615370679764,40,12,237,1.4142135623731,2,5.445,2.17878270233496e-06,10,82026,0.000195060102894204,0,1,2.7225,1.4142135623731,6,2,2,0.000157894736842105,2,1.6597510373444e-06,0,0,NA,NA,NA,NA,NA,0,0,0.00591721155804642,1.4142135623731,0,1.4142135623731,0,7.73545280237388e-07,NA,NA,NA,NA,"no SS",1
102192,174,1493,238,240,0.0234828852507338,8213,473,234,43.081318457076,220,814,0.000716226172987611,1455,81421,0.0234828852507338,43.081318457076,220,814,21.8403296678416,457,260,200,0.0125789473684211,736,0.000121161825726141,0,0,0.13515742167645,5.39835353592052,NA,NA,NA,3.39446652719665,0.180256562581908,0.0913821325014291,11.4297030319891,4.72264815846818,10.0585648320778,4.62433178514638,9.82125179298887e-05,0.810307865392357,0.133547530907313,0.644326540907484,0.101627435915345,"no SS",1
102160,42,3309,237,240,0.0487696137317795,21906,1147,234,54.230987451825,465,1724,0.00184565816122817,3138,80747,0.0487696137317795,54.230987451825,465,1724,36.3593179253957,800,584,371,0.0376842105263158,1388.5,0.000269294605809129,0,0,0.190044719294318,6.5779155172733,NA,NA,NA,7.20199790794979,0.226907897287971,0.152131037344752,15.171949014693,6.54944567665761,14.043082812313,6.0426480106771,0.000203971425656794,0.877769232330408,0.176473224288595,0.726612655716297,0.140622899395026,"no SS",1
101947,42,4559,238,240,0.068057245349756,25399,1514,234,65.7875368135941,620,2437,0.00224700065170909,4307,79727,0.068057245349756,65.7875368135941,620,2405,48.1040538832228,1119,786,526,0.0468947368421053,2236,0.000339004149377593,0,0,0.188501980775222,6.6919253929511,NA,NA,NA,10.051370292887,0.275261660307925,0.201272191980012,18.6167168392286,9.61881007107771,17.9637999820367,9.25046293910776,0.000284675143501419,0.878461952503866,0.177389826075585,0.721829627151279,0.140806852360403,"no SS",1
102556,162,0,1,-Inf,1.32460857816515e-05,2,1,1,0,1,2.7225,4.48614752132679e-11,0,82280,0,0,0,0,0,0,0,0,0,0,4.149377593361e-07,0,0,NA,NA,NA,NA,NA,0,0,0,NA,NA,NA,NA,0,NA,NA,NA,NA,"no SS",1
102079,42,4500,238,240,0.0661238681274701,28032,1486,234,71.175838597097,602,2635.5,0.00241612522737266,4232,79956,0.0661238681274701,71.175838597097,602,2635.5,44.7213595499958,1055,761,493,0.0480526315789474,2594,0.00034149377593361,0,0,0.243722232804956,8.15109197459893,NA,NA,NA,11.0158054393305,0.297806856054799,0.187118659205003,18.3697497315413,8.89097026821572,17.5772245848848,8.73998184797346,0.000276626543957061,0.876598086512802,0.16594996704228,0.726390427587586,0.132835305565146,"no SS",1
102133,78,4497,238,240,0.0666418812157264,32032,1565,234,71.8679344353238,612,1982,0.00283930441356636,4220,80144,0.0663555599920144,64.3506021727847,612,1977.5,35.4682957019364,1098,768,509,0.0467894736842105,2103,0.000363900414937759,0,0,0.201061071591887,6.11659373944112,NA,NA,NA,8.26266736401674,0.269249381476087,0.148402910886763,15.5251315297909,6.31238597935381,15.140472975146,6.10665185144474,0.000277595345911435,0.884148683412297,0.215941852438381,0.72740408276445,0.171356641084988,"no SS",1
102417,126,0,1,-Inf,0,1,1,1,0,0,0,3.61173339229258e-11,0,82108,0,0,0,0,0,0,0,0,0,0,4.149377593361e-07,0,0,NA,NA,NA,NA,NA,0,0,0,NA,NA,NA,NA,0,NA,NA,NA,NA,"no SS",1
102107,42,3912,238,240,0.0556946884461556,25910,1306,234,53.1413210223457,532,1582.5,0.00223231109903931,3665,80259,0.0556946884461556,53.1413210223457,532,1582.5,29.4108823397055,805,676,415,0.0402631578947368,1605,0.000308713692946058,0,0,0.183254674977271,6.04054663520188,NA,NA,NA,6.60994769874477,0.222348623524459,0.12305808510337,15.8072861013604,6.63613079813122,14.8157416774266,6.24959943229413,0.000232989946959483,0.894214696279941,0.212069456305152,0.756263595074789,0.17387797703767,"no SS",1
102152,54,2685,237,240,0.0411799570296101,14164,876,234,66.1891229734916,366,1622,0.00119637915728773,2580,80986,0.0411799570296101,66.1891229734916,364,1622,40,755,465,326,0.0261578947368421,1638,0.000197925311203319,0,0,0.133960530008524,5.22915658257236,NA,NA,NA,6.77521966527197,0.27694193712758,0.167364016736402,18.5381787942933,9.91944666555485,18.3531787845538,10.2481900476761,0.000172258967892755,0.867361625296029,0.140746993036506,0.705974215146871,0.108883730744883,"no SS",1
102238,54,3663,238,240,0.0539049186789238,24918,1233,234,65.0691939399898,500,1797.5,0.00207884427941478,3453,80395,0.053759562161826,65.0691939399898,500,1797.5,34.0147027033899,869,625,400,0.0393684210526316,1814.5,0.00029792531120332,0,0,0.252103027169006,8.58554126672148,NA,NA,NA,7.49813807531381,0.268071941171505,0.138136831394937,14.6739886175868,5.92340906812986,13.9293971469478,5.52259845294575,0.000224850991806628,0.882149615594017,0.184511612021858,0.731432805385565,0.147412909836066,"no SS",1
102133,102,3097,238,240,0.0461187610773025,20230,996,234,58.8557558782486,443,1719,0.00176536061585564,2938,80683,0.0461187610773025,58.8557558782486,443,1719,33.2415402771893,783,552,379,0.0318947368421053,1683,0.000258921161825726,0,0,0.134201772913564,4.68336646007331,NA,NA,NA,7.18107740585774,0.246258392796019,0.139085942582382,13.8297426103397,6.08771534428608,13.2945203866676,5.73114547579147,0.00019283905214799,0.847257496523431,0.157136824324324,0.692731814568412,0.124070945945946,"no SS",1
102323,90,1851,238,240,0.0276396751169087,11800,599,234,44.1474801092882,261,950,0.000987139722750732,1791,81260,0.0276396751169087,44.1474801092882,259,950,28.6356421265527,455,331,211,0.0192105263157895,961,0.00015850622406639,0,0,0.161326065456407,6.1660626576702,NA,NA,NA,3.9521129707113,0.180533389578612,0.115630301784739,11.2288659285974,4.75822709132525,10.523726671452,4.49044088024182,0.00011556338947958,0.879295716617494,0.155723497191985,0.729903885771981,0.124176662275532,"no SS",1
102328,222,1252,239,240,0.0202521131577662,7305,426,234,51.9230199429887,192,1155.5,0.000620853343279705,1240,81868,0.0202521131577662,51.9230199429887,192,1155.5,31.8904374382039,418,231,174,0.0124210526315789,1155.5,0.000104979253112033,0,0,0.161089070161771,6.48533772667074,NA,NA,NA,4.82333682008368,0.217251129468572,0.133432792628468,13.2892160632873,8.27176831667037,12.5052593911356,8.47858443539185,8.46941108519975e-05,0.821216068518747,0.0879062615980065,0.648527682403899,0.0657441280950109,"no SS",1
102242,42,5063,238,240,0.073979397591672,31831,1691,234,63.9531078212779,699,2122.5,0.00283767878751258,4706,79910,0.073319984983106,63.9531078212779,699,2122.5,33.1058907144937,1153,882,570,0.0539473684210526,2033.5,0.000412448132780083,0,0,0.16812607982391,5.80930051587261,NA,NA,NA,8.86936192468619,0.267586225193632,0.13851837119035,17.2983348535475,6.61102801801585,16.7611746513413,6.55376675004941,0.000306652402763373,0.875551461487046,0.238122332859175,0.729820792841599,0.19126193863036,"no SS",1
102135,90,2975,238,240,0.0460442509615741,14908,940,234,55.578772926361,408,1653.5,0.00130336308413125,2912,80857,0.0460442509615741,55.0817574156816,408,1653.5,30.4138126514911,811,522,370,0.0296842105263158,1773.5,0.000219087136929461,0,0,0.174274397236693,6.94722017287886,NA,NA,NA,6.90701882845188,0.230467604249714,0.127254446240549,14.1903326368413,6.20816624375893,13.4658004019162,6.06077641429516,0.000192611280321389,0.852130164757818,0.161203723749729,0.693896461476631,0.12608789781338,"no SS",1
102036,42,5350,238,240,0.0781672508763145,31636,1875,234,71.3442359269479,687,2179.5,0.00277791812094931,5046,79880,0.0781672508763145,71.3442359269479,687,2179.5,39.293765408777,1198,891,600,0.0563157894736842,2199.5,0.000390041493775934,0,0,0.160352981133402,5.3548492571154,NA,NA,NA,9.10785564853557,0.298511447393087,0.16440906028777,16.912726197743,7.73818400614985,16.3887497392059,7.40993213279498,0.000326975188519523,0.881496439113228,0.225317551963049,0.729676671371463,0.182087182448037,"no SS",1
102115,90,3215,238,240,0.0462848350936455,19307,1081,234,53.9351462406472,427,1664,0.00169218853476536,3016,80617,0.0461813265192205,53.9351462406472,427,1664,33.2415402771893,707,549,363,0.0332631578947368,1548,0.000246887966804979,0,0,0.174205472616825,6.00563167205739,NA,NA,NA,6.95095188284519,0.225670067952499,0.139085942582382,16.1682033748352,7.10514549088377,15.3012394954923,6.94395793341014,0.000193100267743218,0.876264735579783,0.165400506464081,0.72946405988743,0.133990848105202,"no SS",1
102313,114,4264,238,240,0.0626573978437221,25083,1451,234,67.4759216313494,561,1837,0.00213295274835484,4017,80234,0.0621930852257148,67.4759216313494,561,1837,42.0119030752,973,710,471,0.045,1812,0.000318257261410788,0,0,0.196355345058195,6.92221948640345,NA,NA,NA,7.67480125523013,0.282326031930332,0.175782021235146,16.024898248736,7.78548043194546,15.660418159418,7.46060884363254,0.000260179619344443,0.887740670381924,0.207830070803832,0.736829994591217,0.167305289462724,"no SS",1
102296,66,5707,238,240,0.0836441532258065,41374,1997,234,82.7586853448023,770,2604.5,0.00355194654020995,5430,79360,0.0836441532258065,82.7586853448023,770,2604.5,44.6542271235322,1208,988,618,0.0625263157894737,2528,0.00046804979253112,0,0,0.228706267950724,7.19343371650223,NA,NA,NA,10.8860983263598,0.346270649978252,0.186837770391348,17.7521506821929,6.91147875740236,17.1923242936444,6.68451745562599,0.000349848122675804,0.884880943147347,0.209718185264754,0.742850612625772,0.17155314040187,"no SS",1
102184,102,5944,238,240,0.086364167933575,34688,2044,234,78.0064099930256,774,2779,0.00305653602658587,5534,79473,0.0862431265964541,78.0064099930256,774,2779,54.7083174663597,1320,986,649,0.0600526315789474,2826.5,0.000441078838174274,0,0,0.16454593607395,5.6329514967384,NA,NA,NA,11.6162238493724,0.326386652690484,0.228905094001505,22.0329252957892,12.3150566336486,21.9747857864257,12.3547096010233,0.000360807583721983,0.877496547303162,0.206875735715795,0.733519196928527,0.167033895747185,"no SS",1
102201,42,2966,237,240,0.0434112351236357,18685,983,234,51.6139516022558,412,1190,0.00163790942998543,2826,81085,0.0434112351236357,51.6139516022558,412,1190,28.2842712474619,694,512,338,0.0329473684210526,1168.5,0.000242323651452282,0,0,0.179044081660843,6.29840920285615,NA,NA,NA,4.96768828451883,0.215957956494794,0.118344231160928,13.5417364371218,5.52631269968243,12.6895047244497,5.32246881532825,0.000181551509222593,0.882467730634198,0.20516407297313,0.732843942513696,0.164714110858542,"no SS",1
102120,66,5298,238,240,0.0793547661589594,35097,1855,234,61.8465843842649,740,2065.5,0.00292228948332706,4987,80033,0.0793547661589594,61.8465843842649,739,2065.5,33.2415402771893,1364,941,639,0.0559473684210526,2047,0.000437344398340249,0,0,0.157147582618301,5.58305411162865,NA,NA,NA,8.6194769874477,0.254588219181025,0.134901842163972,17.7324241458707,6.58065043439042,16.8952014134818,6.43110718233223,0.000331775232045134,0.882590288811401,0.254528695094582,0.715767422810049,0.199863738377685,"no SS",1
102142,66,4549,238,240,0.0674825960026948,31082,1554,234,69.3541635375988,657,1967,0.00276799145755201,4360,80154,0.0674825960026948,69.3541635375988,657,1967,38.8329756778952,1049,816,527,0.048,1959,0.000393360995850622,0,0,0.164312179068987,5.52276669190135,NA,NA,NA,8.21873430962343,0.290184784676146,0.162481069781988,17.7937083915449,7.74514901088194,16.8450214619598,7.74637263918197,0.000282270241838207,0.885933673889037,0.2230699439129,0.735624082773695,0.179808644011877,"no SS",1
102241,30,3550,238,240,0.0522647679569543,25888,1182,234,61.3269924258479,507,1642,0.00211542735731543,3388,80362,0.0521764017819367,61.3269924258479,507,1642,34,805,630,403,0.0371052631578947,1639.5,0.000310788381742739,0,0,0.19551192636537,6.82588856101963,NA,NA,NA,6.85890167364017,0.25659829466882,0.142259414225941,14.4942846805994,5.38193767790749,13.9078754215625,5.44530993667067,0.000218225735726515,0.891269804483286,0.194273270629662,0.738908298274679,0.156975397303433,"no SS",1
102269,54,2718,238,240,0.0398929832542623,19565,887,222,51.0881590977792,414,1135.5,0.00173392495796912,2547,80513,0.0396830325537491,51.0881590977792,413,1135.5,31.8276609256791,648,502,325,0.0302631578947368,1159.5,0.000247717842323651,0,0,0.170015593104067,5.78339795898002,NA,NA,NA,4.73965481171548,0.213757987856817,0.133170129396147,13.4868011949577,5.73959415277562,13.2036611560133,5.89461554477077,0.000165995123463158,0.875760235377435,0.200615345975135,0.73328157341025,0.159927163129474,"no SS",1
102172,114,8256,238,240,0.124264224983649,54094,2941,234,81.3941029804985,1087,3972.5,0.00472445418639404,7816,77979,0.124264224983649,81.3941029804985,1087,3972.5,45.0111097397076,1874,1429,937,0.086421052631579,3950,0.000642738589211618,0,0,0.198723828936376,6.43657809619717,NA,NA,NA,16.6099476987448,0.340561100336814,0.188331003095011,21.5505338248912,8.6578048180849,21.0837831234713,8.68389287286282,0.000519808185888456,0.891476568887063,0.223158767445074,0.740079503328428,0.180000921192022,"no SS",1
102136,102,2772,238,240,0.0416254329539832,16274,950,234,49.8196748283246,387,1334.5,0.00142410319756058,2651,80840,0.0416254329539832,49.8196748283246,387,1324.5,30.4138126514911,714,474,330,0.0271578947368421,1327.5,0.000208298755186722,0,0,0.176710657408718,6.09197523459316,NA,NA,NA,5.53044979079498,0.208450522294245,0.127254446240549,14.2256791221662,5.96746947823699,13.5559662547109,5.96745209991475,0.000174080561380572,0.838610400221754,0.17403672097233,0.691217539757647,0.137108869925006,"no SS",1
102135,150,4276,238,240,0.0660155228045696,23142,1391,234,68.2495421230062,581,2111,0.00198441210881206,4151,80269,0.0660155228045696,68.2495421230062,581,2111,41.3037528561268,1148,745,495,0.0388947368421053,2256,0.00032448132780083,0,0,0.137968393055495,5.30798171187548,NA,NA,NA,8.82124476987448,0.285562937753164,0.172819049607225,17.3169764047938,7.67027392858499,16.6759002001318,7.54584488523757,0.000276173403258133,0.859037133688045,0.194423041643735,0.705750267064877,0.152302329847734,"no SS",1
102113,78,4965,238,240,0.0735155073597217,31511,1718,234,60.1664358259653,679,2233,0.00274761386884382,4724,79672,0.0727859222813536,60.1664358259653,679,2223,41.7851648315524,1075,854,543,0.0513157894736842,2227,0.000394190871369295,0,0,0.176631829156933,6.01482917023303,NA,NA,NA,9.2898640167364,0.251742409313662,0.174833325655031,19.6146293534555,9.153831817417,18.9042575860219,9.03115647417228,0.000304460069549319,0.888166401150448,0.216687840968537,0.743979928200671,0.176518944772439,"no SS",1
102259,78,6060,238,240,0.0944768735772513,40669,2003,234,77.3175271203108,887,2870,0.00353349238822547,5871,78633,0.0944768735772513,77.3175271203108,887,2870,47.2969343615419,1558,1105,742,0.0653157894736842,2701.5,0.000512033195020747,0,0,0.172236715732314,5.95739400567376,NA,NA,NA,11.9969769874477,0.323504297574522,0.19789512285164,20.7698475840876,9.23257493947567,20.1947253922628,9.47490192943123,0.000395258251106352,0.873360129598755,0.232083723836301,0.712902435950634,0.183411433926898,"no SS",1
102316,78,2971,238,240,0.0439370749277881,16427,974,234,56.8858506133116,403,1367.5,0.00146943421080951,2898,81049,0.0438623548717443,56.8858506133116,403,1367.5,33.8378486313773,657,505,331,0.0276315789473684,1265,0.000222821576763485,0,0,0.170010362700624,6.09356226506982,NA,NA,NA,5.71036610878661,0.238016111352768,0.141580956616641,13.1591841960968,5.76133228438122,12.7789959007968,5.52108480155886,0.000183481911107514,0.868356215945683,0.180328700415948,0.725905875711639,0.147002130465659,"no SS",1
102380,102,3728,238,240,0.0555581460412198,27059,1246,234,57.9396237474839,534,1933,0.00226896677668606,3564,79913,0.0553602042220915,57.9396237474839,534,1933,33.2415402771893,860,672,430,0.0417894736842105,1893.5,0.000326141078838174,0,0,0.183833248488091,6.2850444115229,NA,NA,NA,8.07647489539749,0.242425203964368,0.139085942582382,15.4061594117261,6.40141455040769,14.7427080616964,5.96468989667433,0.000231590650934283,0.884274887335075,0.177542338871499,0.738610572595436,0.143029135564652,"no SS",1
102277,54,1731,238,240,0.0262843635736886,11695,541,234,34.7131099154196,267,725.5,0.00105432928121742,1676,81227,0.0262843635736886,34.7131099154196,267,719,21.1896201004171,459,327,208,0.0196842105263158,721,0.000155186721991701,0,0,0.221855557923593,7.7691764215956,NA,NA,NA,2.9969769874477,0.145243137721421,0.088659498328105,10.7650090208955,4.45960549491542,10.1857289541962,4.31151002494283,0.00010993414231039,0.873518528635562,0.177798134576949,0.720278771590891,0.139573617588274,"no SS",1
102301,90,4995,238,240,0.0747776217228464,33726,1698,234,63.2534584034739,675,2369.5,0.00295684249563843,4731,79492,0.074284204699844,63.2534584034739,675,2369.5,35.3411940941446,1174,864,569,0.050578947368421,2280,0.000404149377593361,0,0,0.214967513886909,6.98863775182353,NA,NA,NA,9.90283472803347,0.264658821771857,0.147871104996421,16.9663083611686,6.88284156612384,16.598026910668,6.83803302181784,0.000310684991073529,0.893305533189434,0.208348034718792,0.736502394449376,0.166925411050737,"no SS",1
102150,162,3524,237,240,0.053505742110054,23955,1228,234,57.5847201955519,489,1903.5,0.00209420256641418,3413,80197,0.053505742110054,57.5847201955519,489,1903.5,39.0512483795333,878,629,396,0.0352105263157895,1921.5,0.000282572614107884,0,0,0.237737711779777,7.63512305072892,NA,NA,NA,7.95304393305439,0.240940251864234,0.16339434468424,15.298244755501,6.75645554045579,14.3771292025248,6.46444711667694,0.00022383142473019,0.882276308741576,0.170243999206507,0.734126383270316,0.135409640944257,"no SS",1
102050,114,2902,239,240,0.0435327084263255,18635,979,234,47.7074417675063,410,1282.5,0.00164401008151814,2830,80652,0.0435327084263255,47.7074417675063,410,1281.5,27.0185121722126,681,520,352,0.0314210526315789,1276,0.000243983402489627,0,0,0.229592616298411,8.06209682672735,NA,NA,NA,5.35053347280335,0.199612727060696,0.113048168084572,13.7332850520527,5.82011991902949,13.3129159239801,5.70543130894392,0.000182017019788083,0.881580587163568,0.192679179014378,0.731147627686881,0.155306772033805,"no SS",1
102200,54,5798,238,240,0.0875918851105143,40104,1987,234,61.7170964968379,794,2427,0.00346952294297479,5559,79311,0.0875918851105143,61.7170964968379,794,2427,34.4818792991333,1388,1005,653,0.0640526315789474,2414.5,0.000486307053941909,0,0,0.20463154124096,6.8281036196229,NA,NA,NA,10.1434205020921,0.258230529275472,0.144275645603068,19.0547134822049,7.74144935528547,18.301701488881,7.62896825255918,0.000366408580741279,0.884657517540917,0.238671110042258,0.733831990697846,0.190984986429381,"no SS",1
102054,150,5066,238,240,0.0744444573647918,33995,1723,234,74.953318805774,673,2291.5,0.00282763208789342,4837,80068,0.0740495578758056,74.953318805774,673,2291.5,44.7772263544762,1092,872,551,0.0466315789473684,2295,0.00040954356846473,0,0,0.16928847010411,5.77306879628078,NA,NA,NA,9.57647489539749,0.31361221257646,0.187352411525005,18.5391578707717,9.03750705960983,17.5910698111653,8.95731152053226,0.000309747745158866,0.87815941414987,0.208797013663896,0.741449198302518,0.170340893083533,"no SS",1
102089,54,1,1,3,1.03750583597033e-05,1,1,1,0,1,2.7225,8.40843416675381e-13,0,82096,0,0,0,0,0,0,0,0,0,0,4.149377593361e-07,0,0,NA,NA,NA,NA,NA,-0.0113912133891213,0,0,NA,NA,NA,NA,-4.26657327991072e-08,NA,NA,NA,NA,"no SS",1
102033,30,2524,238,240,0.0364867817347608,15909,801,234,50,369,1291,0.00145453157857916,2367,81115,0.0362448375762806,50,369,1291,33.0151480384384,573,461,269,0.0284736842105263,1267,0.000218672199170124,0,0,0.151219525842382,5.44211167762419,NA,NA,NA,5.39028242677824,0.209205020920502,0.138138694721499,14.443337225681,6.8632464339273,13.5117893455031,6.70754668148003,0.000151609681012688,0.867342426987133,0.162691605334514,0.726980222336744,0.130983343478501,"no SS",1
102315,66,3203,238,240,0.0476490967582282,21347,1065,234,87.2009174263666,449,2649,0.00171407354483007,3052,80820,0.0476490967582282,85.6037382361308,448,2649,51.4295634824952,799,586,381,0.0355263157894737,2626.5,0.000267219917012448,0,0,0.223495331032481,8.24620036894256,NA,NA,NA,11.0722907949791,0.358174636971259,0.215186458085754,16.5290352638969,9.89156584196984,15.6436894494438,9.88499151739395,0.000199243038721974,0.862602081467763,0.111149594481485,0.711214129025092,0.0880884347851185,"no SS",1
102156,30,5903,238,240,0.0884252672399683,40585,2094,234,70.0071424927486,786,2774,0.00330663301571697,5631,79423,0.0884252672399683,70.0071424927486,786,2774,36.6196668472011,1392,1004,676,0.0591052631578947,2717,0.000470124481327801,0,0,0.190652323709501,6.42243932271499,NA,NA,NA,11.5953033472803,0.292916914195601,0.15322036337741,19.282671281031,8.28543797711046,18.2115175802139,7.8555623830634,0.000369852805805764,0.881080970851389,0.214567229843268,0.728684791368275,0.172038740032385,"no SS",1
102110,126,4366,238,240,0.0654193653414575,26837,1514,234,58.6941223633168,567,1952.5,0.0023534728885179,4164,80048,0.0652108734759144,57.4891294072192,567,1933,33.6154726279432,1056,756,503,0.0437894736842105,1798,0.000345228215767635,0,0,0.24990158112303,8.69809497519074,NA,NA,NA,8.07647489539749,0.240540290406775,0.140650513087629,16.5342214203768,6.82137190712434,15.6951090591923,6.54132508041263,0.000272807191920177,0.891955585046104,0.215871965592821,0.737678030064195,0.172201315082089,"no SS",1
102270,138,3766,238,240,0.0549553897365458,22321,1226,234,58.4208866759141,523,1682.5,0.00196755440141638,3575,80811,0.0549553897365458,58.4208866759141,523,1682.5,30.5286750449475,866,650,437,0.0391052631578947,1676,0.000295435684647303,0,0,0.176612127693354,6.29299789132027,NA,NA,NA,7.02835774058577,0.244438856384578,0.127735042029069,15.7174826150257,6.35708148944492,14.8785540880995,6.11580694159001,0.000229854681212451,0.851889640539189,0.198818104490308,0.711707865838485,0.160048350270851,"no SS",1
102162,90,3954,238,240,0.0583064606496757,24035,1349,234,62.1691241694782,532,1873,0.00212718292098889,3767,80317,0.0583064606496757,62.1691241694782,532,1873,33.8378486313773,916,693,454,0.0421578947368421,1894,0.000313692946058091,0,0,0.168884466935008,5.91068893442398,NA,NA,NA,7.82542887029289,0.2601218584497,0.141580956616641,15.3663584962555,6.12061656640885,14.908051811347,5.853923131794,0.000243917879036212,0.882430947125951,0.196031646364436,0.732704089288933,0.157687638662146,"no SS",1
102161,90,1,1,6,1.04184030671779e-05,1,1,1,0,1,2.7225,1.03690832075024e-08,0,82169,0,0,0,0,0,0,0,0,0,0,8.29875518672199e-07,0,0,NA,NA,NA,NA,NA,-0.0113912133891213,0,0,NA,NA,NA,NA,-4.2163130501129e-08,NA,NA,NA,NA,"no SS",1
102179,114,3957,237,240,0.0587905446661101,22910,1356,234,62.3618473106755,531,1825.5,0.00204411428038716,3811,80251,0.0587905446661101,62.3618473106755,531,1825.5,34.132096331752,907,667,442,0.0386315789473684,1780.5,0.000299170124481328,0,0,0.170093006403554,5.87387008509166,NA,NA,NA,7.62668410041841,0.26092823142542,0.142812118542895,16.589072901555,6.8133149350044,15.5169532048433,6.7386337268638,0.000245859428046517,0.871321353112624,0.19956854616979,0.727959483641493,0.161202994797174,"no SS",1
102195,54,5251,238,240,0.0791441969519344,32040,1854,234,81.3941029804985,700,2743,0.00284900783221406,5030,79370,0.0789089076477258,80.9506022213547,700,2743,48.2700735445887,1233,911,583,0.0575263157894737,2720.5,0.00040746887966805,0,0,0.172870747406041,5.84470650489106,NA,NA,NA,11.4655962343096,0.338705448624915,0.201966834914597,20.7770181547069,11.0765802109882,20.0177956072177,10.5351447193361,0.000330078710420447,0.892999012647723,0.190347384736954,0.740232494206065,0.152873598152144,"no SS",1
102590,174,1,1,2,1.01742855108e-05,1,1,1,0,1,2.7225,5.92359215019374e-10,0,82069,0,0,0,0,0,0,0,0,0,0,4.149377593361e-07,0,0,NA,NA,NA,NA,NA,-0.0113912133891213,0,0,NA,NA,NA,NA,-4.22086414511398e-08,NA,NA,NA,NA,"no SS",1
102269,150,452,238,240,0.00686808168633325,2344,137,234,18.6010752377383,66,149.5,0.000237264608374294,426,82119,0.00686808168633325,18.6010752377383,66,149.5,10.4403065089106,138,77,62,0.00373684210526316,145,3.65145228215768e-05,0,0,0.228443218957869,8.37816969664291,NA,NA,NA,0.625523012552301,0.0778287666850974,0.0436832908322617,5.74224597620182,2.31406919723546,5.3296008637837,2.34476546555305,2.87367434574613e-05,0.841620482691911,0.0994182971972501,0.66653142179458,0.0750925436277102,"no SS",1
102250,150,1,1,2,1.01610526850582e-05,1,1,1,0,1,2.7225,7.75750524561592e-13,0,82142,0,0,0,0,0,0,0,0,0,0,4.149377593361e-07,0,0,NA,NA,NA,NA,NA,-0.0113912133891213,0,0,NA,NA,NA,NA,-4.21571830570281e-08,NA,NA,NA,NA,"no SS",1
102283,66,6550,238,240,0.0977595711323522,45067,2311,234,75.5843899227876,887,2975,0.00384087177251733,6302,79092,0.0977595711323522,75.5843899227876,887,2975,42.5440947723653,1430,1124,727,0.0685789473684211,3057,0.000535269709543568,0,0,0.212237973472433,7.03410137017418,NA,NA,NA,12.4363075313808,0.316252677501203,0.17800876473793,18.8476507118919,7.27906234890297,17.9552292434745,7.12847068603661,0.000408909043374668,0.893994326328421,0.226214160327677,0.749202850961439,0.18437682855471,"no SS",1
102140,78,3389,238,240,0.050438433067541,23742,1116,234,47.6340214552582,476,1415.5,0.00199406499832715,3193,80514,0.050438433067541,47.6340214552582,476,1415.5,30.5941170815567,868,596,411,0.0359473684210526,1362.5,0.000277593360995851,0,0,0.208324506102907,6.91900889517767,NA,NA,NA,5.91120292887029,0.199305529101499,0.128008858081827,14.2398815116797,6.08572767222429,13.6923511579671,5.92028754994963,0.000210996626236137,0.882373806278754,0.20860944161915,0.721031332114869,0.164021164021164,"no SS",1
102261,78,5811,238,240,0.0879169288860919,34943,1979,234,73.109506905737,770,2555.5,0.00294886558049446,5557,79450,0.0879169288860919,73.109506905737,770,2555.5,39.6988664825584,1428,983,669,0.0577368421052632,2562,0.000452697095435685,0,0,0.147228238881341,5.34638156484601,NA,NA,NA,10.6696861924686,0.301713418015636,0.161919943441667,19.3116246338108,8.44778892765857,18.6840017622905,8.13009300306727,0.000367768663296329,0.873298880070708,0.230886193104816,0.715636858721251,0.183684262717747,"no SS",1
102082,114,4378,237,240,0.0635541829730304,24351,1453,234,78.7210264160726,571,2457.5,0.00214244644421792,4087,79979,0.0635541829730304,78.7210264160726,571,2457.5,60.9590026165127,996,731,474,0.0469473684210526,2426.5,0.000300829875518672,0,0,0.170643431776266,5.66637600609176,NA,NA,NA,10.2710355648536,0.329376679565157,0.25505858835361,20.4281577813653,10.8689323155528,19.9539065722729,10.8940865410198,0.000265833358861196,0.882736722590624,0.162510390689942,0.737384824592177,0.130666922437496,"no SS",1
102296,66,3435,238,240,0.0503205795893804,19121,1142,234,50.3587132480567,459,1431.5,0.0017070634069936,3272,80522,0.0501477856983185,50.3587132480567,459,1431.5,34.132096331752,766,583,360,0.0327368421052632,1432,0.000255186721991701,0,0,0.213845749084008,7.58093001590277,NA,NA,NA,5.97814853556485,0.210705913171785,0.142812118542895,14.5584037398767,6.89900016913916,14.0290967893381,6.43731743204221,0.000209780994906882,0.885563019771368,0.205726513144487,0.74451927015711,0.16670063175056,"no SS",1
101902,30,5465,238,240,0.0828612346805571,36099,1829,234,66.3701740241805,749,2494,0.00304720685864129,5154,78903,0.0828612346805571,66.3701740241805,747,2485,37.2021504754766,1384,963,639,0.0597368421052632,2467,0.000442323651452282,0,0,0.199637513889672,6.87647633221628,NA,NA,NA,10.3747071129707,0.273515372486111,0.151473432951785,18.2816644975916,7.32527882606701,17.666016532328,7.16577690793942,0.000346531118350559,0.881576673678683,0.223659003831418,0.719808439506123,0.176313628899836,"no SS",1
102236,66,3053,238,240,0.0433402218963945,19979,1020,234,49.6487663492256,402,1506,0.00167416662442166,2843,80792,0.0431354589563323,49.6487663492256,402,1506,33.5410196624968,642,520,339,0.032,1508,0.000237344398340249,0,0,0.195799829155475,6.64172341906087,NA,NA,NA,6.2898640167364,0.207735424055337,0.140338994403752,15.8053795247975,7.88121926262091,15.0448180016663,7.72264825671379,0.000180440422653879,0.865172088859683,0.168203098605145,0.721570611244561,0.137217047154785,"no SS",1
102302,78,4406,238,240,0.0648033977257158,29446,1472,234,73.0068489937759,627,2557,0.00250349543935388,4154,80289,0.0648033977257158,73.0068489937759,627,2557,40.7921561087423,1049,778,504,0.0486842105263158,2551.5,0.000371369294605809,0,0,0.199943119674408,7.05223404849719,NA,NA,NA,10.6873535564854,0.305467987421657,0.170678477442436,18.1976936430748,8.09159159339453,17.1856917180725,7.80689199305065,0.000271101855366245,0.866234118728332,0.164954663623106,0.71666324260912,0.131697419313931,"no SS",1
102230,114,1,1,3,1.02074146660134e-05,1,1,1,0,1,2.7225,6.09493026298951e-12,0,82332,0,0,0,0,0,0,0,0,0,0,4.149377593361e-07,0,0,NA,NA,NA,NA,NA,-0.0113912133891213,0,0,NA,NA,NA,NA,-4.20001848848139e-08,NA,NA,NA,NA,"no SS",1
102056,54,6514,238,240,0.0991605788587418,35594,2195,234,91.0494371207203,865,3518.5,0.00314182540914811,6236,78983,0.0991605788587418,91.0494371207203,865,3518.5,48.0416485978573,1596,1096,758,0.0633157894736842,3515,0.000477178423236514,0,0,0.202461760043428,7.2626162689059,NA,NA,NA,14.7103661087866,0.380959987952805,0.201011081999403,21.6449214140545,9.85616583435365,20.8074078466259,9.53483157718433,0.000414855240162881,0.862795143032727,0.195258158609858,0.710165619229146,0.155468574705193,"no SS",1
102035,126,4687,238,240,0.0694390594709524,29626,1557,234,73.5730929076656,620,2319.5,0.00268197619015957,4464,79955,0.0694390594709524,72.9451848993475,620,2310.5,37.4833296279826,1088,810,530,0.0478947368421053,2303,0.000366804979253112,0,0,0.219799750690344,7.13498819256975,NA,NA,NA,9.65597280334728,0.305209978658358,0.156834015179844,17.3476436308876,7.91834605440468,16.6060480770422,7.70979547127541,0.000290497764434387,0.885028608205342,0.191560569989304,0.736422095234033,0.154021322844426,"no SS",1
102215,210,1,1,4,1.02909244337419e-05,1,1,1,0,1,2.7225,3.4300328368017e-10,0,82324,0,0,0,0,0,0,0,0,0,0,4.149377593361e-07,0,0,NA,NA,NA,NA,NA,-0.0113912133891213,0,0,NA,NA,NA,NA,-4.20276067581064e-08,NA,NA,NA,NA,"no SS",1
102143,42,4351,237,240,0.0626650720087706,29001,1499,222,64.1950153828161,575,2051,0.0026444128910019,4070,80268,0.0626650720087706,64.1950153828161,575,2051,41.0487515035476,960,747,468,0.0474210526315789,2058,0.00034149377593361,0,0,0.172118356061334,5.3032061298695,NA,NA,NA,8.57019874476987,0.26859839072308,0.171752098341203,15.3347133749001,5.87598326586528,14.8924336715632,5.82185471188225,0.000262154313063217,0.895263519835612,0.192949480225555,0.749707876559129,0.156124132110936,"no SS",1
102392,30,4883,238,240,0.071454294111497,29745,1692,234,71.5122367151245,634,2483,0.00262586840642143,4650,80160,0.0713697604790419,71.5122367151245,634,2483,42.7200187265877,1071,806,527,0.0512631578947368,2469.5,0.000369709543568465,0,0,0.241899757105364,8.04858210705858,NA,NA,NA,10.377730125523,0.29921437956119,0.1787448482284,18.2150466389889,7.91587950433674,17.3450699303062,7.53573108348593,0.000298533457043001,0.878706795927618,0.188824344841244,0.735445103405099,0.15347547692917,"no SS",1
102245,78,4440,238,240,0.0650477521546704,27535,1459,234,64.3506021727847,620,1842.5,0.00240298358944768,4198,79930,0.0641936694607782,64.3506021727847,620,1842.5,42.3792402008342,933,768,476,0.0496315789473684,1830.5,0.000349377593360996,0,0,0.194398461556367,6.6767957843156,NA,NA,NA,7.69781380753138,0.269249381476087,0.17731899665621,16.7314658678778,7.3446911379482,15.6777521916715,7.01235733753898,0.000268381242349473,0.882800349623741,0.21347145947745,0.745256945360337,0.174654684639707,"no SS",1
102384,42,1,1,1,1.01303779644019e-05,1,1,1,0,1,2.7225,2.37077837881694e-10,0,81855,0,0,0,0,0,0,0,0,0,0,4.149377593361e-07,0,0,NA,NA,NA,NA,NA,-0.0113912133891213,0,0,NA,NA,NA,NA,-4.23865186795057e-08,NA,NA,NA,NA,"no SS",1
102397,90,4401,238,240,0.0656199771716089,26554,1494,234,58.0086200490927,592,1865,0.00230207211068496,4206,79987,0.0654231312588296,58.0086200490927,592,1865,33.6005952328229,1027,768,509,0.0457894736842105,1855.5,0.000333609958506224,0,0,0.252075774567975,8.67487211254836,NA,NA,NA,7.79195606694561,0.242713891418798,0.140588264572481,16.7159835340251,7.55206733644222,16.1787255618175,7.50116101418354,0.00027369512659929,0.880211270810937,0.224611554639883,0.731355556577909,0.180530517640999,"no SS",1
102108,54,5876,238,240,0.087008072653885,42673,1981,234,78.2623792124926,822,3084.5,0.00359413787875036,5580,79280,0.087008072653885,78.2623792124926,822,3084.5,48.1663783151692,1318,1044,661,0.0655263157894737,3010,0.000506224066390041,0,0,0.24230618086329,8.14470147129941,NA,NA,NA,12.8944665271967,0.327457653608756,0.197348863243386,18.6949318851535,7.49061877082188,17.6978198604318,7.05721092529274,0.000363924026353881,0.883313394897263,0.188862118059358,0.734663442093347,0.152776256707918,"no SS",1
102164,30,2870,238,240,0.0435653356409939,16950,1029,234,56.7186036499489,381,1446,0.00149829362731074,2762,80890,0.0435653356409939,56.7186036499489,381,1446,39.0512483795333,762,501,339,0.0281052631578947,1454,0.000225726141078838,0,0,0.189201242792893,6.76725764171982,NA,NA,NA,6.0388179916318,0.237316333263385,0.16339434468424,15.6106223030795,8.47665987555449,15.0629669141458,8.11697245275821,0.000182027615623449,0.865156939189437,0.164090147140995,0.706850423874371,0.128608679456137,"no SS",1
102300,30,4501,237,240,0.0647351321137028,26638,1490,234,79.2464510246358,580,2488.5,0.0022671974420696,4217,79970,0.0646617481555583,79.2464510246358,580,2488.5,42.154477816716,954,761,475,0.0455263157894737,2428,0.000347302904564315,0,0,0.183370058460622,6.63376017475301,NA,NA,NA,10.4007426778243,0.33157510888969,0.176378568270778,16.0221000269519,6.9547736686921,15.5076533409081,6.60961773917651,0.000270381751232858,0.889761109432719,0.165668151090892,0.751408554346506,0.135103963092301,"no SS",1
102057,78,4796,238,240,0.0699674569967457,30398,1616,234,77.7946013551069,652,2409,0.00272099822921076,4506,80150,0.0694073611977542,77.7817459305202,652,2409,44.5982062419555,1057,838,524,0.0529473684210526,2390,0.000388796680497925,0,0,0.171590037530642,5.79338876951478,NA,NA,NA,10.0681066945607,0.325446635692553,0.186603373397303,17.8003626649114,7.90890712558571,17.0310580722988,7.70647953615242,0.000290365507511933,0.888321073349331,0.187312704131452,0.741028106074953,0.151722280211455,"no SS",1
102060,102,4161,237,240,0.0621228434784786,27123,1420,234,70.4343666117613,600,2296,0.00238178883806104,3930,79874,0.0621228434784786,70.4343666117613,600,2296,44.6878059430087,1032,749,506,0.0421052631578947,2251,0.000342738589211618,0,0,0.194063555875458,6.62145734420438,NA,NA,NA,9.59530334728034,0.294704462810717,0.186978267543969,16.819267879117,7.88189897374404,16.1058301754171,7.45871646139473,0.00025988641117465,0.865121960869762,0.170100442220013,0.712480242286646,0.134722841177882,"no SS",1
102174,90,3725,237,240,0.0541415313225058,27112,1275,234,56.3205113613149,535,1577,0.0023245615599945,3480,80275,0.0536156960448458,50.7740090991444,535,1530,31.3847096529504,824,684,423,0.0444210526315789,1772.5,0.00033402489626556,0,0,0.210866000598583,7.19668154349095,NA,NA,NA,6.39028242677824,0.212443552716085,0.131316776790588,15.2952656973676,5.72849375698517,14.8110891501764,5.52553509580943,0.000224291383006069,0.890525918322923,0.224822398662766,0.746361229577165,0.18178019222733,"no SS",1
102031,162,3999,238,240,0.0588998054959852,26746,1326,234,65.5133574166368,549,2319.5,0.00229167260725794,3810,80204,0.0588998054959852,65.5133574166368,549,2319.5,33.3016516106934,914,693,441,0.0402631578947368,2316.5,0.000320746887966805,0,0,0.215926600032764,7.17566088389077,NA,NA,NA,9.69362970711297,0.274114466178397,0.139337454438048,16.7012703641273,7.03155187625534,15.7599976980938,6.77362846656975,0.000246358508606842,0.877317436487511,0.166314603576961,0.734147789036977,0.134136037177862,"no SS",1
102188,54,5018,238,240,0.0749726308371818,30526,1646,234,72.4016574395918,682,2335.5,0.00264310976194933,4742,79469,0.0749726308371818,72.4016574395918,682,2330,42.0594816896262,1216,868,554,0.0535263157894737,2503,0.00040207468879668,0,0,0.18604804760356,6.70366972389955,NA,NA,NA,9.73756276150628,0.302935805186577,0.175981094935674,17.0106279648493,7.2011588727034,16.3726809622993,7.26709543273332,0.000313650579668465,0.881605879185117,0.205073486386948,0.732227022664084,0.163218944687296,"no SS",1
102074,30,3916,238,240,0.0598387237056273,22874,1351,234,62.393909959226,525,1870,0.00188511104400079,3763,80483,0.0598387237056273,62.393909959226,525,1870,32.7566787083184,1053,666,469,0.0363157894736842,1859,0.000295850622406639,0,0,0.212605734355628,7.93030697962447,NA,NA,NA,7.81287656903766,0.261062384766636,0.137057233089198,17.0950944019407,7.33440894287164,16.2506032865622,7.18093932950875,0.000250328765805408,0.864014335895022,0.199403776084796,0.703997624166834,0.155804902285525,"no SS",1
102174,66,2327,239,240,0.0360713802560539,12718,731,234,49.7292670366254,327,1403,0.00107276488759185,2266,81311,0.0360713802560539,49.7292670366254,327,1403,34,667,401,271,0.0207368421052632,1388,0.000170539419087137,0,0,0.13310570337165,4.996338775636,NA,NA,NA,5.85890167364017,0.208072247015169,0.142259414225941,14.1409358104356,8.16047298551875,13.271124439092,7.7710648731329,0.000150841962006345,0.844181077707546,0.140428995499378,0.684053908136289,0.10849372785598,"no SS",1
102360,54,2940,238,240,0.04508800832394,17863,962,234,48.0520551069359,421,1283,0.00165754487204104,2844,80731,0.04508800832394,48.0520551069359,421,1283,29.0688837074973,796,535,371,0.0308947368421053,1249,0.000234854771784232,0,0,0.148156030565543,4.97698115690624,NA,NA,NA,5.35680962343096,0.201054623878393,0.121627128483252,12.6223877839531,5.83177368139879,12.1690485337752,5.58122318787311,0.000188610328864116,0.865655048748439,0.192267061060638,0.698491262707467,0.150221846608916,"no SS",1
102163,114,4771,238,240,0.0723619855025208,27425,1514,234,66.7083203206317,679,2361,0.00261801269535303,4604,79738,0.0723619855025208,66.7083203206317,679,2312,36.0693775937429,1166,865,560,0.0513684210526316,2554.5,0.000375103734439834,0,0,0.193816377520295,6.58892400619475,NA,NA,NA,9.6622489539749,0.279114310964986,0.150917897881769,17.3068217468224,7.35192474442765,16.2808091500509,7.05024906047868,0.000302601444637333,0.878485615309978,0.198657255982097,0.727652256404326,0.158512652780169,"no SS",1
102296,138,1,1,9,1.03767809150245e-05,1,1,1,0,1,2.7225,4.67580524826823e-09,0,81828,0,0,0,0,0,0,0,0,0,0,4.149377593361e-07,0,0,NA,NA,NA,NA,NA,-0.0113912133891213,0,0,NA,NA,NA,NA,-4.19677467793741e-08,NA,NA,NA,NA,"no SS",1
102095,162,2587,238,240,0.0375937263534429,15334,864,234,47.0744091837593,379,1319,0.00136562263116554,2435,81345,0.0375315016288647,47.0744091837593,379,1319,31.3049516849971,618,469,313,0.0274736842105263,1161,0.000212863070539419,0,0,0.146476142416091,5.41992387394108,NA,NA,NA,5.50743723849372,0.196964055162173,0.130983061443502,14.0081426432752,5.52227921219735,12.8298438852151,5.46009311193591,0.000156909566054836,0.841430675054235,0.161329528640879,0.690806617286919,0.128672585077151,"no SS",1
102205,66,3901,238,240,0.0576966250093542,25858,1285,234,63.9061812346818,553,1973,0.00228369648979374,3744,80178,0.0576966250093542,63.9061812346818,553,1973,42.4499705535822,882,692,437,0.0407368421052632,1973,0.000325311203319502,0,0,0.170220535668193,5.77178771163125,NA,NA,NA,8.24383891213389,0.26738987964302,0.177614939554737,16.0489576136411,7.17800049276064,15.4437230144869,7.01838213456351,0.000241324128732857,0.875326594578468,0.184332164488365,0.732556287211839,0.149187121453618,"no SS",1
102100,54,6230,238,240,0.0925736251786098,42958,2119,234,71.5891053163818,850,2542,0.00365489758679774,5950,79083,0.0925736251786098,71.5891053163818,850,2542,42.9534631898291,1371,1089,662,0.0665263157894737,2519,0.000504149377593361,0,0,0.186352279875681,6.1113410276138,NA,NA,NA,10.6132008368201,0.295351905089463,0.175537502886314,19.0404175266864,7.9901769562898,18.334802962547,7.70404516509079,0.000387212429165486,0.900114331203639,0.243919504231359,0.756256522496582,0.198240820950223,"no SS",1
102378,234,1,1,1,1.01324308714904e-05,1,1,1,0,1,2.7225,1.36895912298734e-09,0,82510,0,0,0,0,0,0,0,0,0,0,4.149377593361e-07,0,0,NA,NA,NA,NA,NA,-0.0113912133891213,0,0,NA,NA,NA,NA,-4.23951082489137e-08,NA,NA,NA,NA,"no SS",1
102214,234,69,238,240,0.00110585862022871,228,28,234,3.60555127546399,9,6.5,1.64429490682235e-05,65,82289,0.00110585862022871,3.60555127546399,9,6.5,5,26,13,10,0.000578947368421053,5.5,3.3195020746888e-06,0,0,0.0565498259657811,2.70986846830912,NA,NA,NA,0.0271966527196653,0.0150859886002677,0.0209205020920502,3.18168137542969,1.32367486157282,2.80065267467678,1.15587195606231,4.62702351560128e-06,0.777254901960784,0.0389888603256213,0.607698412698413,0.0278491859468723,"no SS",1
102438,30,4128,238,240,0.0597654435671157,26898,1418,234,67.8969807870718,539,2331,0.00232189248626725,3891,80168,0.059213152380002,67.8969807870718,539,2331,34.4818792991333,856,697,437,0.0463684210526316,2313.5,0.000323651452282158,0,0,0.166397908322818,5.52991589672672,NA,NA,NA,9.74174686192469,0.284087785719966,0.144275645603068,15.7125492684993,6.3115960388159,14.6548314608109,5.93540814984998,0.000247711317299972,0.887388087845795,0.161473569630587,0.75018996281514,0.132355942581128,"no SS",1
102005,42,5332,238,240,0.0807379463334545,31525,1782,234,68.5930025585701,721,2571.5,0.00277177165887926,5083,79789,0.0807379463334545,68.5930025585701,721,2571.5,40.4969134626332,1359,909,648,0.0509473684210526,2530.5,0.000410373443983403,0,0,0.188495875135248,6.57429098218061,NA,NA,NA,10.7480230125523,0.287000010705314,0.169443152563319,18.7286040003209,8.15367528333433,17.8668157155747,8.15476662808851,0.000337731052874802,0.864481666920003,0.205100448915916,0.707407544436533,0.16183259575281,"no SS",1
102296,114,4140,238,240,0.0625349939654851,27904,1509,234,66.573267908373,547,2560,0.00232525665254607,4012,80371,0.0625349939654851,66.573267908373,545,2560,39.1152144312159,1014,715,493,0.0388421052631579,2526,0.000335269709543568,0,0,0.222316414807702,7.55920549712766,NA,NA,NA,10.6885146443515,0.274365137691937,0.159477884649439,15.8190852425653,6.48512607922375,15.2734832671434,6.26540754698924,0.000261525824040311,0.876526084511628,0.156827259111333,0.720805240685735,0.125187219171243,"no SS",1
102020,66,4139,237,240,0.0602387145755286,30130,1400,234,54.7083174663597,584,1787,0.00265179300976711,3913,80347,0.0602387145755286,54.7083174663597,582,1787,32.5729949498047,927,745,466,0.0455789473684211,1784.5,0.000351867219917012,0,0,0.222365350143048,7.02977042074346,NA,NA,NA,7.46559623430962,0.228905094001505,0.136288681798346,15.6951188769152,6.63569225514274,15.1460076294023,6.66829758979926,0.000251961861557889,0.891598624500658,0.207475994513032,0.740551929309644,0.167738340192044,"no SS",1
102225,78,2692,237,240,0.0400315811549327,15855,908,234,54.4058820349418,353,1304,0.00140349414846047,2627,81061,0.0400315811549327,54.4058820349418,353,1304,36.4005494464026,618,460,286,0.0257368421052632,1238,0.000205809128630705,0,0,0.168577697673367,5.81525304274678,NA,NA,NA,5.44467573221757,0.227639673786367,0.152303554169049,13.8197204315044,5.88944449106095,12.9177669682469,6.10660494854081,0.000167454482813278,0.871944523654455,0.165039161835012,0.733343945547446,0.133607974773675,"no SS",1
102016,90,3412,237,240,0.0487785119950006,18647,1124,234,52.3545604508337,456,1493.5,0.00164542472639173,3223,80570,0.0483430557279384,52.3545604508337,456,1493.5,36.2353418639869,672,577,347,0.0343157894736842,1467,0.000258091286307054,0,0,0.199979921587559,7.41525684579973,NA,NA,NA,6.23756276150628,0.219056738288007,0.151612309054338,13.8249499264726,5.5001717148948,13.1511495987789,5.27412964466315,0.000202147885024565,0.88603418894213,0.188146072843204,0.750008532035354,0.155685441020191,"no SS",1
101971,42,4896,237,240,0.0713550800888577,34744,1719,234,60.9015599143405,655,2222,0.0029082773366908,4581,79604,0.0711019546756444,60.9015599143405,655,2222,37.589892258425,1079,837,552,0.0524736842105263,2204.5,0.000401659751037344,0,0,0.197560253273616,6.51218223095564,NA,NA,NA,9.28567991631799,0.254818242319416,0.157279883926464,17.1793228270804,7.42912289317807,16.7183609481509,7.27727445434795,0.000297412714490402,0.890103852473795,0.213214796956227,0.739855213339502,0.17256837188277,"no SS",1
102310,54,2936,238,240,0.0423085937018169,17203,995,234,64.6606526413088,394,1904,0.00153841318511288,2794,81071,0.0423085937018169,64.6606526413088,394,1892.5,34.7131099154196,636,502,319,0.0291052631578947,1904,0.000224896265560166,0,0,0.149260376188472,5.14129965078327,NA,NA,NA,7.90701882845188,0.270546663771167,0.145243137721421,14.8130679152137,7.78076022575222,13.7802613024123,7.48936811496573,0.000176938257215076,0.870599706914257,0.130160898603522,0.729382415135682,0.106026108075288,"no SS",1
102354,42,2820,238,240,0.0431042993237573,13900,1001,234,64.6374504447692,378,1689.5,0.00122308153044699,2727,81036,0.0431042993237573,64.6374504447692,375,1678.5,36.1386219991853,766,473,332,0.0259473684210526,1653,0.000196265560165975,0,0,0.149319165624339,5.712710945079,NA,NA,NA,7.01162133891213,0.270449583450917,0.151207623427554,16.0140734756264,8.53841817958315,14.778160473465,8.22931732535102,0.000180184717782647,0.852078853519946,0.14353811382782,0.69270497776221,0.112060817752209,"no SS",1
101998,78,5723,238,240,0.0867957746478873,36084,1830,234,70.2281994643178,766,3020.5,0.00312512396339069,5474,79520,0.0867957746478873,70.2281994643178,764,3020.5,48.7647413609464,1428,970,636,0.0568421052631579,2703,0.000435684647302905,0,0,0.181823682590216,5.99488920904035,NA,NA,NA,12.6266841004184,0.293841838762836,0.204036574731993,19.26173922491,9.12319149953155,18.8641239347834,8.91019773413836,0.000363119925084417,0.895684832590366,0.191387294456923,0.73826921821094,0.151789923189973,"no SS",1
102269,66,4539,238,240,0.067154697098628,28855,1494,234,61.6846820531645,623,1964.5,0.00250810886837197,4316,79884,0.066596565019278,61.6846820531645,623,1964.5,48.0208288141719,1004,788,500,0.0476842105263158,1956.5,0.000359751037344398,0,0,0.178350605189362,6.05371771607793,NA,NA,NA,8.20827405857741,0.258094903988136,0.200923969933774,19.3278656934367,9.62782414317664,18.1933750847364,9.20312009855146,0.000278604496698824,0.890366532035481,0.21470659455969,0.748255118848643,0.174186778593914,"no SS",1
102219,150,531,238,240,0.00778948905820209,2634,194,234,15.8113883008419,76,126.5,0.000235012032979144,491,82162,0.00778948905820209,15.8113883008419,76,126.5,12.5299640861417,149,94,61,0.00510526315789474,126.5,3.94190871369295e-05,0,0,0.212756534911735,8.41571605383063,NA,NA,NA,0.517897489539749,0.0661564364051962,0.0524266279754882,6.59629944040045,2.83378091145303,6.20851403998819,2.89921980798345,3.25500913329168e-05,0.892535741692088,0.137693631669535,0.717274688675617,0.105636833046472,"no SS",1
102243,42,3861,237,240,0.0568353121457137,20193,1258,234,50.9901951359278,507,1471.5,0.00187387185892706,3613,80267,0.0568353121457137,50.9901951359278,507,1471.5,27.2029410174709,949,641,431,0.0376315789473684,1470.5,0.00028298755186722,0,0,0.151818215807464,5.42284309390384,NA,NA,NA,6.14551255230126,0.213348096803045,0.113819836893184,14.7552391801633,5.43565684896928,13.8569305428878,5.37757061652597,0.000237718920593947,0.882391773297708,0.228591471664078,0.727511204214275,0.181039234353861,"no SS",1
102176,90,4446,238,240,0.0664153673793297,27505,1531,234,58.1807528311554,592,1847,0.0023336718559756,4232,79779,0.066182830068063,58.1807528311554,590,1847,33.5261092284804,1048,736,492,0.0432631578947368,1830.5,0.000336099585062241,0,0,0.160521819627301,5.46157434757941,NA,NA,NA,7.71664225941423,0.243434112264249,0.140276607650546,16.3937889176429,7.004492736662,15.7874217321488,6.70976381446494,0.000276831270520051,0.882526548310161,0.223227497569019,0.727164838051122,0.17892022153638,"no SS",1
102242,78,3002,238,240,0.0434409698880363,19543,960,234,58.1807528311554,421,1636,0.00170747321511138,2841,80437,0.0432263759215286,58.1807528311554,421,1636,35.9026461420325,636,532,348,0.0304210526315789,1636,0.000251867219917012,0,0,0.158810369161896,5.55776193821629,NA,NA,NA,6.83379707112971,0.243434112264249,0.150220276744906,15.4660014256147,7.81234786433153,14.8840445293705,7.35493687590585,0.000180821033629282,0.855676718379592,0.15701061187627,0.715597296951217,0.128290810566719,"no SS",1
102313,102,4941,238,240,0.0743763261308993,32301,1673,234,78.1024967590665,691,2882,0.00282424533747568,4684,79649,0.0743763261308993,78.1024967590665,690,2858,59.464274989274,1240,882,583,0.049,2858,0.000410788381742739,0,0,0.147464279792266,5.0895961669319,NA,NA,NA,11.9467677824268,0.326788689368479,0.248804497863071,21.3402602274607,10.2695534779428,20.3244543806603,10.3031463594862,0.000311029041235861,0.866470296107814,0.174255794799388,0.718831610687513,0.137780915401812,"no SS",1
102173,174,2903,238,240,0.0450502898478918,13802,924,234,55.9732078766261,406,1711,0.00119287215210927,2795,80732,0.0450502898478918,55.9016994374947,406,1709.5,31.8276609256791,842,503,354,0.0287368421052632,1541,0.000211618257261411,0,0,0.121615357217184,5.08838457472939,NA,NA,NA,7.15271966527197,0.233898324006254,0.133170129396147,15.1913463573995,6.93554716908848,13.9163848396181,6.80843734767047,0.000188494936602058,0.839218806898055,0.14866742969261,0.677816123436555,0.114249509483322,"no SS",1
102185,126,3674,237,240,0.0536930297409339,23174,1316,234,57.4891294072192,486,1697.5,0.00199541047497586,3466,80327,0.0536930297409339,55.3172667437573,486,1697.5,33.2866339541865,847,615,416,0.0391578947368421,1833,0.00029253112033195,0,0,0.178774304758471,6.2043403473604,NA,NA,NA,7.09111924686192,0.231452998927855,0.139274619055174,15.2431762542918,6.52383217913451,14.6112095825561,6.38851027870304,0.000224572796161132,0.884809781058171,0.194331801387762,0.73429921920918,0.156168333783906,"no SS",1
102080,66,4567,238,240,0.0675609968956102,27648,1562,234,72.9451848993475,597,2950,0.00242000747131297,4321,80209,0.0675609968956102,72.9451848993475,597,2950,40.853396431631,1098,773,523,0.0478421052631579,2965,0.000351452282157676,0,0,0.161545005938993,5.60548847128673,NA,NA,NA,12.3317050209205,0.305209978658358,0.170934713103059,19.0871486505126,8.34964330273321,17.924907724624,8.2524379352996,0.000282597879331951,0.868987537106683,0.152099472325138,0.719144912188685,0.121281014932076,"no SS",1
102194,42,3357,237,240,0.0483962918897482,17996,1119,234,61.400325732035,467,1777,0.00164318851931819,3115,80688,0.0483962918897482,61.400325732035,467,1777,44.407206622349,790,576,388,0.0332105263157895,1760,0.000259336099585062,0,0,0.184364948726515,6.85326125214306,NA,NA,NA,7.42375523012552,0.256905128585921,0.185804211808992,16.531919700218,8.85687295537046,15.6177268957158,8.12734358525394,0.00020245264475901,0.852428788384266,0.160165702801362,0.702174817621,0.127763422337066,"no SS",1
102278,150,1,1,10,1.08711013512779e-05,1,1,1,0,1,2.7225,2.3079603017052e-13,0,81758,0,0,0,0,0,0,0,0,0,0,4.149377593361e-07,0,0,NA,NA,NA,NA,NA,-0.0113912133891213,0,0,NA,NA,NA,NA,-4.14788934443314e-08,NA,NA,NA,NA,"no SS",1
102151,90,2933,238,240,0.0440307768677091,18741,1088,234,68,409,1899,0.00165264844877151,2796,80580,0.0440307768677091,68,409,1899,47.0106370941726,752,520,358,0.0317368421052632,1847.5,0.000228630705394191,0,0,0.176143422028701,5.75887847339547,NA,NA,NA,7.93421548117155,0.284518828451883,0.19669722633545,13.9792293254213,7.79284502570407,12.7817618647612,6.73698175001512,0.000184187178656557,0.85602630022246,0.137700846076224,0.701854641407883,0.108515097415198,"no SS",1
102355,66,5990,237,240,0.091109310920966,35580,2062,234,75.953933407033,782,3007.5,0.00315559443974221,5692,79004,0.091109310920966,75.953933407033,782,3007.5,42.485291572496,1506,1028,685,0.0624736842105263,3271,0.000453526970954357,0,0,0.196440027637383,6.67897178735359,NA,NA,NA,12.5722907949791,0.317798884548255,0.177762726244753,19.6514376005506,8.77308026673113,18.8554400044812,8.80164458276428,0.000381167840212665,0.882533091548838,0.205164747463231,0.723980437409718,0.16223919735492,"no SS",1
102152,54,3548,238,240,0.0515258093347727,22559,1181,234,67.1192967781993,483,2383,0.00194559155209429,3360,80274,0.051423873234173,67.1192967781993,483,2383,48.3735464897913,768,602,398,0.0372631578947368,2334.5,0.000284232365145228,0,0,0.140696907676602,4.87462459877375,NA,NA,NA,9.95932008368201,0.280833877733052,0.202399776107913,16.2433169696592,8.38698046762345,14.9776499801568,7.47823693767387,0.000215120474059821,0.876596156883366,0.133527413876759,0.736216897409607,0.108685104318292,"no SS",1
102174,126,1,1,11,1.14730211906701e-05,1,1,1,0,1,2.7225,2.14565788433493e-18,0,82200,0,0,0,0,0,0,0,0,0,0,4.149377593361e-07,0,0,NA,NA,NA,NA,NA,-0.0113912133891213,0,0,NA,NA,NA,NA,-4.22901253149451e-08,NA,NA,NA,NA,"no SS",1
102035,30,3671,238,240,0.0556150265129826,26197,1208,234,77.6659513557904,515,2005,0.00212274435405778,3538,80338,0.0556150265129826,69.6347614342147,515,2005,39.8120584747888,930,665,441,0.0372631578947368,1966,0.000314107883817427,0,0,0.141623500271354,4.98123804817466,NA,NA,NA,8.37773012552301,0.291358834452781,0.166577650522129,15.6767336849789,7.40129737519643,14.9568413408896,7.02928218903386,0.000232657161046915,0.883894372111312,0.174326960593055,0.727205653591533,0.138041357783847,"no SS",1
102059,66,6479,238,240,0.0968968260984882,40250,2162,234,89.8220462915425,845,3437.5,0.00343985711199185,6107,79177,0.0968968260984882,89.8220462915425,845,3435.5,53.665631459995,1565,1091,728,0.0688947368421053,3414,0.000505809128630705,0,0,0.153670994945951,5.33704232040557,NA,NA,NA,14.3630857740586,0.375824461470889,0.224542391046004,22.7743618771572,11.5113785650569,21.5227614315469,11.3918479517391,0.000405257783007467,0.865419550357323,0.195984264037194,0.716900529173085,0.156005722168293,"no SS",1
102148,90,2396,239,240,0.037066970353771,14811,745,234,58.309518948453,359,1588.5,0.00127062604271763,2358,81663,0.037066970353771,54.9181208709839,359,1581.5,30.4138126514911,669,429,294,0.0233684210526316,1571.5,0.000201659751037344,0,0,0.183983184499843,6.83977296692442,NA,NA,NA,6.60576359832636,0.229782932514577,0.127254446240549,13.9120648777864,6.42881964279027,13.4472257779608,6.61099321613838,0.000154964500691513,0.850817314978425,0.133348017621145,0.693783380062103,0.103876651982379,"no SS",1
102011,90,5382,238,240,0.079921981756812,35459,1825,234,84.2199501305955,735,2488,0.00311906508721995,5101,79671,0.0798785003326179,84.2199501305955,735,2488,53.0094331227943,1263,940,597,0.0589473684210526,2524.5,0.00042448132780083,0,0,0.225709837964533,7.26151542408795,NA,NA,NA,10.3986506276151,0.352384728579898,0.221796791308763,19.1296380455187,9.91854392523686,18.8889665573297,10.068589367707,0.000334093332586344,0.887224402632538,0.207797296414811,0.736837331864659,0.16655782668321,"no SS",1
102194,54,6916,237,240,0.102209846974291,47938,2373,234,76.1577310586391,939,3410,0.00408251142178391,6505,78723,0.10166025176886,76.1577310586391,939,3410,49.8196748283246,1498,1197,769,0.0741052631578947,3313,0.000565145228215768,0,0,0.178616051668178,5.85441527207235,NA,NA,NA,14.2563912133891,0.318651594387611,0.208450522294245,21.0551516011902,9.71912676909959,20.5402379455135,9.53544936333385,0.000425313929807783,0.88092432954167,0.208243345216102,0.732909367212768,0.169264395930369,"no SS",1
102246,126,3003,238,240,0.0442141922365589,17597,1000,234,55.3263047744922,414,1361,0.00159426807286403,2794,80622,0.0438465927414353,55.3263047744922,414,1361,37.1214223865412,741,524,359,0.0315789473684211,1294.5,0.000225311203319502,0,0,0.178403769391849,5.98899484297581,NA,NA,NA,5.68316945606695,0.231490814956034,0.151135658521093,14.2911486576527,7.42992254411022,13.2995784569815,6.82973976113078,0.000183416391975918,0.870119299763541,0.181040663730411,0.714228037185724,0.143091262931476,"no SS",1
102086,42,5866,238,240,0.0869010955722724,34775,1988,234,76.5375724726098,765,3186.5,0.0030546787024934,5487,79228,0.0869010955722724,76.5375724726098,765,3186.5,44.3846820423443,1398,988,651,0.0612105263157895,3155,0.00043402489626556,0,0,0.214523810591456,7.21497823578609,NA,NA,NA,13.3212447698745,0.320240889006736,0.185709966704369,20.6883831162914,9.50764982898102,20.1483702055713,9.44893275536107,0.000363560678271054,0.875465162101069,0.188315418068434,0.725700968917147,0.150077951915976,"no SS",1
102489,102,1194,238,240,0.0173308733087331,6236,391,234,31.2569992161756,159,505,0.00056323512938314,1130,81300,0.0173308733087331,31.0161248385416,158,484.5,19.6977156035922,279,200,134,0.0118421052631579,547,9.08713692946058e-05,0,0,0.145835382208631,5.56784832629262,NA,NA,NA,2.01580543933054,0.1297745809144,0.0824172200987122,9.2918490869591,4.20851842293624,8.74804797471731,3.90678531397513,7.24717774947473e-05,0.88002000436211,0.147431202260123,0.73364171473194,0.118237940776394,"no SS",1
102239,138,2965,237,240,0.0440837270114588,16366,989,234,46.0977222864644,389,1235,0.00144693012949469,2825,81073,0.0440837270114588,46.0977222864644,388,1235,28.2842712474619,749,511,346,0.0296842105263158,1204.5,0.00021701244813278,0,0,0.207437203527555,7.36048401936812,NA,NA,NA,5.15597280334728,0.192877499106546,0.118344231160928,12.893437786398,5.40013544347217,12.0674434873336,5.13094203109347,0.000184409387186675,0.881414312465366,0.190126609213746,0.719620800643762,0.150281944887754,"no SS",1
102151,126,5162,238,240,0.0778101986939002,36644,1748,234,62.00806399171,739,2205.5,0.00322527766853321,4929,79167,0.0778101986939002,62.00806399171,739,2205.5,32.5576411921994,1231,925,616,0.0556315789473684,2181.5,0.000443153526970954,0,0,0.179819770078021,5.85979403091586,NA,NA,NA,9.21664225941423,0.25944796649251,0.136224440134726,17.562854460187,6.71007302706296,17.056892905011,6.7324185087701,0.000325439681827413,0.874698135389761,0.240034290612945,0.725372682582769,0.192066399095975,"no SS",1
102314,150,4969,237,240,0.071940721368639,29734,1697,234,72.3394774656273,659,2518,0.00252205291531555,4623,79770,0.0715181145794158,72.3394774656273,659,2518,36.8781778291715,1082,834,543,0.0518421052631579,2530,0.00037551867219917,0,0,0.140715038355126,4.96860626463939,NA,NA,NA,10.5241736401674,0.302675637931495,0.154301999285237,17.1650566438979,7.2116054112872,16.7435001533752,7.08153839574672,0.000299196103693531,0.881263623442261,0.181226175349428,0.737153155360046,0.146855146124523,"no SS",1
102294,66,3647,238,240,0.0535114353995174,23313,1194,234,60.4152298679729,475,1670.5,0.00197285259176672,3444,80721,0.0531336331314032,60.4152298679729,475,1670.5,34.132096331752,845,637,410,0.0388947368421053,1670.5,0.000289626556016598,0,0,0.200219956573486,6.96215508393588,NA,NA,NA,6.97814853556485,0.252783388568924,0.142812118542895,15.0561113384497,7.32239416992613,14.4418244011945,7.03218923901432,0.000222233213300658,0.899938272483857,0.188510900140647,0.744042986339816,0.151371308016878,"no SS",1
102429,30,942,238,240,0.0147708868620694,3338,318,234,44.7213595499958,121,507,0.000295330843038504,909,82121,0.0147708868620694,44.7213595499958,121,507,26.0192236625154,304,147,122,0.00657894736842105,510.5,6.18257261410788e-05,0,0,0.11438356746578,5.63150234570344,NA,NA,NA,2.12133891213389,0.187118659205003,0.108867044613035,11.5919554142694,6.67451146581203,10.7880500622652,6.57977518172933,6.18028738998719e-05,0.836045127540688,0.0991418062934205,0.64893731680197,0.0742950551695954,"no SS",1
102156,42,4344,238,240,0.0635306435328871,29898,1535,234,54.4058820349418,586,1708.5,0.00258400088146565,4101,80229,0.0635306435328871,54.4058820349418,586,1692,28,996,771,482,0.0483684210526316,1726.5,0.00035103734439834,0,0,0.196162976116106,6.34963684802512,NA,NA,NA,7.06810669456067,0.227639673786367,0.117154811715481,15.1075211947483,6.32926595390012,14.7233552664917,6.09063431283162,0.000265734284617271,0.900976619320468,0.236005000694541,0.749245554786558,0.18988748437283,"no SS",1
102237,42,4936,238,240,0.0727238525206922,36186,1672,234,69.2603782836912,670,2585.5,0.0031388577904211,4677,79740,0.0727238525206922,69.2603782836912,670,2585.5,37.3363094051889,1122,853,570,0.0516842105263158,2555.5,0.0004149377593361,0,0,0.195207666436907,6.10137372134498,NA,NA,NA,10.7952092050209,0.28560827733762,0.152034767385728,17.2567674941308,6.89607337426923,16.7078556067372,6.94140208146811,0.000304199937632381,0.869880751428174,0.187700275125425,0.719505191263908,0.15138371904839,"no SS",1
102161,114,4187,238,240,0.0638260782946509,25798,1403,234,69.1230786351418,580,2162,0.00218159859687421,4041,80312,0.0638260782946509,69.1230786351418,580,2162,40.3112887414927,1085,725,482,0.0400526315789474,2096.5,0.000340248962655602,0,0,0.231852838916038,8.55137232541591,NA,NA,NA,9.02324267782427,0.285033801820677,0.164482379671518,17.185240841217,8.30971848741166,16.646973360251,8.35063364029325,0.000266970755085305,0.874713452722392,0.189381904163742,0.719143013499418,0.149296190933609,"no SS",1
102254,54,4956,238,240,0.0737112742417721,31283,1704,234,72.4223722339996,670,2821,0.00279566157096042,4649,80004,0.0730838458077096,72.4223722339996,670,2821,40.7062648740952,1198,862,577,0.0524210526315789,2824.5,4e-04,0,0,0.139036217516922,4.70680434154519,NA,NA,NA,11.7919560669456,0.303022477966526,0.170319099891612,18.3951620691309,8.1137307729156,17.8745369905438,8.19519415245384,0.000305748160175516,0.887297194199357,0.175054639082662,0.731095994894503,0.139187449477561,"no SS",1
102181,138,4987,238,240,0.0745116255712349,34426,1690,234,69.2603782836912,712,2310.5,0.002871957438874,4792,79652,0.0745116255712349,69.2603782836912,712,2310.5,38.3275357934736,1143,886,569,0.0504210526315789,2346,0.000416597510373444,0,0,0.174470084588558,6.02153944678323,NA,NA,NA,9.65597280334728,0.28979237775603,0.160366258550099,18.0289710143147,7.000638825212,16.8857835518968,6.9131903777316,0.000311721941895618,0.863893624204709,0.212351068016745,0.72576448974688,0.17145515045261,"no SS",1
102083,114,4101,238,240,0.0607185531490354,26227,1382,234,58.2151183113115,561,1816,0.00231185782597769,3910,80309,0.0604789002477929,58.2151183113115,561,1816,37.6563407675255,947,715,468,0.0467368421052632,1843.5,0.000333609958506224,0,0,0.220484705506488,7.51552261848701,NA,NA,NA,7.58693514644351,0.243577900884149,0.157557911161194,16.5604214817727,7.55113078900158,15.9580907308678,7.15461773874819,0.000253008197482079,0.893633027269007,0.20853548580997,0.744746488991055,0.167876003606543,"no SS",1
102119,30,3993,237,240,0.0609368178132602,27988,1402,234,65.924198895398,548,2327.5,0.00240001450549393,3833,80165,0.0609368178132602,65.924198895398,548,2327.5,37.9473319220206,1052,719,461,0.041,2255.5,0.000327800829875519,0,0,0.13849408041027,4.49017685275428,NA,NA,NA,9.71571129707113,0.271649367763172,0.154591346954061,16.65303328677,6.79415643470077,15.7605142548955,6.46814035960223,0.000254881264940979,0.863563947592821,0.167117101707092,0.70539615221775,0.131127912148062,"no SS",1
102109,162,0,1,-Inf,0,1,1,1,0,0,0,2.17928376352802e-11,0,81912,0,0,0,0,0,0,0,0,0,0,4.149377593361e-07,0,0,NA,NA,NA,NA,NA,0,0,0,NA,NA,NA,NA,0,NA,NA,NA,NA,"no SS",1
102224,66,4740,238,240,0.0703976767765274,27440,1515,234,67.2309452558864,629,2518.5,0.00234956819045487,4484,79889,0.0703976767765274,67.2309452558864,629,2518.5,39.0512483795333,1140,805,537,0.0457368421052632,2513,0.000351452282157676,0,0,0.170940123568176,6.04210031549818,NA,NA,NA,10.5262656903766,0.281301026175257,0.16339434468424,17.1052656131834,7.68128055273822,16.1259898102264,7.51736996651162,0.00029434006094935,0.872613487649444,0.184890525346834,0.723365622696318,0.147412716154908,"no SS",1
102163,66,2972,238,240,0.0447606343560101,18312,977,234,58.6685605754905,428,1804,0.00159889107257918,2840,80964,0.0447606343560101,58.6685605754905,428,1804,41.0365690573664,784,520,370,0.0281578947368421,1792.5,0.000240248962655602,0,0,0.260124241925453,9.19700802968218,NA,NA,NA,7.53672594142259,0.245475148851425,0.171701125763039,15.1830614510911,6.91814679819446,14.2696454488116,6.67944157870201,0.000187240808379607,0.851288333456057,0.145565552699229,0.688155618094905,0.114074550128535,"no SS",1
102248,66,5830,238,240,0.0883495031733555,41525,2013,234,70.0071424927486,778,2866.5,0.00345081095610403,5517,79187,0.0880952681627035,70.0071424927486,778,2866.5,36.2353418639869,1459,1004,681,0.0609473684210526,2869.5,0.000469709543568465,0,0,0.201488274539463,6.48172952031638,NA,NA,NA,11.9823326359833,0.292916914195601,0.151612309054338,18.1690649403649,7.60879318427232,17.6988023119936,7.42455616217152,0.000368430380155074,0.890169581272932,0.209313490158425,0.726866929497727,0.165536485837734,"no SS",1
102319,174,0,1,-Inf,0,1,1,1,0,0,0,5.02605395105169e-09,0,81934,0,0,0,0,0,0,0,0,0,0,4.149377593361e-07,0,0,NA,NA,NA,NA,NA,0,0,0,NA,NA,NA,NA,0,NA,NA,NA,NA,"no SS",1
102108,114,3144,238,240,0.0462173696811279,20265,1040,234,52.3450093132096,439,1280.5,0.00173353828136709,2967,80601,0.0461284599446657,52.3450093132096,439,1280.5,28.4253408071038,751,546,351,0.0326315789473684,1268,0.000260580912863071,0,0,0.193750760899399,6.92708249227383,NA,NA,NA,5.34634937238494,0.219016775369078,0.118934480364451,14.6423760946973,5.67019491421201,13.852589859876,5.61530375775096,0.000192921143575527,0.870925183945638,0.209807572936065,0.72436067397363,0.167428474691045,"no SS",1
102016,42,2629,238,240,0.0374099946265449,18401,860,234,53.3104117410474,358,1140,0.00160077194843308,2465,81254,0.0373150860265341,53.3104117410474,358,1140,36.0555127546399,567,444,280,0.0257894736842105,1130.5,0.000215352697095436,0,0,0.138559886669727,4.47673415337749,NA,NA,NA,4.75848326359833,0.223056116071328,0.150859886002677,13.0273461207364,6.16607403550178,12.2685510440258,5.61224454327299,0.000156087655188702,0.871755626383184,0.176422669614803,0.731299846132171,0.143430699406494,"no SS",1
102224,138,2245,237,240,0.0323074600470162,13714,769,234,45.9673797382448,308,894,0.00127936159747774,2086,80985,0.0321170587145768,45.9673797382448,308,894,28.2311884269862,515,395,262,0.0227894736842105,828,0.000175103734439834,0,0,0.11280434362408,3.67869460539491,NA,NA,NA,3.72919456066946,0.192332132796003,0.118122127309566,12.3812950151515,5.41578714059014,12.1557038074503,5.34052404639013,0.000134338974153848,0.866379044229676,0.186692506459948,0.715245449123969,0.149727246626471,"no SS",1
102177,114,3909,238,240,0.0573546478978698,24059,1297,234,56.7978872846517,542,1798,0.00215907318045001,3684,80133,0.0573546478978698,56.7978872846517,542,1798,34.1760149812701,912,676,440,0.0453157894736842,1821,0.000302904564315353,0,0,0.222593106492914,7.41390503764827,NA,NA,NA,7.51162133891213,0.237648063952518,0.14299587858272,15.5473078126485,6.53024097248073,14.8683575582059,6.49204571084837,0.000239935254929433,0.88143094566297,0.198771732549087,0.732819360447981,0.159328777787389,"no SS",1
102092,42,6238,238,240,0.0923394861678644,42294,2156,234,85.7029754442633,834,3451.5,0.00374436545530825,5906,79152,0.0921265413381848,85.0411665018772,833,3451.5,43.8634243989226,1386,1077,708,0.0702105263157895,3394.5,0.000486307053941909,0,0,0.219232505114329,6.75368785818559,NA,NA,NA,14.4300313807531,0.355820780342582,0.183528972380429,19.2439702426962,8.06366844394607,18.903480430779,7.88486660059045,0.000385340892822635,0.884055037674204,0.181713972438885,0.734521386296791,0.147175359465723,"no SS",1
102341,66,2207,237,240,0.0317734229230255,16537,777,234,51.4198405287298,303,1175.5,0.00147999049197747,2045,80953,0.0311168208713698,51.4198405287298,303,1175.5,27.7848879788996,474,383,224,0.0224736842105263,1153.5,0.000195850622406639,0,0,0.182001352287585,5.70977287405794,NA,NA,NA,4.90701882845188,0.215145776270836,0.11625476141799,11.2484170250051,4.65682277446689,11.292573105089,4.70712798886619,0.000130070076973665,0.909801220602987,0.143786745818825,0.759990646023819,0.1167304069867,"no SS",1
102173,42,4304,238,240,0.0648087978005499,30598,1426,234,67.4759216313494,591,2500,0.00257696071725218,4140,80020,0.0648087978005499,67.4759216313494,591,2500,36.6742416417845,1046,756,506,0.0433684210526316,2377.5,0.000353112033195021,0,0,0.194206046638469,6.3285415144458,NA,NA,NA,10.448859832636,0.282326031930332,0.153448709798262,17.3039704525781,7.36068482172486,16.2991508910354,6.91483540526424,0.000271124469269047,0.872804944517071,0.169821206365839,0.723883358144951,0.135568799528456,"no SS",1
102240,54,4973,238,240,0.0718348357080547,31727,1666,234,74.4311762637136,675,2392.5,0.00279358588931041,4659,80030,0.0716481319505186,74.4311762637136,675,2392.5,40.7921561087423,1075,864,549,0.0538947368421053,2344.5,0.000394605809128631,0,0,0.241834529439425,8.10268391499575,NA,NA,NA,9.9990690376569,0.311427515747756,0.170678477442436,17.3859086671461,7.59872596888238,16.886162667683,7.33054127616263,0.000299740922539856,0.891602725724668,0.198367121012938,0.743460478562561,0.161177610184737,"no SS",1
102221,30,4099,238,240,0.0597053052030236,25620,1444,234,65,547,2301.5,0.00219188405809681,3832,80167,0.059525740017713,65,547,2301.5,39.8246155034798,940,706,465,0.0439473684210526,2301.5,0.000321991701244813,0,0,0.200008283010779,6.94281361759659,NA,NA,NA,9.61831589958159,0.271966527196653,0.166630190391129,16.2223041734264,7.38637112804833,15.3676406173421,6.84001047555172,0.000248936209669829,0.884377296207025,0.163980619222707,0.733693427709817,0.13167932373458,"no SS",1
102077,66,7951,238,240,0.117385425562198,53342,2803,234,77.3692445355388,1025,3396.5,0.00462413964816862,7463,78213,0.117103294848682,77.3692445355388,1025,3396.5,53.3104117410474,1696,1338,829,0.0848421052631579,3343.5,0.000621991701244813,0,0,0.223918513621805,7.17033005799675,NA,NA,NA,14.1999058577406,0.323720688433217,0.223056116071328,22.9418811905828,10.2427364676006,22.2616205240393,10.0389777651591,0.000489844831774899,0.89119131639552,0.251448181194235,0.750364027960018,0.204886753603294,"no SS",1
102171,66,4121,237,240,0.0615036809460321,24350,1329,234,57.9396237474839,546,1628,0.00210688190513487,3911,80370,0.0614035087719298,57.9396237474839,546,1628,30.6104557300279,1024,694,470,0.0417368421052632,1529.5,0.000319917012448133,0,0,0.172119252866656,6.21105776318006,NA,NA,NA,6.80032426778243,0.242425203964368,0.128077220627732,14.7502819336965,5.42829119643592,14.17006778105,5.37512982249754,0.000256876293808566,0.87767782317569,0.231429375351716,0.719672582831228,0.183408366160195,"no SS",1
102324,54,6286,238,240,0.0927638634786449,37171,2072,234,77,825,2799.5,0.00327007887862119,5931,79255,0.0927638634786449,77,825,2799.5,40.8044115262063,1421,1067,697,0.0636842105263158,2751,0.000477593360995851,0,0,0.165677465187898,5.73877406905528,NA,NA,NA,11.7019979079498,0.322175732217573,0.170729755339775,19.4749696316905,7.98622321453888,18.6897365105343,7.81452623170827,0.000388091479826949,0.879808830759678,0.221692850465881,0.735346438420126,0.1788438922896,"no SS",1
102363,54,5252,238,240,0.0768932813747124,32511,1719,234,92.784697014109,689,2849,0.0030205671313978,4867,79219,0.0759413776997942,91.4166286842826,689,2849,47.7074417675063,1149,891,573,0.0567368421052632,2855.5,4e-04,0,0,0.174924410993932,5.49507777091329,NA,NA,NA,11.9091108786611,0.382496354327542,0.199612727060696,18.6435993830839,8.37563104507896,17.8128246644149,8.17433777203387,0.000317703786038922,0.889008445058165,0.172953081876725,0.742592975818838,0.139920653173873,"no SS",1
102040,42,2078,237,240,0.0321598125655096,11476,674,234,43.139309220246,273,833,0.000983287050376563,2054,81095,0.0321598125655096,43.139309220246,273,833,23.3452350598575,554,345,249,0.0161052631578947,876,0.000153941908713693,0,0,0.135020000457866,5.00733001089667,NA,NA,NA,3.47396443514644,0.180499201758351,0.0976788077818306,11.4920070935869,4.90782352197871,10.6620240678874,4.50478710413999,0.000134517963717886,0.860845147191392,0.184011853524307,0.705030532607764,0.144923445988852,"no SS",1
102011,66,4945,238,240,0.0729361662298764,31862,1653,234,59.9082632030006,646,1922,0.00277843780852783,4704,79529,0.0728916495869431,59.9082632030006,646,1922,33.8378486313773,1093,853,553,0.0502105263157895,1957,0.000387136929460581,0,0,0.201052121800949,6.63056350335059,NA,NA,NA,8.03044979079498,0.250662189133894,0.141580956616641,16.0777654711976,6.25463856443688,15.4419997463126,6.12330087490739,0.000304943924779988,0.890314530888359,0.243366918555835,0.744322275010639,0.197481108312343,"no SS",1
102209,90,7932,238,240,0.119851607779924,49494,2765,234,74.4311762637136,1021,3272,0.00426907727156907,7528,78316,0.119809489759436,74.4311762637136,1021,3269.5,37.6563407675255,1855,1332,895,0.0866315789473684,3208.5,0.00059792531120332,0,0,0.238792750235338,7.9234192731842,NA,NA,NA,13.6685251046025,0.311427515747756,0.157557911161194,20.4949073003879,7.78019508562442,19.8068838825498,7.70612328609529,0.00050121051128404,0.893649294851495,0.255862783595113,0.739700607854581,0.205279232111693,"no SS",1
102469,150,482,237,240,0.00643214936247723,1432,154,234,21.4709105535839,54,153.5,0.000127346118351191,430,82083,0.00634723389739654,21.4709105535839,53,153.5,15.6204993518133,91,69,41,0.00310526315789474,250.5,2.69709543568465e-05,0,0,0.104287101812072,5.16463764765049,NA,NA,NA,0.642259414225941,0.0898364458308949,0.0653577378736959,4.82454027233434,1.97911759116018,4.65153230026524,2.07245258553458,2.65574640058433e-05,0.847858531217664,0.0855781865965834,0.731980042661157,0.0706307490144547,"no SS",1
102268,102,2873,239,240,0.044705736741135,17323,937,234,62.1691241694782,408,1805,0.00148663522679745,2802,80795,0.044705736741135,62.1691241694782,408,1805,43.4165866921848,810,521,356,0.028,2003,0.000232365145228216,0,0,0.177562158963172,6.58718423809364,NA,NA,NA,7.52951882845188,0.25593775803129,0.177475258126296,17.2446816165666,9.77220264584917,15.7965338571924,9.01757034151375,0.000186968519625327,0.86453375857453,0.147392475312168,0.702954706440862,0.114339345466416,"no SS",1
102196,54,5160,238,240,0.0788471177944862,36207,1756,234,67.468511173732,718,2260,0.00310991017214315,4991,79800,0.0788471177944862,67.468511173732,718,2260,37.5765884561119,1301,893,614,0.0544736842105263,2255,0.000436929460580913,0,0,0.227680679321167,7.57055392892382,NA,NA,NA,9.44467573221757,0.282295025831515,0.15722421948164,18.3472279891006,7.67124715983501,17.4098332395829,7.1638927062962,0.000329861985092638,0.885072918624527,0.232640686238261,0.729112240109157,0.184537454706796,"no SS",1
102194,126,2727,238,240,0.0403193197703301,15756,877,234,50.9901951359278,370,1201,0.00130969736350627,2594,80696,0.040187865569545,50.9901951359278,367,1201,28.6530975637888,649,459,297,0.0274736842105263,1188,0.000219917012448133,0,0,0.252543745463426,9.92389786021467,NA,NA,NA,5.01371338912134,0.213348096803045,0.119887437505392,13.0852652596798,5.24611259741687,12.3527292590615,4.98014105397681,0.000168066838386538,0.896174984539221,0.184607502703934,0.749109572501102,0.147663232196732,"no SS",1
102189,174,1294,238,240,0.0191202475685234,7704,455,222,32.3882694814033,182,489.5,0.00073823470329982,1247,81432,0.0191202475685234,32.3882694814033,182,484.5,28.0713376952364,310,234,148,0.0154210526315789,487,0.000102489626556017,0,0,0.150791127429895,4.98911262229031,NA,NA,NA,2.01580543933054,0.135515771888717,0.117453295795968,13.3245725821521,5.96785795186129,13.3493903314921,6.21839442173268,7.99587200642447e-05,0.873933712708179,0.157288615011617,0.72459879922665,0.125972320436408,"no SS",1
102055,66,8140,238,240,0.121404030562535,52916,2852,234,80.7774721070176,1046,3542,0.0045630004624105,7611,78004,0.121404030562535,80.7774721070176,1046,3542,45.8911756223351,1859,1359,911,0.0854736842105263,3497.5,0.000618257261410788,0,0,0.190594522966634,6.13026484054659,NA,NA,NA,14.8086924686192,0.337981054841078,0.192013287122741,21.5205807252917,8.93004899998201,21.1317586558122,8.81944926700458,0.000507797354255274,0.888236151188264,0.239589131204777,0.734225671006382,0.192556798056975,"no SS",1
102255,102,5309,238,240,0.0809930861093652,31790,1841,234,95.6347217280419,695,3565.5,0.00278608539096491,5110,79550,0.0809930861093652,95.6347217280419,695,3565.5,49.3659801887899,1333,911,610,0.0531052631578947,3564,0.000397095435684647,0,0,0.150310458010076,5.07603208636064,NA,NA,NA,14.9070188284519,0.400145279196828,0.206552218363138,22.136067151428,11.8102585414694,21.3399129254479,11.8384266282969,0.000338798343894124,0.858364488934741,0.15603128859613,0.710277112072478,0.123749788099678,"no SS",1
102356,198,0,1,-Inf,0,1,1,1,0,0,0,1.65624311195749e-09,0,81838,0,0,0,0,0,0,0,0,0,0,4.149377593361e-07,0,0,NA,NA,NA,NA,NA,0,0,0,NA,NA,NA,NA,0,NA,NA,NA,NA,"no SS",1
102305,102,4994,238,240,0.0741411853529634,31619,1726,234,64.1248781675256,643,2024,0.00271052142394243,4791,79470,0.0741411853529634,61.5223536610881,643,1927,36.3455636907725,1101,850,546,0.0538947368421053,1996.5,0.000383402489626556,0,0,0.205677214615299,6.89728045972157,NA,NA,NA,8.05137029288703,0.257415705694929,0.14271755528566,16.9791446285821,7.25459950705165,16.7165901421137,7.13295177893993,0.000310172154351034,0.902263011807011,0.249333502602514,0.755603983457922,0.202742160721087,"no SS",1
102318,42,4533,238,240,0.0683312961992899,27180,1586,234,70.2139587261678,614,2460.5,0.00233813806511485,4318,79940,0.0682762071553665,70.2139587261678,614,2460.5,40.3112887414927,1140,776,532,0.0483157894736842,2438.5,0.000349792531120332,0,0,0.171870095121628,6.06592164417316,NA,NA,NA,10.2835878661088,0.293782254084384,0.168666480089928,16.5324720503884,7.827875214017,15.8397329594443,7.29036652773261,0.000285632568204815,0.879286412691968,0.173926898441732,0.71838988831344,0.137599184219751,"no SS",1
102291,30,2874,238,240,0.0440353570367436,17364,917,234,43.2666153055679,383,1174.5,0.00144557852524016,2802,80776,0.0440353570367436,43.2666153055679,383,1174.5,25.0599281722833,755,499,325,0.0285789473684211,1167.5,0.000226970954356846,0,0,0.234335069568473,8.77703445950023,NA,NA,NA,4.90283472803347,0.181031863203213,0.104853255950976,13.5070822710114,4.86914788674893,13.2539482915718,4.87969617023732,0.000184206066959243,0.878164374239944,0.21669204995431,0.722096130157875,0.170697532744441,"no SS",1
102083,162,2501,238,240,0.0373684340259804,13086,921,234,51.478150704935,337,1358,0.00114687549201808,2393,81138,0.0373684340259804,51.478150704935,337,1358,30.8058436014987,639,427,306,0.0231052631578947,1297,0.00018298755186722,0,0,0.0942580933444226,3.54329854186898,NA,NA,NA,5.67061715481172,0.215389751903494,0.128894743102505,12.2993650458252,5.31716661811935,11.4779961247202,5.02485449729973,0.000156311026192676,0.858704991989624,0.152591847005536,0.698980634696443,0.120432813286361,"no SS",1
102311,78,3523,238,240,0.0512752329641362,22809,1188,234,52.4785670536077,459,1332,0.00197102180548695,3309,80611,0.0505762240885239,52.4785670536077,459,1332,35.3553390593274,768,595,391,0.035421052631579,1181,0.000271369294605809,0,0,0.150006614875782,4.87068387558063,NA,NA,NA,5.56183054393305,0.219575594366559,0.147930288951161,13.7645874312669,5.4525054093439,12.8788009577363,5.13819281747464,0.00021148944466327,0.892536832764537,0.223103863412499,0.742835730425239,0.181076939914633,"no SS",1
102302,66,3870,238,240,0.0571996004738566,23603,1292,234,57.706152185014,517,1802.5,0.00206613452254166,3625,80125,0.0571357254290172,57.706152185014,517,1802.5,30.0665927567458,953,656,439,0.0388947368421053,1787.5,0.000301244813278008,0,0,0.159498426714028,5.4985408745605,NA,NA,NA,7.53044979079498,0.241448335502151,0.125801643333665,15.2356738135863,6.0219903096472,14.4739234790309,5.92080478138095,0.000239019035510374,0.87049030345223,0.198697916666667,0.715162570241804,0.157335069444444,"no SS",1
102352,54,2580,238,240,0.0376268954923949,13622,863,234,51.0881590977792,335,1200.5,0.00119412022306837,2434,80732,0.0374448793539117,51.0881590977792,335,1200.5,33.4215499341368,589,424,303,0.0251578947368421,1179,0.000187136929460581,0,0,0.258922972826218,9.57648779050115,NA,NA,NA,5.01162133891213,0.213757987856817,0.139839121063334,13.7024683148025,6.76483792525379,12.8830609734593,6.34272125052201,0.000156589878804706,0.856068984372592,0.16548968084524,0.705728402527686,0.133245743690809,"no SS",1
102070,90,5544,238,240,0.0809986681309438,32909,1914,234,76.0591874792257,736,3059.5,0.0029440401249398,5156,79581,0.0804840351340144,76.0591874792257,736,3059.5,45.2769256906871,1249,917,620,0.0555789473684211,3042.5,0.00042448132780083,0,0,0.148199947334083,5.05599765035931,NA,NA,NA,12.7898640167364,0.318239278155756,0.189443203726724,20.8737186841171,9.48866157343267,19.8614829585105,9.36057248683288,0.000336711252406384,0.869616603024532,0.180758593441328,0.720551532543137,0.145509962183214,"no SS",1
102161,90,4967,238,240,0.0734623746405779,37368,1720,234,63.285069329187,648,2054.5,0.00317618065177367,4663,79579,0.0728081529046608,63.285069329187,648,2054.5,38.3275357934736,1131,857,560,0.0576315789473684,2050.5,0.000408713692946058,0,0,0.28551490604486,8.7309161678924,NA,NA,NA,8.58484309623431,0.26479108505936,0.156182158131689,17.304514079714,6.86544897215373,16.6284055779982,6.72821698401489,0.000304594215032921,0.912297600803003,0.2292746626568,0.758756038902635,0.184519805310435,"no SS",1
102453,90,1338,239,240,0.0210906862745098,5684,478,234,36.2353418639869,176,721.5,0.000498682511497875,1297,81600,0.0210906862745098,35.4682957019364,175,694,22.6715680975093,424,226,150,0.0115789473684211,706,9.29460580912863e-05,0,0,0.143598912804518,6.17798092957704,NA,NA,NA,2.89237447698745,0.148402910886763,0.0948601175628003,10.1637913986373,4.85259334301477,9.3929776301309,4.49417672609466,8.82038238409739e-05,0.85394847806419,0.132029152282317,0.682981918931029,0.0995013425393172,"no SS",1
102301,186,2413,238,240,0.0358123668427729,13471,834,234,47.7074417675063,324,1058.5,0.00117839613220837,2310,81201,0.0358123668427729,47.169905660283,324,1058.5,27.5862284482674,598,411,275,0.0235263157894737,1085,0.000173029045643154,0,0,0.206741348718864,7.15722644423894,NA,NA,NA,4.41747907949791,0.197363622009552,0.115423549992751,12.419970119491,5.53973507018635,11.9123722601024,5.22825441027314,0.000149756996532073,0.867386673465883,0.172132117911685,0.716191450627199,0.136734935480052,"no SS",1
102021,114,3684,238,240,0.0561540566765357,19997,1237,234,57.7234787586472,482,1660,0.00173538495101375,3571,80386,0.0561540566765357,57.0087712549569,482,1660,33.734255586866,943,625,422,0.0365263157894737,1648.5,0.000272199170124481,0,0,0.156005490958821,5.80458095059918,NA,NA,NA,6.93421548117155,0.238530423660908,0.141147512915757,15.5230726686077,6.75890170462156,14.7761106479989,6.73937867150222,0.000234869010023447,0.870069140256418,0.203525857793408,0.715464083298526,0.161008160872898,"no SS",1
101996,114,4323,237,240,0.0636372108193742,32731,1444,234,61.8465843842649,596,2000,0.00272376887955491,4088,79951,0.063576440569849,61.8465843842649,593,1990.5,32.0156211871642,995,765,506,0.0470526315789474,2006,0.000387136929460581,0,0,0.175702512009858,5.97046585370154,NA,NA,NA,8.31706066945607,0.258772319599435,0.133956574004871,16.2725093820359,6.41933216295202,15.6426489388262,6.15679334130614,0.000265968324509354,0.882434690430912,0.207681307456588,0.727509763154149,0.167027579162411,"no SS",1
102119,78,3191,237,240,0.0456241246390104,19923,1047,234,54.571054598569,440,1453.5,0.00168187255178107,2955,80681,0.0456241246390104,54.571054598569,440,1453.5,37.3363094051889,726,552,346,0.0343684210526316,1526.5,0.00025643153526971,0,0,0.138871309248248,5.03092727215292,NA,NA,NA,6.07019874476987,0.22833077237895,0.156218867804138,14.3759096065845,6.10922209811791,14.0546140112332,5.90014294289544,0.00019085366516763,0.874027756224495,0.184040797960102,0.730851738265436,0.147742612869357,"no SS",1
102201,30,5630,238,240,0.0847032043835874,34035,1928,234,75.2927619363243,798,2555.5,0.00305413797380038,5328,79243,0.0845879131279735,75.2927619363243,798,2555.5,46.4004310324807,1375,991,669,0.0609473684210526,2500.5,0.000442323651452282,0,0,0.177268935926191,6.09132097066739,NA,NA,NA,10.6810774058577,0.315032476721022,0.194144062897409,19.7765041645753,9.48220297571133,18.5807268586354,9.13207136272391,0.000353881775422001,0.868323252516867,0.220747571216862,0.712718564316623,0.175465173719743,"no SS",1
102198,210,1,1,6,1.05144731723217e-05,1,1,1,0,1,2.7225,1.05317308993688e-11,0,82237,0,0,0,0,0,0,0,0,0,0,4.149377593361e-07,0,0,NA,NA,NA,NA,NA,-0.0113912133891213,0,0,NA,NA,NA,NA,-4.25866972530005e-08,NA,NA,NA,NA,"no SS",1
102093,42,5600,237,240,0.0816970464728928,40190,1857,234,60.1082357085949,767,2241.5,0.00353772230445518,5236,79203,0.0809944067775211,60.1082357085949,763,2241.5,38.9101529166874,1179,964,598,0.059,2221.5,0.000472614107883817,0,0,0.268057835632962,8.52043683383275,NA,NA,NA,9.36726987447699,0.251498894178221,0.162803987099111,18.2390797275003,7.7273373706021,17.7563160012982,7.47134125393286,0.000338720262112178,0.899736809351314,0.251539034623378,0.752823790728693,0.205309179312238,"no SS",1
102069,90,4998,238,240,0.0730464880868155,31120,1792,234,86.3481325796916,646,2819.5,0.00269027362262485,4711,79833,0.0729898663459973,86.3481325796916,646,2819.5,45.6946386351835,1116,834,548,0.0529473684210526,2557.5,0.000381742738589212,0,0,0.19420872073084,6.53629778259019,NA,NA,NA,11.7742887029289,0.357105157237203,0.187006856214157,17.9527624192085,7.32687824222198,16.9948869905158,7.2612013641437,0.000305312222497911,0.880587442034038,0.171296704588882,0.732849609391944,0.138489578740042,"no SS",1
101923,114,4578,238,240,0.0692379065626802,29815,1533,234,68.60029154457,635,2511.5,0.00260046010032265,4365,79754,0.0692379065626802,68.60029154457,635,2511.5,44.407206622349,1157,808,541,0.0496842105263158,2513,0.000363900414937759,0,0,0.203085617876655,6.75881663344514,NA,NA,NA,10.4969769874477,0.287030508554686,0.185804211808992,17.995623004824,8.03202340559365,17.3088665950026,8.06661660260981,0.000289656302980881,0.881080775077539,0.183650392443794,0.721245554303083,0.14517094585606,"no SS",1
102344,90,3520,238,240,0.0532294264339152,20959,1162,234,70.2139587261678,493,2162.5,0.00182887977999008,3394,80200,0.0532294264339152,70.2139587261678,493,2162.5,43.9317652729776,875,628,413,0.0375263157894737,2148.5,0.000274273858921162,0,0,0.162735800497254,5.80139034630156,NA,NA,NA,9.02533472803347,0.289598153665974,0.179630817041747,14.7103017202161,7.21273493214763,14.0766539381633,6.84021637229943,0.000222632889838272,0.878926636397932,0.149616233834507,0.729926687510343,0.118949987733502,"no SS",1
102211,66,4176,238,240,0.0616803373650308,26553,1391,234,51.6139516022558,529,1655.5,0.00231395233169133,3965,80397,0.0613206960458724,50.60632371552,527,1576,33.6005952328229,965,705,452,0.0422105263157895,1651.5,0.000332780082987552,0,0,0.203366751974708,6.90708501752986,NA,NA,NA,6.5827510460251,0.211741940232301,0.140588264572481,15.1436727932246,5.76334214098343,14.7068346795319,5.70932434417825,0.00025648682510773,0.901459046493918,0.239390113625328,0.749091861829503,0.192531805380208,"no SS",1
102114,102,4825,237,240,0.0711689955922348,33679,1656,234,60.3738353924943,658,2042,0.002906004235792,4551,79396,0.0709229684115069,60.1664358259653,658,2038.5,35.3411940941446,1080,849,538,0.0540526315789474,2026,0.000392946058091286,0,0,0.184335498960605,5.95880866737306,NA,NA,NA,8.51789748953975,0.251742409313662,0.147871104996421,16.9752680725664,7.00771951832387,16.1615492236219,6.67515046133582,0.000296663268751817,0.880738397846089,0.231271562345983,0.737735124770702,0.186914736323312,"no SS",1
102049,30,7346,238,240,0.111194647977063,48750,2524,234,81.0555365166378,943,3812,0.00400922949761383,6986,78475,0.111194647977063,81.0555365166378,943,3812,48.1040538832228,1740,1241,821,0.0732631578947368,3790,0.000564315352697095,0,0,0.193612890281004,6.44419345977639,NA,NA,NA,15.93839958159,0.339144504253715,0.201272191980012,21.292405037539,8.87975866349515,20.2907492357356,8.82812130018402,0.000465124353145585,0.886406014748432,0.203095542883743,0.733913057417744,0.162597463051321,"no SS",1
102189,78,3801,239,240,0.0575894979763658,25568,1337,234,63.0634601017102,510,1828,0.00216604873448948,3629,80327,0.0570542905872247,63.0634601017102,509,1828,39.9249295553543,954,667,460,0.0424736842105263,1929.5,0.000311203319502075,0,0,0.170585360977535,5.82301675741003,NA,NA,NA,7.63714435146444,0.263863849797951,0.167049914457549,14.7880311565173,6.06832949207294,14.2118921235554,5.58442648341851,0.000238595543605062,0.898521208751848,0.191532932129722,0.73853663290711,0.151663323303243,"no SS",1
102224,126,4697,238,240,0.0703916188575705,25442,1535,234,64.007812023221,621,2236.5,0.00222219577877655,4472,80180,0.0703916188575705,64.007812023221,621,2233.5,41.182520563948,1172,793,550,0.0480526315789474,2236.5,0.000344398340248963,0,0,0.18895122476387,6.93146700230656,NA,NA,NA,9.33379707112971,0.26781511306787,0.172311801522795,16.451763925198,6.73823673949468,15.6467704545621,6.75860931071588,0.00029448273642514,0.869875353226998,0.202963176064442,0.711948115370727,0.160817031070196,"no SS",1
102069,114,1990,238,240,0.0286006128702758,11843,693,234,45.4862616621766,269,986,0.00101208421584859,1883,81300,0.0284747847478475,45.4862616621766,269,986,30.2654919008431,432,342,204,0.0182105263157895,968.5,0.000153112033195021,0,0,0.12596320991846,4.51581173273138,NA,NA,NA,4.11413179916318,0.190319086452622,0.126633857325703,11.9314601728064,5.28247062174373,11.5974281680509,5.30613645786092,0.000119056668960412,0.867304728844332,0.1478949722098,0.732381311439297,0.120296428799591,"no SS",1
102043,66,6065,238,240,0.0926121433933934,41718,2140,234,76.3216876123687,800,3397,0.00359476330485341,5809,79139,0.0923943946726646,76.3216876123687,800,3397,43.2897216438267,1503,1049,696,0.0634210526315789,3378.5,0.000476763485477178,0,0,0.237774392161115,7.42031187416526,NA,NA,NA,14.2019979079498,0.319337605072673,0.18112854244279,19.4183425119342,8.65143311337697,18.363796062987,8.26544199454511,0.000386544964043916,0.891772965978507,0.18983825323883,0.736912944451694,0.150816522574448,"no SS",1
102340,42,5015,237,240,0.0745987727905839,30050,1727,234,70.7106781186548,684,2953.5,0.00261733589375932,4753,79693,0.0745987727905839,70.7106781186548,684,2953.5,41.4004830889689,1192,868,564,0.0536842105263158,2739.5,0.000376763485477178,0,0,0.169404554893279,5.75514288327272,NA,NA,NA,12.3463493723849,0.295860577902321,0.173223778614933,18.2116361518346,8.05957811875789,17.0990319697418,7.68923930507499,0.000312086747405612,0.872086191002291,0.16583447237022,0.726726868892292,0.132583893553516,"no SS",1
102132,78,4954,238,240,0.0752624630665745,33353,1639,234,67.4759216313494,725,2874.5,0.00297037090688021,4741,79535,0.0752624630665745,67.4166151627327,725,2874.5,40.1123422402632,1245,898,600,0.0506315789473684,2886,0.000424896265560166,0,0,0.204883647567008,6.95176850411281,NA,NA,NA,12.0158054393305,0.282077887710179,0.167834067950892,17.2611086198803,7.52552446079637,16.6292632981953,7.25456122532281,0.000314863316688745,0.858839469007946,0.176069180540032,0.708325465878253,0.139449379375257,"no SS",1
101910,30,4263,238,240,0.0628130061043977,32097,1478,234,56.6038867923396,597,2105.5,0.00259210692239838,4059,80270,0.0628130061043977,56.6038867923396,597,2105.5,34,983,765,481,0.0455263157894737,2105.5,0.000363900414937759,0,0,0.177869949251084,5.94235290943842,NA,NA,NA,8.79823221757322,0.236836346411463,0.142259414225941,16.182142453396,6.54432097353914,15.2220466272464,6.30852823893102,0.000262688370159888,0.863227055973478,0.197803060023539,0.723124620015322,0.15923891722244,"no SS",1
102089,126,4733,238,240,0.0715903261726325,27485,1614,234,88.3911760301898,628,2893.5,0.00231237638957114,4563,79927,0.0715903261726325,86.8331733843696,628,2893.5,69.3108938046538,1159,818,546,0.0467894736842105,2894,0.000352282157676349,0,0,0.191566916332155,6.95401651872612,NA,NA,NA,12.0953033472803,0.363318717089413,0.290003739768426,23.8702717403933,17.0513379906938,23.005256834863,16.9832581256997,0.000299330565373826,0.872602354675633,0.175247312486601,0.72289394306612,0.139750696762733,"no SS",1
102264,66,4733,238,240,0.071371230746074,25731,1573,234,79.1201617794099,613,2755,0.00220632772610295,4480,79724,0.071371230746074,79.1201617794099,613,2697.5,45.6508488420533,1210,806,540,0.0493684210526316,2674.5,0.00034149377593361,0,0,0.176478523523578,6.45103763678791,NA,NA,NA,11.275219665272,0.331046702005899,0.191007735740809,19.7187579349803,9.04340350115885,18.7884136570616,9.1238124641657,0.000298581594082238,0.864480508082976,0.171313301619799,0.711731798812311,0.134882880712952,"no SS",1
102127,54,3168,238,240,0.0477123699649953,20968,973,234,64.0702739185654,445,1499.5,0.00173896584830667,3048,81132,0.0477123699649953,64.0702739185654,445,1499.5,36.4965751817893,823,551,386,0.0279473684210526,1499.5,0.000255601659751037,0,0,0.15375263183504,5.36755716594882,NA,NA,NA,6.26266736401674,0.268076459910315,0.152705335488658,14.3309408217674,5.87751961398481,13.7629973190033,5.82541883678869,0.000199548620445435,0.858706609279536,0.179703820621141,0.706381226331712,0.141497609210343,"no SS",1
102204,54,5916,237,240,0.0888508969314511,39872,2126,234,68.0955211449329,783,2589,0.00337894362430538,5645,79549,0.0888508969314511,68.0955211449329,783,2589,38.5875627631495,1423,1012,674,0.0643157894736842,2451,0.000463485477178423,0,0,0.211746074110104,6.9005085358502,NA,NA,NA,10.8212447698745,0.284918498514364,0.161454237502717,18.1297144938411,7.84435013067745,17.614470974541,7.62992813839884,0.000371718706964105,0.896647880292156,0.231441762991585,0.738059367249852,0.184845607256295,"no SS",1
102040,42,9439,238,240,0.146051730155242,63072,3456,234,87.8236870098267,1228,4559.5,0.00536528060803428,8948,77363,0.146051730155242,87.8236870098267,1228,4559.5,52,2351,1603,1087,0.100368421052632,4508.5,0.000725311203319502,0,0,0.180535022900104,5.78352945578793,NA,NA,NA,19.0660146443515,0.367463125564128,0.217573221757322,23.6665567197127,10.6665895108193,22.8587326659124,10.3195746410203,0.000610969440238041,0.880043661345266,0.241101911915329,0.721697712551773,0.190935472857631,"no SS",1
102185,102,3924,238,240,0.0605477535109201,28657,1203,234,71.7007670809734,572,2179.5,0.00236303683958584,3765,80036,0.0605477535109201,71.7007670809734,572,2179.5,44.4184646290256,1081,703,501,0.0379473684210526,2011,0.000345228215767635,0,0,0.206174859190368,7.14404118845872,NA,NA,NA,9.10785564853557,0.300003209543822,0.185851316439438,16.6392327411747,6.95386264263178,15.8699585437564,6.66608163256474,0.000253296382158428,0.867037565676326,0.171182309512876,0.700202962041666,0.132996573527853,"no SS",1
101966,42,4539,238,240,0.0668452544876449,31264,1498,234,68.6804193347711,635,2068.5,0.00269202265353773,4354,79886,0.0668452544876449,68.6804193347711,635,2068.5,36.8781778291715,986,797,502,0.0491052631578947,2024.5,0.000381327800829875,0,0,0.212037558760367,7.15189278048735,NA,NA,NA,8.63202928870293,0.283181670856783,0.150117898866827,16.1842906644941,6.86605601343005,15.7546524275152,6.61640726815165,0.000279603386552998,0.884449271801063,0.20555854954192,0.73996979985701,0.167603356686427,"no SS",1
101931,66,4075,238,240,0.063204548840443,26307,1364,234,60.3075451332584,578,1902,0.00217590738951434,3977,80548,0.063204548840443,60.3075451332584,578,1902,36.1247837363769,1114,747,498,0.041,1817.5,0.00033195020746888,0,0,0.211585946900614,7.63862062134254,NA,NA,NA,7.94676778242678,0.252332824825349,0.151149722746347,16.3633393080734,6.86050738294288,15.7292488137762,6.56043022976149,0.000264412123761547,0.873009556841141,0.210241585793929,0.713127247335754,0.164237043155069,"no SS",1
102154,102,3400,237,240,0.0519441786482087,23228,1177,234,54.6260011349907,489,1799.5,0.00200839932642662,3248,80471,0.0519441786482087,54.6260011349907,489,1799.5,30.5941170815567,932,646,420,0.0369473684210526,1730.5,0.000287551867219917,0,0,0.159327157469307,5.39590430741971,NA,NA,NA,7.51789748953975,0.228560674204982,0.128008858081827,15.8407827708749,6.71926530719664,15.3963931007593,6.53296914210364,0.00021717297732975,0.877131280131437,0.182222415972797,0.707681191883657,0.141592920353982,"no SS",1
102246,30,5997,238,240,0.0890502557364741,44524,2049,234,78.8162419809521,839,3385,0.00385201074091347,5661,79238,0.0886821979353341,78.8162419809521,838,3385,48.6004115208915,1366,1037,694,0.0675263157894737,3378,0.000502904564315353,0,0,0.235678347712224,7.33522491487288,NA,NA,NA,14.1517887029289,0.329775071050009,0.203349002179462,19.5700089503583,8.73922641462143,18.8027785315986,8.69547954903521,0.000370927326013166,0.889388756177966,0.18200419591287,0.736049054855331,0.146623844181408,"no SS",1
102310,54,4419,238,240,0.0632341571688655,24120,1458,234,61.1310068623117,579,1905.5,0.00226492129264509,4144,80194,0.0632341571688655,61.1310068623117,579,1905.5,39.8497176903426,927,731,460,0.0458947368421053,2149.5,0.000322821576763485,0,0,0.238497222306293,8.03497684827909,NA,NA,NA,7.95002092050209,0.251594170972015,0.162551120043274,16.859494655463,7.56200547207668,15.8696581467492,7.44666310055267,0.000264492650131353,0.88816704580417,0.207360457984052,0.748515988399467,0.169454099366183,"no SS",1
102413,42,5742,238,240,0.0870507313017297,36576,1901,234,70.4059656563277,755,2573,0.00314182237646759,5448,79379,0.0870507313017297,70.4059656563277,755,2510,36.4965751817893,1462,977,677,0.0551578947368421,2481.5,0.000445228215767635,0,0,0.173457875026489,5.80794213001649,NA,NA,NA,10.4907008368201,0.294585630361204,0.152705335488658,17.9478367183771,7.12416105071502,17.4650984807881,6.92872209775116,0.000364103334990365,0.895758368764336,0.228376904517963,0.730668231623245,0.18005750735367,"no SS",1
102100,138,3611,238,240,0.0534047379969504,23560,1216,234,62.2012861603359,510,1844.5,0.00204779292439046,3437,80667,0.0534047379969504,62.2012861603359,510,1844.5,41.0365690573664,871,637,414,0.039,1826.5,0.000301659751037344,0,0,0.187339810455772,6.55832719172332,NA,NA,NA,7.7061820083682,0.260256427449104,0.171701125763039,16.4622594639789,8.25406518422487,15.4324218987907,8.23507853131179,0.000223239896565841,0.858600853551447,0.17622514930868,0.715649567811048,0.140595598461916,"no SS",1
102235,114,2609,238,240,0.0381081922239,14795,834,234,47.1274866717927,357,1254.5,0.00128303806977847,2468,80893,0.0378030237474194,46.8401537145215,356,1245.5,30.364452901378,590,449,297,0.0258947368421053,1264,0.000201244813278008,0,0,0.185726474724626,6.83629588282564,NA,NA,NA,5.19990585774059,0.19598390675532,0.127047920089447,14.4905084058445,6.79911419698165,14.1350822787761,6.89632287315706,0.000158129759979434,0.864229935170637,0.173051892931922,0.724283360823853,0.139663856035312,"no SS",1
102020,66,5369,238,240,0.0821377421543255,34756,1820,234,69.4046107978425,719,2260.5,0.00292671369960696,5180,79598,0.0821377421543255,65.4599113962126,719,2260.5,40.8044115262063,1358,923,628,0.0554210526315789,2463.5,0.000430290456431535,0,0,0.261736867817791,9.09088839545696,NA,NA,NA,9.44676778242678,0.273890842661977,0.170729755339775,17.8217553126189,7.41553217118551,17.0781026765807,7.24616373016485,0.000343630461820085,0.899803579836239,0.241575524682235,0.740656253312095,0.191398167307124,"no SS",1
102225,42,4550,238,240,0.0685217608804402,31435,1502,234,67.6239602507869,648,2093.5,0.00271268119989643,4351,79960,0.0685217608804402,67.6239602507869,648,2093.5,39.1152144312159,1128,809,545,0.0482631578947368,2369.5,0.00039045643153527,0,0,0.221711689195291,7.57683577411741,NA,NA,NA,8.7480230125523,0.282945440379861,0.163661985067849,17.322538530971,6.97377757439076,16.2910729043971,6.62355564224567,0.000286618047564165,0.868653339121198,0.209050326223816,0.714718622065706,0.166011675378687,"no SS",1
101976,18,5900,238,240,0.0880345539716919,41024,2052,234,75.4718490564528,784,2979,0.0034720155887956,5635,79412,0.0880345539716919,75.4718490564528,784,2979,41.3400532171888,1356,996,663,0.0643157894736842,3058,0.000491701244813278,0,0,0.177551283452388,5.99494279162707,NA,NA,NA,12.4530439330544,0.315781795215284,0.172970933963133,18.6786540247434,7.46275009198707,18.0493560059252,7.15526757365095,0.000368260984900649,0.885463177604528,0.2038667910883,0.733245587353195,0.164324040592558,"no SS",1
102265,42,6846,238,240,0.101819767578908,44976,2321,234,76.791926658992,921,3073.5,0.00390468982639483,6495,78797,0.101628234577459,76.791926658992,921,2976,42.2018956920184,1513,1158,760,0.0734210526315789,3134,0.000549792531120332,0,0,0.192697628698316,6.44634533751618,NA,NA,NA,12.4404916317992,0.321305132464401,0.176576969422671,19.602845764767,8.14295955279081,19.2713207123306,7.87974424114585,0.000425097699706626,0.872498442800419,0.236050110537951,0.728353756433275,0.191451731761238,"no SS",1
102011,114,3501,238,240,0.0535303168781887,22767,1179,234,66.4830805543786,503,1771,0.00193834424400077,3390,80569,0.0533828147302312,66.4830805543786,503,1771,40.2616442783948,911,607,425,0.0360526315789474,1751,0.000288796680497925,0,0,0.189746455626095,6.71883107738272,NA,NA,NA,7.39865062761506,0.278171885164764,0.168458762671108,14.5704939545124,6.69056643973737,13.9844853343047,6.30267128006393,0.000223232641942641,0.871672295854854,0.18318497380638,0.706931202020674,0.144384343455854,"no SS",1
102213,126,1906,238,240,0.0284573878335428,12559,638,234,42.3792402008342,278,926,0.0010680255930958,1813,81174,0.0284573878335428,42.3792402008342,278,926,26.4007575648882,497,348,239,0.0185789473684211,925,0.000164315352697095,0,0,0.205246807824236,7.49019326354293,NA,NA,NA,3.86308577405858,0.17731899665621,0.110463420773591,11.8201480908807,5.03554578718298,11.0709738379218,4.68176649629324,0.00011902663592433,0.852994392814719,0.158610271903323,0.699015811883666,0.124485031584729,"no SS",1
102233,102,1,1,5,1.0491638164383e-05,1,1,1,0,1,2.7225,1.30587757982157e-09,0,81900,0,0,0,0,0,0,0,0,0,0,4.149377593361e-07,0,0,NA,NA,NA,NA,NA,-0.0113912133891213,0,0,NA,NA,NA,NA,-4.24372475116389e-08,NA,NA,NA,NA,"no SS",1
102218,42,4581,238,240,0.0691264947449884,26508,1545,234,76.0263112349928,603,2969,0.00227721831759852,4393,80114,0.0691264947449884,76.0263112349928,603,2938,43.8634243989226,1145,780,505,0.0472105263157895,2980.5,0.000339419087136929,0,0,0.169992682100729,6.0363720791733,NA,NA,NA,12.2814958158996,0.318101720648506,0.183528972380429,18.2581334581307,8.65274570213706,17.5130203659721,8.67746197399688,0.000289189450523475,0.868921522876792,0.153547564255414,0.714424749830277,0.121801092411346,"no SS",1
102003,126,4973,238,240,0.0750066060171379,30225,1616,234,83.0240928887513,690,2586.5,0.00261125353774476,4717,79473,0.0750066060171379,83.0240928887513,690,2586.5,45.0998891351187,1244,872,577,0.050578947368421,2538.5,0.000397095435684647,0,0,0.207975392937683,7.4654974688945,NA,NA,NA,10.8107845188285,0.347381141793938,0.188702465000497,17.7013466413937,8.03876920230696,16.9788107789177,7.67013880526759,0.000313750160893808,0.874740907278425,0.188097567132624,0.723483409633044,0.14884352024234,"no SS",1
102196,78,2666,239,240,0.0411347867953878,19733,880,234,56.6127194188726,389,1511,0.00178679549258623,2602,81002,0.0411347867953878,56.6127194188726,389,1510,36.4965751817893,730,488,329,0.0298421052631579,1621,0.000241078838174274,0,0,0.183633835612072,5.91562734064055,NA,NA,NA,6.30660041841004,0.236873303007835,0.152705335488658,14.0127519569234,6.25316394874955,13.3903204048301,5.85892812703733,0.000172027588911601,0.878252365557609,0.152710940006416,0.715853658096377,0.119253861313534,"no SS",1
102186,54,5853,238,240,0.0902655313145563,33323,2049,234,83.4865258589672,757,3149.5,0.00294771830807006,5656,79388,0.0902655313145563,83.4865258589672,757,3149.5,50.6951674225463,1510,993,661,0.0598421052631579,3146,0.000429875518672199,0,0,0.134977023189414,4.66303740696629,NA,NA,NA,13.1664330543933,0.349316007778106,0.212113671224043,20.0108963058523,9.92706914490339,19.8052696491703,9.72344580129882,0.000377594652308515,0.872447313216967,0.197791885178029,0.717034962066404,0.156113717913332,"no SS",1
102349,66,5332,238,240,0.0781519660431923,31861,1764,234,83.3846508657319,710,3524.5,0.00283451546752864,5061,79809,0.0778107732210653,83.3846508657319,710,3524.5,49.3659801887899,1149,898,562,0.0578947368421053,3504.5,0.000411203319502075,0,0,0.170506225905468,5.88084713921497,NA,NA,NA,14.7354707112971,0.348889752576284,0.206552218363138,19.2422419484274,9.25232563495353,18.3398646238765,9.26550827409975,0.000325439219030843,0.878867156214909,0.150717180787807,0.736093645380511,0.122830861830449,"no SS",1
102195,150,1195,239,240,0.0181635577547246,5499,384,234,39.560080889705,161,641,0.000490497174636261,1160,81647,0.0181635577547246,39.560080889705,161,641,29,323,203,142,0.0110526315789474,613,8.29875518672199e-05,0,0,0.107886864425182,4.2651712450301,NA,NA,NA,2.67061715481172,0.16552335100295,0.121338912133891,12.4705505809665,6.64282382783183,12.3531172435492,6.93402443277292,7.59562083576015e-05,0.827099645075651,0.124266800737389,0.67895871771141,0.0972012736718619,"no SS",1
102346,66,2003,238,240,0.0290121640180498,11291,607,234,48.7647413609464,274,1037,0.0010191162051897,1869,81552,0.0290121640180498,48.7647413609464,274,1037,25.4950975679639,497,343,234,0.0184736842105263,1034.5,0.000163485477178423,0,0,0.182793177004303,6.92467574924202,NA,NA,NA,4.32752092050209,0.204036574731993,0.106674048401523,12.6728924892224,5.98749922857776,12.015552961672,5.84119396432254,0.000121305239322919,0.863268254864617,0.142367170106505,0.705922569802536,0.112461640291233,"no SS",1
102164,66,5455,238,240,0.0806742925948224,32626,1893,234,72.4499827467198,715,2333,0.00280623517614098,5148,79728,0.0806742925948224,72.4499827467198,715,2333,46.0434577328854,1284,922,598,0.0561052631578947,2320,0.000406224066390041,0,0,0.182094776394899,6.21063468282279,NA,NA,NA,9.75011506276151,0.303138003124351,0.192650450765211,18.5985703634878,7.89999490063723,17.6762343851591,7.43431463507841,0.000337380610665235,0.872557933879872,0.22411149825784,0.724700185271425,0.179372822299652,"no SS",1
102308,102,5375,238,240,0.0817180782864469,32832,1800,234,63.2455532033676,717,2257,0.00278329651339462,5144,79554,0.0817180782864469,63.2455532033676,717,2249,37.4432904536981,1357,908,615,0.0511052631578947,2260,0.000420331950207469,0,0,0.163799016275822,5.8593782225848,NA,NA,NA,9.38725941422594,0.260441645202375,0.152482386835557,17.4969333472837,7.02267777422423,17.3172609793312,7.23957066330028,0.000341833125570379,0.883235048917904,0.241475373300646,0.722641801593928,0.191070499962856,"no SS",1
102282,42,3814,237,240,0.0565442020665901,24414,1235,234,58.6003412959344,544,1813.5,0.00207052004213191,3616,80132,0.0565442020665901,58.6003412959344,544,1813.5,39.1152144312159,915,673,452,0.0392631578947368,1811.5,0.000314522821576764,0,0,0.161702990084639,5.80849750632397,NA,NA,NA,7.57647489539749,0.245189712535291,0.163661985067849,16.157679083024,6.9646067224066,15.281581916582,6.78501719776802,0.00023654502848346,0.862712087550938,0.197180033944036,0.715039874326986,0.15736106880195,"no SS",1
101994,66,4664,237,240,0.0681980161001998,31212,1594,234,63.5609943282828,650,2077,0.00274353886688733,4395,79669,0.0675921625726443,63.5609943282828,650,2077,40,990,814,511,0.0525263157894737,2076.5,0.000387136929460581,0,0,0.193722140408423,6.51853794060745,NA,NA,NA,8.67898535564854,0.265945582963526,0.167364016736402,16.8033747454305,6.85285272659508,16.0519793270262,6.5437164759632,0.000282770631543308,0.882820923427156,0.211516556031266,0.741374930483342,0.172630503947523,"no SS",1
102167,102,3743,238,240,0.0549417494822819,24521,1266,234,73.9256383131049,510,2147.5,0.00212208802673647,3528,80514,0.0543259557344064,73.9256383131049,510,2147.5,49.0306026885251,846,648,431,0.0407894736842105,2147.5,0.000302489626556017,0,0,0.205646689065195,6.96727605043382,NA,NA,NA,8.97396443514644,0.309312294197092,0.205148965223954,15.5711412853511,7.47858181430109,15.2569491570963,6.89590582191109,0.000227262151057021,0.897517753436058,0.159600087572065,0.748635552888216,0.128730934831789,"no SS",1
102120,114,3836,238,240,0.0591083466795784,25491,1263,222,67.4240313241503,549,2387,0.00230078701192965,3706,80547,0.0591083466795784,67.4240313241503,546,2371,40.8166632639171,1055,693,471,0.0435263157894737,2134.5,0.000324896265560166,0,0,0.162374553927722,5.45066986782093,NA,NA,NA,9.90911087866109,0.282108917674269,0.170781017840657,16.0130086839,7.03877609810975,15.2256903777392,6.60908884361385,0.00024727309239363,0.883472983279813,0.160773984398744,0.720510864360386,0.125147739168608,"no SS",1
102135,30,4639,238,240,0.0702198601118103,32058,1594,234,65.924198895398,639,2083.5,0.00267533965910138,4447,79778,0.0702198601118103,65.924198895398,639,2083.5,34.1760149812701,1155,821,542,0.0492631578947368,2072.5,0.000391701244813278,0,0,0.22840647764172,7.93003112454996,NA,NA,NA,8.7061820083682,0.275833468181582,0.14299587858272,17.006667599397,7.09769499730925,16.2855223088842,6.66285915401634,0.000293723795398969,0.874712199954924,0.215851731977035,0.717039956069814,0.171348206373059,"no SS",1
102207,54,5133,238,240,0.0763791549859832,32291,1743,234,69.3541635375988,666,2315.5,0.00287572845410787,4862,79904,0.0763791549859832,69.3541635375988,666,2315.5,38.5875627631495,1241,873,590,0.0523684210526316,2311,0.000401244813278008,0,0,0.184652460321024,6.11762184177458,NA,NA,NA,9.67689330543933,0.290184784676146,0.161454237502717,18.4870776308477,7.92306992301074,17.710667037836,7.92373874969321,0.000319494326275857,0.881412482465925,0.214811164689733,0.730965794985981,0.17113090000352,"no SS",1
102218,126,4901,238,240,0.071248747057041,35269,1701,234,64.2806347199528,625,1968.5,0.00299902830537985,4616,79823,0.0703681896195332,64.2806347199528,624,1968.5,32.1403173599764,1001,812,512,0.0490526315789474,2109,0.00038298755186722,0,0,0.202188321303818,6.1172673085155,NA,NA,NA,8.22501046025105,0.268956630627418,0.134478315313709,16.1076995178832,6.53704067705617,15.6221669087546,6.38158723022383,0.000294341772968503,0.890020012390787,0.232001982569906,0.753082851750364,0.190657139316839,"no SS",1
102202,114,6006,238,240,0.0889804156252567,38866,2001,234,65.4599113962126,784,2428.5,0.00332143235596593,5649,79266,0.0889284182373275,64.6606526413088,784,2428.5,33.9558536926993,1400,1004,667,0.0628421052631579,2447,0.000472614107883817,0,0,0.219886973262987,7.40593321070621,NA,NA,NA,10.1496966527197,0.270546663771167,0.142074701643093,18.1533072624192,6.88920353010387,17.5497394828535,6.65850311025701,0.000372043188369791,0.897255518239523,0.247263925915532,0.739439062502178,0.198154903886628,"no SS",1
102135,102,3207,238,240,0.0472076443212199,18735,1092,234,52.3927475897189,435,1570.5,0.00168328710449946,3042,80792,0.0472076443212199,52.3927475897189,435,1570.5,29.8328677803526,772,563,365,0.0333157894736842,1464.5,0.000247302904564315,0,0,0.137710392727473,4.76066156668224,NA,NA,NA,6.55973849372385,0.219216517111795,0.124823714562145,13.9929820907595,5.41028351712975,13.0586709165822,5.22198287992883,0.000197479185446806,0.86765343555788,0.177717720516285,0.71776298222676,0.141745491822375,"no SS",1
102212,138,1937,238,240,0.0293661919870139,11662,623,234,45.8802789878178,276,955.5,0.00100754964717204,1896,81318,0.0293661919870139,45.8802789878178,276,955.5,26.0192236625154,492,337,225,0.0205789473684211,1093.5,0.000157261410788382,0,0,0.195156647015301,7.23583416976935,NA,NA,NA,3.98651673640167,0.191967694509698,0.108867044613035,11.5809347503535,5.0891335650932,10.8151834262237,4.53252764846427,0.00012282810251565,0.862273768550879,0.156241821512693,0.712069119186432,0.124051295472389,"no SS",1
101982,30,4228,237,240,0.0634378492409307,25893,1420,234,58.5234995535981,578,1886,0.0022529575586391,3964,79637,0.0634378492409307,58.5234995535981,578,1886,31.04834939252,1088,723,495,0.0407894736842105,1829,0.00032448132780083,0,0,0.18144987139636,6.21634582642816,NA,NA,NA,7.87982217573222,0.24486819896903,0.129909411684184,15.398876221701,6.18472921829963,15.0089612458252,5.93531294676661,0.000265387784262827,0.874428009629127,0.211407289617944,0.7121142815298,0.165878562162615,"no SS",1
102026,54,2588,237,240,0.0363974981429848,13397,866,234,48.0104155366312,349,1248,0.00122049598439018,2387,81107,0.0360264835340969,48.0104155366312,349,1248,31.0161248385416,535,430,277,0.0240526315789474,1218.5,0.000185892116182573,0,0,0.190420995464995,6.83011212710997,NA,NA,NA,5.21036610878661,0.200880399734859,0.1297745809144,13.5741784375812,5.84133363063279,12.6975995279024,5.61165858468219,0.000150611678716319,0.847771026207573,0.156826964362387,0.711967422950849,0.128112924001717,"no SS",1
102100,78,4660,238,240,0.0685701382442231,28432,1541,234,90.2496537389479,631,2588,0.00245995158587237,4355,79714,0.0685701382442231,90.2496537389479,631,2555.5,46.690470119715,1111,811,527,0.0457894736842105,2470.5,0.000358921161825726,0,0,0.137872161158543,4.76737730231877,NA,NA,NA,10.6810774058577,0.377613613970493,0.186989414726841,17.4471676298208,7.94733999958348,16.476088530612,7.49450242619814,0.000286779377208285,0.870860243535523,0.170110792978962,0.722223677413034,0.135534669488361,"no SS",1
102133,54,6557,238,240,0.0984147099893219,43193,2269,234,75.1531769122237,843,3243.5,0.00368160554330163,6260,79200,0.0975883838383838,75.1531769122237,843,3243.5,42.8018691180654,1469,1102,722,0.0656842105263158,3257,0.000498755186721992,0,0,0.17752420735736,5.70854052484214,NA,NA,NA,13.5597384937238,0.314448438963279,0.174903218067219,19.5200454597339,8.30944267025247,18.3260176581278,7.82013392888734,0.000408151233550654,0.887405596365524,0.204671239043508,0.742338099181767,0.165770727961232,"no SS",1
102181,90,4765,238,240,0.0704108660448651,33048,1587,234,63.5609943282828,657,2117.5,0.00287815490563031,4482,79661,0.0704108660448651,63.5609943282828,657,2117.5,33.0151480384384,1127,846,556,0.0507368421052632,2113.5,0.000384647302904564,0,0,0.163467757193444,5.19565152877609,NA,NA,NA,8.84844142259414,0.265945582963526,0.138138694721499,17.152891677962,7.01513662530109,16.9082898452659,7.03708144470235,0.000294438781776858,0.890062305254156,0.216329836470225,0.732933723044227,0.172863313792039,"no SS",1
102316,90,5062,238,240,0.0743845340582994,32361,1797,234,63.1981012372998,683,2191.5,0.00279117434428885,4763,79452,0.0743845340582994,63.1981012372998,683,2191.5,38.6264158316559,1147,873,582,0.0535789473684211,2192,0.000390041493775934,0,0,0.194362286146425,6.44910601311201,NA,NA,NA,9.14667364016736,0.260243101411296,0.157432702224502,17.5627218560321,7.08171704657877,16.5271555858757,6.86073632554155,0.000311021616628475,0.88759377506806,0.219857892191511,0.738971626730456,0.177188348647744,"no SS",1
102178,30,3721,238,240,0.0555748308592104,19560,1280,234,54.817880294663,475,1603.5,0.00164979550275461,3563,80702,0.0555748308592104,54.817880294663,475,1603.5,30.8058436014987,922,618,402,0.0337368421052632,1496,0.000257676348547718,0,0,0.140933492481214,5.17385106357088,NA,NA,NA,6.69781380753138,0.229363515877251,0.128894743102505,15.3889608542624,6.17438060096672,14.8661169440179,6.22473687195765,0.000232487986860329,0.862957844140333,0.205328938332647,0.712846316302329,0.163118619237284,"no SS",1
102247,102,4424,237,240,0.0637005551297238,28799,1509,234,66.2419806467168,576,2082,0.00250419748494794,4143,80186,0.0633402339560522,66.2419806467168,572,2082,34.4818792991333,936,761,474,0.0492105263157895,2119,0.000331120331950207,0,0,0.236532170130244,7.4278345361148,NA,NA,NA,8.69990585774059,0.277163098940238,0.144275645603068,16.6177148358989,7.29267877276312,16.285454599081,7.17759672701221,0.000264937695324083,0.896775782984958,0.193899366267084,0.757880305576705,0.158165992211957,"no SS",1
102194,186,1,1,9,1.05044223618143e-05,1,1,1,0,1,2.7225,9.75902135374391e-10,0,82220,0,0,0,0,0,0,0,0,0,0,4.149377593361e-07,0,0,NA,NA,NA,NA,NA,-0.0113912133891213,0,0,NA,NA,NA,NA,-4.25191851878466e-08,NA,NA,NA,NA,"no SS",1
102407,90,1,1,3,1.03000401701567e-05,2,1,1,0,1,2.7225,2.52662287081705e-10,0,82092,0,0,0,0,0,0,0,0,0,0,4.149377593361e-07,0,0,NA,NA,NA,NA,NA,-0.0113912133891213,0,0,NA,NA,NA,NA,-4.16568807710922e-08,NA,NA,NA,NA,"no SS",1
102325,78,2213,237,240,0.0309633150858778,14640,723,234,40.853396431631,303,909,0.00122836807051201,2079,81230,0.0308629816570233,40.853396431631,303,909,25.3179778023443,428,385,216,0.0205789473684211,890,0.000187136929460581,0,0,0.223751571633524,8.11938069451026,NA,NA,NA,3.79195606694561,0.170934713103059,0.105932961516085,11.1078992991219,4.91875754905964,10.9604958677828,4.82938034595426,0.000129091468270251,0.88890755612803,0.176985527709142,0.760582938844869,0.146770208259795,"no SS",1
102021,90,8404,238,240,0.126757505714687,54750,2922,234,74.3303437365925,1100,3229.5,0.00480543556162054,7987,78307,0.126757505714687,74.3303437365925,1100,3229.5,43.4165866921848,1939,1412,928,0.0900526315789474,3225,0.000647302904564315,0,0,0.219584408988142,7.01331820250044,NA,NA,NA,13.5011610878661,0.311005622328839,0.181659358544706,21.0540461933798,8.4047929567805,20.4499661375398,8.28116070768966,0.000530323811345911,0.883278747640337,0.285443147178927,0.733703955302426,0.2296830965664,"no SS",1
102410,78,1,1,1,1.01803966282526e-05,1,1,1,0,1,2.7225,4.01727717978789e-14,0,82062,0,0,0,0,0,0,0,0,0,0,4.149377593361e-07,0,0,NA,NA,NA,NA,NA,-0.0113912133891213,0,0,NA,NA,NA,NA,-4.2595801791852e-08,NA,NA,NA,NA,"no SS",1
102309,54,4239,238,240,0.0617830315029407,25225,1492,234,74.6860093993514,549,2181.5,0.00225317618740526,3953,79955,0.0611719091989244,74.6860093993514,549,2181.5,43.1856457633784,938,729,471,0.0457894736842105,2150,0.000311203319502075,0,0,0.184754261588412,6.03587694861211,NA,NA,NA,9.11622384937239,0.312493763177202,0.180693078507859,17.5685188428483,8.61511605852306,17.067915857334,8.42592765633431,0.00025586514490261,0.893305529257307,0.174292637730739,0.748607346261636,0.140866652412515,"no SS",1
102100,90,2657,237,240,0.0394329214220728,15338,842,234,62.4339651151519,347,1519.5,0.00128423913959487,2502,80929,0.0393801974570302,62.4339651151519,347,1519.5,34.6554469023269,685,454,296,0.0275263157894737,1500,0.000197925311203319,0,0,0.191437105500689,6.91451125960349,NA,NA,NA,6.34634937238494,0.261229979561305,0.145001869884213,15.7974635442215,8.152421515778,14.7528464398515,7.79150198657204,0.000164728437443341,0.892282847699256,0.149765037593985,0.738116469701609,0.117575187969925,"no SS",1
102203,54,3543,238,240,0.0521614906832298,24123,1213,234,59.1692487699481,502,1647.5,0.00207223493782385,3312,80500,0.0521614906832298,59.1692487699481,502,1647.5,33.9705755029261,887,633,414,0.0374210526315789,1625.5,0.000300829875518672,0,0,0.181389549484503,6.27426007918415,NA,NA,NA,6.88191422594142,0.247570078535348,0.142136299175423,15.6448446896767,6.1194481265479,14.845591422467,5.87153168506749,0.000218206543068197,0.863880887618698,0.194488188976378,0.713180788065138,0.153404353867531,"no SS",1
102039,78,5890,238,240,0.0878495453223216,36851,1994,234,71.6937933157397,788,2885,0.00317179255318614,5589,79067,0.0878495453223216,71.6937933157397,788,2885,45.3431361950185,1357,1003,632,0.0593157894736842,2875.5,0.00045850622406639,0,0,0.217427227015922,7.43912754033077,NA,NA,NA,12.0597384937238,0.299974030609789,0.189720235125601,19.5930447560448,8.97179604555356,18.0512237097621,8.39795993594237,0.000367444434857202,0.878672738339974,0.209906016741712,0.734342825616272,0.168897887643166,"no SS",1
102274,150,1,1,1,1.0063804520661e-05,1,1,1,0,1,2.7225,1.13482820200153e-08,0,82201,0,0,0,0,0,0,0,0,0,0,4.149377593361e-07,0,0,NA,NA,NA,NA,NA,-0.0113912133891213,0,0,NA,NA,NA,NA,-4.21079687056945e-08,NA,NA,NA,NA,"no SS",1
102366,30,4610,238,240,0.0691151997579397,29830,1626,234,70.5761999543756,636,2383,0.00260553387365209,4370,79955,0.0690638484147333,70.5761999543756,636,2383,43.2897216438267,1152,798,522,0.0464736842105263,2370,0.000370124481327801,0,0,0.215306018959697,7.24281318306738,NA,NA,NA,9.95932008368201,0.295297907758894,0.18112854244279,17.2966044145928,7.44035042522121,16.5411168258643,7.22217590902881,0.000288844115691015,0.875636780583951,0.188162333458275,0.717499315205169,0.148907895185198,"no SS",1
102318,66,4822,238,240,0.0740708208899039,30002,1596,234,85.7029754442633,669,2606,0.00255080126053688,4632,79694,0.0740708208899039,85.7029754442633,669,2606,56.0357029044876,1271,836,575,0.0516315789473684,2538,0.000369294605809129,0,0,0.198146634451753,6.79715984955098,NA,NA,NA,10.8809832635983,0.354405754996918,0.230274907550157,21.0463054485978,12.7076131879533,19.4480305978754,11.8378846074335,0.00030983358827255,0.872485339969576,0.184919491259946,0.714766801352642,0.145103690244972,"no SS",1
102041,102,5167,237,240,0.0773550929948497,32690,1706,234,80.0062497558784,708,2705.5,0.00280884788424642,4907,79413,0.0773550929948497,80.0062497558784,708,2705.5,44.5533388198909,1236,904,595,0.0561052631578947,2668,0.000410788381742739,0,0,0.199267358921933,6.91138347017351,NA,NA,NA,11.3086924686192,0.334754183078989,0.18641564359787,19.1288981190546,9.00156437645561,17.8460559531041,8.43931705749903,0.000323619815522535,0.887335794244468,0.190948369649685,0.73707883971407,0.152528674893538,"no SS",1
102356,90,4635,238,240,0.0700870304606612,28204,1549,234,80.8949936646267,617,2878,0.00248873167070542,4479,79972,0.0700870304606612,80.8949936646267,617,2878,57.2013985843004,1126,803,536,0.0497368421052632,2876,0.000354771784232365,0,0,0.192616368740494,6.4755450114152,NA,NA,NA,12.030449790795,0.338472776839442,0.239336395750211,18.3779745825631,9.62376603864005,17.8778904022045,9.12882112921025,0.000293208427103219,0.871511458631517,0.158705439306849,0.723588207575536,0.126822776566526,"no SS",1
102370,234,81,240,240,0.00134633578342188,223,21,234,10.295630140987,9,15.5,1.43092259534e-05,81,82446,0.00134633578342188,10.295630140987,9,15.5,7.81024967590665,30,14,10,0.000368421052631579,15.5,5.39419087136929e-06,0,0,0.244285593735946,21.9586214103068,NA,NA,NA,0.0534623430962343,0.0430779503806987,0.0326788689368479,2.71108127556524,1.92931718412947,2.45334862379659,1.68100536359405,5.59112536561927e-06,0.840625644197073,0.036889332003988,0.654452690166976,0.0269192422731805,"no SS",1
102148,114,3016,238,240,0.0439479226969835,19598,951,234,55.578772926361,434,1412.5,0.00172608599471748,2834,81187,0.0439479226969835,55.578772926361,434,1412.5,35.6931365951495,734,550,363,0.0308421052631579,1354.5,0.000254771784232365,0,0,0.175228133714072,6.15632546758671,NA,NA,NA,5.89865062761506,0.232547167055904,0.149343667762132,14.6696240889627,6.66858986376357,13.8678199414491,6.3666028004908,0.000183840964163222,0.864070371070811,0.181994389186432,0.710834159827634,0.144554960469268,"no SS",1
102174,18,4512,238,240,0.0672056150905559,27333,1547,234,61.400325732035,571,1780.5,0.00240731260975039,4290,79785,0.0672056150905559,61.400325732035,571,1780.5,36.6742416417845,1072,757,492,0.0445263157894737,1721,0.000321161825726141,0,0,0.248069586669107,7.85974565248081,NA,NA,NA,7.42700836820084,0.25272102816751,0.149264609379851,15.6845244357304,6.57804177069758,15.0866565622669,6.6706679347115,0.000281109686383581,0.896785205886669,0.231729979687973,0.742404402970298,0.185401270582134,"no SS",1
102186,78,3069,238,240,0.0460532843818218,20800,1050,234,57.706152185014,438,1433,0.00183769353041663,2960,80624,0.0460532843818218,56.8858506133116,438,1425,29.9666481275434,753,558,364,0.0342631578947368,1422.5,0.000263485477178423,0,0,0.217343599065978,7.43902183097951,NA,NA,NA,5.95095188284519,0.238016111352768,0.125383464968801,14.9706587892483,6.15996418977025,13.8694176707793,5.77241994535143,0.000192648903328581,0.870409424218754,0.184744750721465,0.720232798184759,0.147278336152851,"no SS",1
102225,42,4071,238,240,0.0587743593582354,26687,1362,234,59.9332962550868,533,1843.5,0.00237736404151106,3812,80154,0.0587743593582354,59.9332962550868,532,1843.5,33.5261092284804,899,705,444,0.0438947368421053,1844.5,0.00032448132780083,0,0,0.214795407262932,6.9376119285909,NA,NA,NA,7.70199790794979,0.250766929937602,0.140276607650546,15.2760564911063,5.74477710537303,14.694074600468,5.52568139094432,0.00024587605325528,0.898254522492441,0.203930565776373,0.750018673119756,0.16501450153673,"no SS",1
102322,30,4698,238,240,0.0708566003322965,32089,1607,234,65.4369925959315,632,2419,0.00264907067313902,4524,80049,0.0708566003322965,63.3245607959503,632,2337,37.8549864614954,1148,820,541,0.0497368421052632,2414,0.0003850622406639,0,0,0.185456976474054,6.40219916765863,NA,NA,NA,9.76685146443515,0.264956321321968,0.150020863855629,17.4100914812145,7.46247335216,16.3034339555797,7.04688587426989,0.000296303315657204,0.86828194307492,0.196964961627947,0.718924689021624,0.157099697885196,"no SS",1
102300,78,2711,239,240,0.0416403316354984,18172,931,234,64.9384323802169,405,1731.5,0.0015114684508249,2668,80691,0.0416403316354984,64.9384323802169,405,1731.5,37.4833296279826,692,504,344,0.0276842105263158,1389,0.000229045643153527,0,0,0.111467305766425,1.08448999564084,NA,NA,NA,7.23337866108787,0.271708922092958,0.156834015179844,14.1471929936009,7.04086034909516,13.8519059438425,6.93735812182571,0.000174185269726913,0.846320326706907,0.141437952517259,0.694060415011523,0.1123084694393,"no SS",1
102099,66,4769,238,240,0.0709907877420568,28778,1674,234,72.0069441095788,640,2861,0.00258931954036718,4486,79785,0.0709907877420568,72.0069441095788,640,2861,49.6487663492256,1178,816,560,0.0501052631578947,2691,0.000369294605809129,0,0,0.162483169044065,5.4947584094041,NA,NA,NA,11.959320083682,0.301284284977317,0.207735424055337,19.1687311473166,10.8540865467332,18.0843062093686,10.4195793188662,0.00029694828646638,0.876455073892566,0.169190787704991,0.718338085796884,0.134002449442901,"no SS",1
102048,126,3293,237,240,0.047801963294921,19273,1101,234,54.2033209314706,424,1482.5,0.00167981966734097,3104,80814,0.0477392530997104,54.2033209314706,422,1482.5,31.0644491340181,754,559,337,0.0341052631578947,1482.5,0.00024896265560166,0,0,0.197572566331556,6.9309082877908,NA,NA,NA,6.19153765690377,0.22679213778858,0.129976774619323,14.5877874460227,5.79002789948146,13.9988271478791,5.69778877949243,0.0001996619749602,0.898341355191575,0.19247655158651,0.754458240381804,0.154859309519058,"no SS",1
102238,42,6046,239,240,0.0929603116383781,39523,2156,234,68.8839603971781,820,2886,0.00357006515247843,5834,79066,0.0929603116383781,68.8839603971781,818,2886,44.5533388198909,1516,1080,710,0.0634210526315789,2827,0.000486721991701245,0,0,0.196185949366047,6.32272584936107,NA,NA,NA,12.0639225941423,0.288217407519574,0.18641564359787,19.3729074588067,7.92731652089163,18.2383205043729,7.73170107269005,0.000388828980336414,0.881469318709244,0.220099419057316,0.726804617157099,0.174702042283045,"no SS",1
102207,138,3951,238,240,0.0574061852327857,23125,1359,234,50.9215082258961,515,1648.5,0.0021170685874752,3715,80448,0.0571797931583134,50.9215082258961,515,1638,34.928498393146,885,675,431,0.0388421052631579,1641.5,0.000303734439834025,0,0,0.144773297650683,4.93331915183844,NA,NA,NA,6.84216527196653,0.213060703874042,0.146144344741196,16.0546797566125,7.35093225543815,16.0654634466771,7.2606308903797,0.000239203592776999,0.882018786720045,0.219329614265961,0.73437874603527,0.177132503695227,"no SS",1
102099,102,3007,238,240,0.0441324319639452,18213,978,234,55.3172667437573,414,1678.5,0.00159046743843,2838,80648,0.0437952584069041,55.3172667437573,414,1666,37.2155881318568,694,510,344,0.0294210526315789,1662,0.000239004149377593,0,0,0.146509625930253,5.20609495053897,NA,NA,NA,6.95932008368201,0.231452998927855,0.155713757873878,14.4686567416285,5.84202688576627,13.6007130469266,5.63345123322429,0.000183201582718888,0.876457678940717,0.15701964968436,0.727734898216889,0.126166977860763,"no SS",1
102042,18,3823,238,240,0.0557167730702263,25451,1307,234,68.6221538571911,513,1874,0.00208557281948641,3576,80240,0.0556704885343968,68.6221538571911,513,1874,39.8246155034798,891,652,430,0.0406842105263158,1862.5,0.000302904564315353,0,0,0.231536682416339,7.96729512173006,NA,NA,NA,7.8296129707113,0.287121982666071,0.166630190391129,14.9446165536057,6.65274668695322,14.6478203595777,6.39265201755548,0.000232846962034975,0.889830323445339,0.182736755982819,0.7366190206518,0.146287584373082,"no SS",1
102323,30,3926,238,240,0.0581194885088122,24080,1298,234,55.659680200303,535,1881,0.00205552162333302,3743,80627,0.0581194885088122,55.659680200303,535,1881,32.5729949498047,943,680,457,0.038,1877.5,0.000312033195020747,0,0,0.173743209100209,6.23342337582698,NA,NA,NA,7.85890167364017,0.232885691214657,0.136288681798346,15.6959092418017,6.40582313116406,15.1192871027637,6.24922582573226,0.000243135169975752,0.863603360262082,0.191531104389765,0.711131157651368,0.152987819831603,"no SS",1
102221,30,3967,238,240,0.0589441015367156,25119,1349,234,62.2896460095897,547,1976,0.00210910125249363,3786,80453,0.0588045194088474,62.2896460095897,547,1976,35.3411940941446,945,697,453,0.0412105263157895,1940,0.000312033195020747,0,0,0.180716122022894,6.34896297854966,NA,NA,NA,8.25639121338912,0.260626133931338,0.147871104996421,15.3644420538621,6.13474543997376,14.6895241750503,5.95684456349051,0.000245875351543282,0.882821788025925,0.187596653316944,0.733715114532406,0.150124905824973,"no SS",1
102195,42,1753,238,240,0.0257776960896935,12117,595,234,38.9486841883009,253,858,0.000980766283260387,1690,81259,0.0257694532297961,38.9486841883009,253,858,20,404,310,207,0.0179473684210526,946.5,0.000163485477178423,0,0,0.134819647064056,5.31725054657831,NA,NA,NA,3.57856694560669,0.16296520580879,0.0836820083682008,11.609538163165,4.72354929343609,10.9467644299816,4.58476019195919,0.000107694300521349,0.846894022326247,0.150172117039587,0.70361880300497,0.121199082042456,"no SS",1
102150,66,4492,238,240,0.0646334801659712,29249,1529,234,71.1196175467782,603,2192,0.00254285406993321,4203,80148,0.0640065878125468,71.1196175467782,603,2192,36.0555127546399,927,777,478,0.0492105263157895,2209,0.000362655601659751,0,0,0.179508421055077,6.10289205199023,NA,NA,NA,9.14876569037657,0.29165440997659,0.144942674444631,17.0846283879969,7.0160337513824,16.0277775382613,6.52382032646714,0.000267725146471152,0.884808472675247,0.187863917676786,0.746333742071195,0.15391657816677,"no SS",1
102196,54,4111,238,240,0.061096203538064,28866,1353,234,60.5392434706612,578,2122,0.00237691039768371,3943,80496,0.061096203538064,60.5392434706612,578,2122,32.2024843762092,975,722,487,0.0427368421052632,2154,0.000353941908713693,0,0,0.165724733873568,5.84294178842038,NA,NA,NA,8.86726987447699,0.253302273935821,0.13473842835234,16.0802853572232,6.44918311066948,15.2524623936832,6.19445036522529,0.000255548668120565,0.875077254893686,0.185507902380144,0.723429562271189,0.148730715552035,"no SS",1
102096,126,6113,238,240,0.0907615979684451,38648,2156,234,77.8781098897501,814,3328.5,0.00327297845503652,5749,79096,0.0906366946495398,77.8781098897501,811,3305.5,48.0936586256442,1420,1035,676,0.068421052631579,3298.5,0.000460165975103734,0,0,0.183829338958887,6.11604321620597,NA,NA,NA,13.8191527196653,0.325849832174687,0.201228697178428,19.667276286483,9.50547698543994,18.597778474257,9.27225891428558,0.000379147699670701,0.887962140136669,0.193192842513744,0.736595780954686,0.154926161474615,"no SS",1
102188,126,8500,238,240,0.126689048912721,54691,3080,234,83.86298349093,1059,3669,0.0047661945464945,7988,78139,0.125571097659299,83.86298349093,1059,3653.5,48.0832611206852,1824,1380,925,0.0913684210526316,3634,0.000613692946058091,0,0,0.234699572439889,7.17303579733844,NA,NA,NA,15.275219665272,0.350891144313515,0.201185192973578,21.7068682824507,9.18626275149554,20.9701926520942,8.98106168694168,0.000525275590315664,0.898849156747935,0.248034581258374,0.74557103176427,0.201926236760282,"no SS",1
102272,102,4391,238,240,0.0644894632669694,28667,1513,234,59.39696961967,585,1724,0.00250957038638649,4139,79943,0.0643583553281713,59.39696961967,585,1714.5,32.5729949498047,1006,774,482,0.0510526315789474,1707.5,0.000351867219917012,0,0,0.170784552766892,5.68186791254472,NA,NA,NA,7.1622489539749,0.24852288543795,0.136288681798346,15.6862585856175,6.35516758057651,15.3040375566784,6.14504504639329,0.000269239971245553,0.910172930761582,0.228880288269051,0.757014530492078,0.184127407802838,"no SS",1
102262,54,5615,238,240,0.0857378813283616,35419,1787,234,85.1645466141868,787,3099.5,0.00305646414942178,5442,79918,0.0857378813283616,85.1645466141868,787,3099.5,44.2944691807002,1410,981,641,0.0580526315789474,3101,0.000452697095435685,0,0,0.169177784905208,5.92870899048643,NA,NA,NA,12.9572280334728,0.356337015122121,0.185332507032218,19.707432346528,8.74236878894256,18.9578058781206,8.87159914478493,0.000358651168155771,0.871367902104144,0.186494651751449,0.723147442256156,0.148117906426064,"no SS",1
102199,66,3234,239,240,0.0482623479914702,21960,1044,234,54.4058820349418,471,1458.5,0.00189569335183385,3101,80881,0.0477862538791558,54.4058820349418,471,1458.5,31.1448230047949,764,581,368,0.0363684210526316,1452.5,0.000275933609958506,0,0,0.193535330177183,6.69413373047139,NA,NA,NA,6.09111924686192,0.227639673786367,0.130313066965669,14.0113028545756,5.68651743862683,13.351823536388,5.41285787143458,0.000199900628777654,0.880368773900368,0.195607065134875,0.731115462845872,0.156941140745989,"no SS",1
102097,138,5604,237,240,0.0817571150786636,35913,1910,234,72.3394774656273,735,2346.5,0.00304714324953305,5267,79198,0.0817571150786636,72.3394774656273,735,2346.5,46.690470119715,1208,947,637,0.058,2306.5,0.000437344398340249,0,0,0.202001244778536,6.85969089737091,NA,NA,NA,9.80660041841004,0.302675637931495,0.195357615563661,18.7577361613478,8.56044470558619,18.0232042256523,8.09538874041529,0.000341952597899869,0.884729689481091,0.231829573934837,0.740258191275771,0.188578589330469,"no SS",1
102295,42,2477,238,240,0.0368472453610616,14468,857,234,55.7135531087365,335,1407.5,0.00120155926981622,2339,81167,0.0368006702231202,55.7135531087365,335,1338.5,36.1247837363769,648,417,300,0.0247894736842105,1364.5,0.000191286307053942,0,0,0.279075017595687,10.3980906849862,NA,NA,NA,5.58902719665272,0.233111100873374,0.151149722746347,14.696443004849,7.32165179143859,13.9808265222869,7.5427812260015,0.000153935756752834,0.865526860205931,0.147309759826404,0.705491541609611,0.115352369679933,"no SS",1
102428,78,4942,237,240,0.0722222222222222,32416,1705,234,81.2219182240853,685,2919,0.0028069197414528,4644,80088,0.0721955848566577,81.2219182240853,685,2919,45.4862616621766,1138,864,553,0.0559473684210526,3064.5,0.000399585062240664,0,0,0.153941562178192,5.20315477983875,NA,NA,NA,12.2019979079498,0.339840662025461,0.190319086452622,19.6439303997924,9.50134879267577,18.2429214823111,8.78203850374713,0.000301989308288851,0.87835468937133,0.165011415525114,0.729581295361836,0.132534246575342,"no SS",1
102075,78,4483,238,240,0.0677737881508079,30874,1520,234,64.5135644651572,599,2346,0.00265354032831616,4299,80208,0.0677737881508079,64.5135644651572,599,2346,37.4432904536981,1137,781,523,0.0453157894736842,2386.5,0.000364730290456432,0,0,0.206400406028589,6.76065270538346,NA,NA,NA,9.80450836820084,0.269931232071788,0.156666487253967,16.3523810816078,6.74872033266083,15.844295102453,6.54387972270565,0.00028348686531739,0.889313359368818,0.186049695393251,0.727601316684721,0.147135327537819,"no SS",1
102322,222,1,1,12,1.23664424218441e-05,1,1,1,0,1,2.7225,5.52407455542977e-08,0,82033,0,0,0,0,0,0,0,0,0,0,4.149377593361e-07,0,0,NA,NA,NA,NA,NA,-0.0113912133891213,0,0,NA,NA,NA,NA,-4.19206534256091e-08,NA,NA,NA,NA,"no SS",1
102113,162,1975,237,240,0.028651000012323,10888,579,234,49.2036584005702,275,1118,0.000907237744518559,1854,81149,0.028651000012323,49.2036584005702,275,1118,33.1058907144937,471,335,227,0.0202105263157895,1110.5,0.000151452282157676,0,0,0.116534636032556,4.62223554744373,NA,NA,NA,4.67573221757322,0.199955836143084,0.13433427077194,13.8219803190594,7.27138263730006,12.6331527301213,7.29226406047268,0.000119753421169207,0.855078312642605,0.126009430383177,0.714719720260297,0.100482358679746,"no SS",1
102342,90,7431,238,240,0.111365171135095,48347,2566,234,86.4002314811714,979,3565.5,0.00421041737958315,7003,78406,0.1113435196286,86.4002314811714,974,3560.5,53.7121960079831,1727,1274,848,0.082421052631579,3323,0.000569709543568465,0,0,0.206555366712769,6.64306052509795,NA,NA,NA,14.8860983263598,0.361507244691094,0.224737221790724,20.7026486448527,8.50643811645558,20.2655728434191,8.23045682266754,0.000465745340992947,0.88586382152863,0.222749540722596,0.731818282806043,0.178684425392937,"no SS",1
102387,42,2651,238,240,0.0386782068161706,18425,873,234,65.924198895398,379,1975,0.00161003451483203,2504,80902,0.0385775382561618,65.924198895398,379,1975,33.734255586866,617,479,315,0.0276842105263158,1970.5,0.000219917012448133,0,0,0.154777684156018,5.0480475279724,NA,NA,NA,8.25220711297071,0.275833468181582,0.141147512915757,13.1802204647739,6.53256501389647,12.7528677534398,6.34594233126774,0.00016132764098081,0.883197871530843,0.118945081748542,0.736960024226548,0.09543046610008,"no SS",1
102251,54,5497,238,240,0.0808661380378173,36385,1922,234,73.0068489937759,723,2713.5,0.00308777077210555,5113,79243,0.080335171560895,73.0068489937759,723,2713.5,45.1220566907139,1253,935,610,0.0565263157894737,2712.5,0.000432780082987552,0,0,0.173771471052274,5.77202486754525,NA,NA,NA,11.3421652719665,0.305467987421657,0.188795216279138,17.0952633795196,6.56903490058177,16.5977796801332,6.58508132848044,0.000336088221408455,0.874181188934025,0.196906897618311,0.72663017180512,0.15815032477575,"no SS",1
102274,66,3665,238,240,0.0540267451723966,23461,1236,234,67.6017751246223,490,1541.5,0.0020580476094097,3494,80164,0.0540267451723966,67.6017751246223,490,1541.5,48.8773976393997,837,646,398,0.0388421052631579,1512.5,0.000287966804979253,0,0,0.257588391657613,8.50844793441915,NA,NA,NA,6.42700836820084,0.278668515165784,0.200323839495396,15.9209930436268,9.23015922927364,15.527895641851,9.03356009731541,0.000225969238927005,0.897527270182853,0.210713243164348,0.74914694718451,0.16999124258052,"no SS",1
102316,126,2582,237,240,0.036450777480469,14099,839,234,50.9116882454314,348,1096.5,0.00125500019369055,2347,81326,0.0359909500036889,50.9116882454314,348,1095.5,30.8706980808663,580,434,302,0.0243684210526316,1020,0.000192116182572614,0,0,0.251069506395729,9.09288305292682,NA,NA,NA,4.57229079497908,0.213019616089671,0.129166100756763,15.456051470522,7.38890315230865,15.1019540613006,7.26757594846409,0.000150462770786885,0.859901982974307,0.176964933494559,0.70797164569612,0.141898428053204,"no SS",1
102243,66,1538,238,240,0.0231276449168389,7934,534,234,34.4818792991333,230,540,0.00074388139925514,1463,81288,0.0231276449168389,34.4818792991333,230,540,18.9736659610103,417,277,183,0.0157368421052632,533,0.000117427385892116,0,0,0.195056769083302,7.19379580716399,NA,NA,NA,2.2480230125523,0.144275645603068,0.0793877236862355,10.5818515428841,4.04335602104953,9.87438426260559,3.95194884749631,9.6726118301203e-05,0.842800959329055,0.173160173160173,0.691431371687022,0.134751773049645,"no SS",1
102306,30,3364,238,240,0.0485071166952571,25318,1106,234,48.4664832642105,467,1346,0.00211614187368779,3134,80393,0.0481882750985782,48.4664832642105,467,1346,25.8069758011279,740,574,368,0.0365263157894737,1333,0.000295435684647303,0,0,0.149651486274478,4.97032165348252,NA,NA,NA,5.62040794979079,0.202788632904647,0.107978978247397,13.9946002238175,5.43192414355589,13.4775250813001,5.05666431691494,0.000201539971820354,0.886242685572365,0.209077662043284,0.741968305555987,0.169140266609099,"no SS",1
102038,66,5809,238,240,0.0864950448601419,37812,1930,234,77.1038261048049,770,2872.5,0.00316921376003005,5498,79249,0.08644904036644,77.1038261048049,770,2872.5,44.2040722106007,1353,988,649,0.0575789473684211,2974,0.000458091286307054,0,0,0.187715605508065,6.4698217090316,NA,NA,NA,12.0074372384937,0.322610151066129,0.184954277031802,19.3763907699379,8.71545269804124,18.7609456443206,8.6327523349083,0.000361626858352684,0.878489621966269,0.198844836593719,0.729185055255615,0.159575085621408,"no SS",1
102224,54,4828,238,240,0.0722397108546112,32786,1623,234,67.6017751246223,639,2414,0.00279125581353846,4621,79815,0.0721668859236985,67.6017751246223,638,2414,42.190046219458,1139,847,543,0.0521052631578947,2387,0.000397925311203319,0,0,0.223770837026132,7.57610442522756,NA,NA,NA,10.0890271966527,0.282852615584194,0.176527390039573,16.7696820358915,7.24509327245453,16.0359861662158,6.95778677365625,0.000301911496982208,0.894517271350903,0.194581447199514,0.742052616618835,0.15610431727586,"no SS",1
102066,90,7112,238,240,0.105970449410289,44439,2422,234,87.4585616163449,942,3637,0.00383620923583499,6666,78485,0.10559979613939,87.4585616163449,942,3389.5,51.2640224719052,1622,1188,783,0.0723684210526316,3393,0.000560580912863071,0,0,0.19251369981151,6.68266899391413,NA,NA,NA,14.1706171548117,0.365935404252489,0.21449381787408,21.2569237573451,9.20136482350876,20.2854052617606,8.75722217476357,0.000441797551072181,0.883952306660808,0.216679738562091,0.732277907806458,0.174274509803922,"no SS",1
102199,66,3469,239,240,0.0529360645561763,18424,1134,234,73.24616030892,468,1977.5,0.00158893700202308,3366,80550,0.0529360645561763,73.24616030892,466,1977.5,41.182520563948,898,591,419,0.0338947368421053,1935.5,0.000260165975103734,0,0,0.176922194924685,6.82385566910907,NA,NA,NA,8.26266736401674,0.306469289995481,0.172311801522795,18.9249473190071,10.0619645507758,18.3026879253433,10.2420588743991,0.000221447694684512,0.854967590090779,0.157639838811047,0.697161784018425,0.124440829605531,"no SS",1
102041,42,3730,237,240,0.0548551564310545,24791,1229,234,82.1522975941635,508,2247,0.00212673485098477,3559,80386,0.0548478590799393,82.1522975941635,508,2247,47.927027865287,850,655,408,0.0384210526315789,2213,0.000310373443983402,0,0,0.172945369603744,6.04926475799946,NA,NA,NA,9.39028242677824,0.343733462737086,0.200531497344297,16.6443292174931,7.87373520892366,15.2763538647688,7.1897207513971,0.000229446917874343,0.867595008560243,0.148526191679299,0.728479745696975,0.119892201448543,"no SS",1
102091,54,3864,238,240,0.0576249641713296,23819,1372,234,53.665631459995,529,1910.5,0.00212772980517372,3709,80243,0.0576249641713296,53.665631459995,529,1898.5,30.4795013082563,915,686,438,0.0433157894736842,1880,0.000304979253112033,0,0,0.183307729680048,6.24781363026425,NA,NA,NA,7.93212343096234,0.224542391046004,0.127529294176805,15.6922248762566,6.41103281619797,14.7729204404053,6.18815959808136,0.000241066590088006,0.883891326934857,0.192722877505939,0.73976955366724,0.154586754470054,"no SS",1
102093,30,6046,238,240,0.0895018064048451,37944,2008,234,75.5843899227876,787,2575,0.0032486503883294,5700,79487,0.0884421351919182,75.5843899227876,787,2575,46.0651712251241,1330,1017,646,0.0625263157894737,2559.5,0.000457261410788382,0,0,0.209930039539221,7.02731111792769,NA,NA,NA,10.7626673640167,0.316252677501203,0.192741302197172,18.9249197610419,8.45796062584007,18.4898250622037,8.4266472165379,0.000369966466441654,0.892664486453789,0.227302121055354,0.744223999421269,0.184299017071909,"no SS",1
102217,66,5121,238,240,0.0774491473315682,30064,1793,234,73.0821455623739,679,2277.5,0.00263431395765131,4908,79691,0.0774491473315682,73.0821455623739,679,2268.5,49.9799959983992,1264,875,595,0.0557894736842105,2266,0.000382572614107884,0,0,0.167343323601121,5.7520587077567,NA,NA,NA,9.46884937238494,0.301598935407422,0.204937221750624,18.7301766742666,8.68019405065776,18.020442097576,8.51487514416591,0.000323970783646483,0.882884032166567,0.222414414414414,0.729181699912817,0.176864864864865,"no SS",1
102123,42,1830,238,240,0.0268367472096161,12340,602,234,52,291,944,0.0011155148909806,1722,81530,0.0268367472096161,52,291,938,36.6742416417845,466,357,240,0.0212105263157895,944,0.000174273858921162,0,0,0.153425505293949,5.70132651431942,NA,NA,NA,3.9132949790795,0.217573221757322,0.153448709798262,12.3782949226776,6.09089984273856,11.4588412620526,5.58969246616311,0.000112245936441191,0.835442666952905,0.140598894743606,0.679094833550653,0.110654157563295,"no SS",1
102307,42,4762,238,240,0.0727375140818626,32783,1684,234,76.0591874792257,642,2458.5,0.00274795542272566,4622,79890,0.0727375140818626,76.0591874792257,642,2458.5,43.2666153055679,1189,842,574,0.0481578947368421,2414.5,0.000385892116182573,0,0,0.165189159246877,5.50456705524322,NA,NA,NA,10.275219665272,0.318239278155756,0.181031863203213,17.177467127334,7.43716830146489,16.5455886697084,7.35469818154561,0.00030425622302863,0.870497832962264,0.193184840425532,0.714610535748437,0.153656914893617,"no SS",1
102136,102,4197,238,240,0.061509099754263,29349,1378,234,75.591004755857,562,2864,0.00246218041128858,3977,80167,0.061509099754263,75.591004755857,562,2864,47.7598157450382,954,713,483,0.0421052631578947,2129,0.000333195020746888,0,0,0.203095447037376,6.51701241153208,NA,NA,NA,11.9718723849372,0.316280354627017,0.199831865042001,16.2036099129289,7.68208854084366,16.0169759835271,7.81442688459047,0.000257317844167729,0.880565068184384,0.140889739706849,0.733992404613366,0.113631818051944,"no SS",1
101960,78,4737,237,240,0.0688457839451432,33729,1642,234,70.7248188403477,662,2619,0.00304622605084193,4454,80063,0.0688457839451432,70.7248188403477,662,2619,46.690470119715,1058,854,540,0.0521578947368421,2648.5,0.000399170124481328,0,0,0.232489172728337,7.25109035814258,NA,NA,NA,10.9467677824268,0.295919744101873,0.195357615563661,17.4745254161464,7.27642891875761,16.4568610650255,6.99276566377009,0.000288015862928109,0.87657801435849,0.172573575453976,0.73301402762672,0.139448966812774,"no SS",1
102385,150,3255,238,240,0.0470811662922185,21208,1082,234,55.7314991723711,438,1737,0.00180061999937159,3090,80563,0.0470811662922185,55.7314991723711,438,1737,34.3656805548792,703,583,362,0.0376315789473684,1752.5,0.000278423236514523,0,0,0.14595884043577,5.39884745114165,NA,NA,NA,7.25639121338912,0.233186189005737,0.143789458388616,14.5136908799482,6.25069642412559,14.1151482086288,6.10512017962247,0.000196950219613799,0.879036082511251,0.164241794405473,0.738934001368372,0.133800987269421,"no SS",1
102007,42,4777,238,240,0.0707063075315125,30485,1671,234,78.0896920214186,660,2643,0.0026239515495206,4522,79413,0.0707063075315125,78.0896920214186,660,2643,45.1774279923061,1093,821,559,0.0503684210526316,2617,0.000381327800829875,0,0,0.182402019018208,6.28650836763151,NA,NA,NA,11.0471861924686,0.326735113060329,0.189026895365297,19.7621026818522,9.62195325831384,18.9243094600664,9.6177357705266,0.000295799817062061,0.854446163540677,0.176705689828802,0.715300588448961,0.142308660624371,"no SS",1
102074,138,2719,238,240,0.0401428423796346,18478,868,234,41.7731971484108,375,1197,0.00153973463007461,2594,81260,0.0400319960620231,41.7731971484108,375,1197,22.8473193175917,659,480,317,0.0278421052631579,1180,0.000235269709543568,0,0,0.189669203432231,6.85248159146996,NA,NA,NA,5.00836820083682,0.174783251666991,0.0955954783162834,13.2176090613254,5.21058288744878,12.517492075196,5.05831303431698,0.0001674978914729,0.879763962919401,0.18990075890251,0.729798201054991,0.151430239346176,"no SS",1
102341,42,4381,238,240,0.0629765668588432,32577,1486,234,63.6396103067893,594,1994.5,0.0028843917580395,4043,80103,0.0624071507933536,63.6396103067893,593,1994.5,38.4707681233427,956,787,477,0.0487894736842105,1751,0.0003850622406639,0,0,0.208545186902851,6.62483570324119,NA,NA,NA,8.33379707112971,0.266274520112089,0.160965557001434,16.7469425134761,6.83087100066639,15.9188526916709,6.5850698107276,0.000261033044471952,0.901008544654625,0.200585827782682,0.757324761138984,0.162226145574191,"no SS",1
101962,78,6000,238,240,0.0886573503701878,36569,2040,234,71.5122367151245,778,2457,0.00322695034449383,5668,79260,0.0885314155942468,71.5122367151245,778,2456,38.3275357934736,1349,1007,654,0.0602631578947368,2322.5,0.000446473029045643,0,0,0.218559822646544,7.17979663542498,NA,NA,NA,10.2647594142259,0.29921437956119,0.160366258550099,18.9641465019565,8.05438923587485,18.0652337701291,7.89989934583696,0.000370340222901397,0.890462043244213,0.240860879415096,0.743414241647201,0.194556001784917,"no SS",1
102224,54,295,238,240,0.00453705055223082,1449,107,234,19.1049731745428,41,142,0.000134532499584349,287,82212,0.00453705055223082,19.1049731745428,41,142,16.0312195418814,86,48,36,0.00315789473684211,143.5,2.11618257261411e-05,0,0,0.120869669297381,4.54833718459692,NA,NA,NA,0.582751046025105,0.0799371262533172,0.0670762323928092,7.82576249461537,4.20634856786524,7.36752883730716,4.33819480034422,1.89421241190419e-05,0.838100581830528,0.0658428949691086,0.673813405845491,0.0506619593998235,"no SS",1
102064,42,4579,238,240,0.06839131356725,27915,1578,234,66.7532770731145,598,2471.5,0.00237318974729394,4355,80171,0.06839131356725,66.7532770731145,598,2471.5,43.1856457633784,1128,794,514,0.0458421052631579,2471,0.000352282157676349,0,0,0.149509503835179,5.26267329520008,NA,NA,NA,10.3296129707113,0.27930241453186,0.180693078507859,18.1547390594755,8.20466766034002,17.7395831039462,8.16668330043372,0.000286030391985124,0.87618245310178,0.179906158742658,0.722204877659634,0.142894641861076,"no SS",1
102203,114,3229,238,240,0.0494115310125639,19550,1021,234,48.0416485978573,445,1351,0.00167065936953374,3109,80548,0.0494115310125639,48.0416485978573,445,1351,25.1793566240283,871,563,377,0.0327368421052632,1375.5,0.000260165975103734,0,0,0.173661198954927,6.3609760068158,NA,NA,NA,5.64132845188285,0.201011081999403,0.105352956585893,13.8295862416637,5.44726635348723,13.3340345300398,5.31692783395424,0.000206700583608306,0.877219679744912,0.21452056271223,0.716599098457262,0.167573977254352,"no SS",1
102179,54,5689,238,240,0.0860733082486432,34886,1944,234,77.6659513557904,776,2768.5,0.0030518226448335,5457,79372,0.0857355238623192,77.6659513557904,776,2768.5,41.9761837236307,1348,1002,651,0.0637368421052632,2659.5,0.000440248962655602,0,0,0.163719670908825,5.57132960553491,NA,NA,NA,11.5722907949791,0.324962139563977,0.1756325678813,18.8607135448167,8.03665051372281,18.1350678001748,7.93735175999322,0.000358641043491026,0.87273339919624,0.207482163546558,0.724117920489219,0.166382096469297,"no SS",1
102041,114,2830,238,240,0.0428541297038425,17651,956,234,60.0832755431992,397,1647,0.0015049532603811,2718,80599,0.0428541297038425,60.0832755431992,397,1647,34.1760149812701,736,495,328,0.0277368421052632,1633,0.000232780082987552,0,0,0.163156840598711,5.96031915843518,NA,NA,NA,6.87982217573222,0.251394458339746,0.14299587858272,14.1668402931999,6.37598913429341,13.257563249947,6.18626584689491,0.000179263730333829,0.868512419245566,0.150154327696387,0.71095230087454,0.118158501065078,"no SS",1
102127,102,4586,237,240,0.0675702710813244,29532,1555,234,65.7343137181792,613,2129,0.00259857890263579,4367,79976,0.0675702710813244,65.7343137181792,613,2129,34.1760149812701,1037,779,499,0.0489473684210526,2124,0.000359751037344398,0,0,0.186982191126196,6.16936731264304,NA,NA,NA,8.89655857740586,0.27503896953213,0.14299587858272,17.2925862722178,7.42137685578696,16.4986992429279,7.1662848904517,0.000282678084115269,0.884646551301077,0.202495597107206,0.740478302255955,0.163637726233747,"no SS",1
102119,54,3088,238,240,0.0441573734155295,19637,1025,234,55.4707129934347,420,1317.5,0.00163369963819737,2924,80772,0.0439508740652701,55.4707129934347,420,1317.5,30.0832179129826,626,530,342,0.0328947368421053,1333.5,0.000247717842323651,0,0,0.156019558898622,5.61481684169922,NA,NA,NA,5.50116108786611,0.232095033445333,0.125871204656831,13.9143998876522,6.06010963387776,13.8202146382277,5.89076424561906,0.000183809281636261,0.875206397415175,0.192756692186567,0.740839424553307,0.158766357170006,"no SS",1
102005,78,6023,238,240,0.0899138572527653,36426,2051,234,76.3216876123687,800,2490.5,0.0031645386298842,5702,79287,0.0899138572527653,76.3216876123687,797,2490.5,47.0106370941726,1427,1029,685,0.0648421052631579,2579,0.00045850622406639,0,0,0.169267626657834,5.84247760535293,NA,NA,NA,10.4091108786611,0.319337605072673,0.19669722633545,18.9614521836447,8.33608566783355,18.3132950433533,8.07535631058393,0.000376125796094312,0.875631983669362,0.244210742669224,0.7243624547703,0.195327486982735,"no SS",1
102193,42,1,1,13,2.00811277561348e-05,3,1,1,0,1,2.7225,9.04317987722871e-08,0,82061,0,0,0,0,0,0,0,0,0,0,4.149377593361e-07,0,0,NA,NA,NA,NA,NA,-0.0113912133891213,0,0,NA,NA,NA,NA,-4.25901651897888e-08,NA,NA,NA,NA,"no SS",1
102130,30,3705,239,240,0.0556909760222863,22530,1355,234,54.230987451825,484,1620.5,0.00199475827307492,3564,80408,0.0556909760222863,54.230987451825,484,1620.5,29.2745623366089,914,648,415,0.0393157894736842,1613,0.000271784232365145,0,0,0.184308288822576,5.9558348160639,NA,NA,NA,6.76894351464435,0.226907897287971,0.122487708521376,14.1911821120789,5.47729070131354,13.4031891767418,5.36384497410342,0.000232974936434116,0.887981721014835,0.211136781555,0.736267363995233,0.16804186901787,"no SS",1
102414,42,4016,237,240,0.0576190033469691,28539,1433,234,65.2150289427215,521,2129.5,0.00251232280416883,3763,80156,0.0570262987175009,65.2150289427215,521,2129.5,45.9673797382448,808,675,421,0.0414210526315789,2099,0.000318257261410788,0,0,0.284325944476127,8.53857709335263,NA,NA,NA,8.88725941422594,0.268682129467454,0.188148032377593,17.2925199574518,9.66176130452956,16.2750132362603,9.22699740807865,0.000238474944786576,0.884986963863333,0.172692583777249,0.750166642681513,0.142166307756243,"no SS",1
102093,138,3463,238,240,0.0513897344780885,22712,1138,234,54.3323108288245,478,1860,0.00188445006836821,3311,80483,0.0513897344780885,54.3323108288245,478,1860,31.2569992161756,825,606,396,0.0330526315789474,1745,0.00028298755186722,0,0,0.194243656451263,6.86918401606738,NA,NA,NA,7.77103556485356,0.227331844472069,0.130782423498643,15.0769661574026,6.05592005144732,14.2016344717142,5.92320391148191,0.000214977611106909,0.866995951842894,0.170627062706271,0.725476762518473,0.136592409240924,"no SS",1
102034,186,3620,238,240,0.0545400394624176,24860,1202,234,58.2151183113115,507,1872,0.00211743518545382,3490,80583,0.0545400394624176,58.2151183113115,507,1864.5,37.6430604494374,905,650,416,0.0372105263157895,1877.5,0.000302489626556017,0,0,0.20002292559851,6.8204285278937,NA,NA,NA,7.7898640167364,0.243577900884149,0.157502344976726,15.4674318160754,6.55239458744297,14.3876977678514,6.50520704220718,0.000228158930378489,0.871240936697514,0.178818455529335,0.723945384471531,0.141996907803727,"no SS",1
102193,114,2253,238,240,0.0324034260947336,12663,785,234,39.8497176903426,303,914.5,0.00120422500272247,2135,81336,0.0321874692633028,39.8497176903426,303,914.5,22.6715680975093,483,394,246,0.023,897.5,0.000179668049792531,0,0,0.148298768564796,5.25583021667604,NA,NA,NA,3.81496861924686,0.166735220461684,0.0948601175628003,11.4828848810573,4.558134814952,11.0712007637954,4.42087184049102,0.000134633802736802,0.860837296284478,0.183294826016943,0.724431163382672,0.14947840089617,"no SS",1
102051,54,4015,238,240,0.0581180704707726,27550,1426,234,58.309518948453,535,1748.5,0.00245066237359556,3795,80231,0.0574092308459324,58.309518948453,535,1745.5,31.5753068076939,811,684,432,0.0437894736842105,1673,0.000330290456431535,0,0,0.213979487804675,6.82560985937212,NA,NA,NA,7.29195606694561,0.24397288262951,0.132114254425497,15.3266439683424,6.21531701577452,14.3943611958065,5.69449378073063,0.000240163650892081,0.902778448241578,0.206482270139418,0.762077467951351,0.170125969426637,"no SS",1
102225,42,3400,238,240,0.0500409764819828,19600,1191,234,50.4479930225178,446,1412,0.00162181594332704,3191,80534,0.0500409764819828,50.4479930225178,446,1412,30.8058436014987,839,577,401,0.0373684210526316,1401,0.000257676348547718,0,0,0.213788806950747,8.00105046105144,NA,NA,NA,5.89655857740586,0.211079468713463,0.128894743102505,14.4567417577702,5.61271986593996,13.8456713916128,5.58560128126903,0.000209334230035649,0.877360037680086,0.210213343070262,0.719216648000116,0.166449324500548,"no SS",1
102046,30,4771,237,240,0.0688906527220095,32639,1599,234,61.400325732035,628,1952,0.00289743217068172,4459,79718,0.0687423166662485,61.400325732035,628,1952,37.1214223865412,1021,821,526,0.0507894736842105,2075.5,0.000383817427385892,0,0,0.187430487222419,5.91794163020428,NA,NA,NA,8.15597280334728,0.256905128585921,0.155319758939503,17.9444039833482,7.67185832692834,16.8887508568714,7.40428745110186,0.000287498085277097,0.886309976461424,0.228704978924085,0.738316311404048,0.186094069529652,"no SS",1
102081,54,6134,238,240,0.0911043831107649,36440,2137,234,72.1248916810278,805,2562,0.00314964605238324,5810,79601,0.0911043831107649,72.1248916810278,805,2562,36.4965751817893,1442,1031,698,0.0610526315789474,2507,0.00046597510373444,0,0,0.158745494399782,5.56397233789916,NA,NA,NA,10.7082740585774,0.301777789460368,0.152705335488658,18.9431505918907,7.09118897435086,18.2062376069165,7.12914382846263,0.000381147688642305,0.872269482088231,0.233890214797136,0.721593688840339,0.187383087144424,"no SS",1
102155,66,4488,237,240,0.0663585265016026,32781,1565,234,79.3095202355934,624,2660,0.00287554258090046,4290,80237,0.0663160387352468,79.3095202355934,618,2660,50.2891638427206,1031,806,529,0.0508947368421053,2659.5,0.000383817427385892,0,0,0.176985753746152,5.62768047530795,NA,NA,NA,11.1183158995816,0.331838996801646,0.210414911475819,18.1936945509405,8.42091486389737,17.5820477237028,8.17050504077709,0.000277346439052803,0.885860892988243,0.170900915368556,0.735081813592815,0.137787056367432,"no SS",1
102264,102,1,1,17,1.37481611834417e-05,1,1,1,0,1,2.7225,3.55819703554128e-09,0,81958,0,0,0,0,0,0,0,0,0,0,4.149377593361e-07,0,0,NA,NA,NA,NA,NA,-0.0113912133891213,0,0,NA,NA,NA,NA,-4.20901780380859e-08,NA,NA,NA,NA,"no SS",1
102261,42,7596,237,240,0.112987859046491,52000,2588,234,79.1959594928933,1017,3304,0.00451759920646427,7169,78421,0.112151081980592,76.0591874792257,1017,3247.5,51.478150704935,1626,1280,843,0.0852105263157895,3288.5,0.00060207468879668,0,0,0.225730607250353,7.12490016987348,NA,NA,NA,13.5764748953975,0.318239278155756,0.215389751903494,21.26751770331,8.38063727340862,20.259977025258,8.3739171915329,0.000469208823138647,0.893735859882639,0.244590911619111,0.746787603181214,0.199371488959341,"no SS",1
102277,30,5529,237,240,0.0790545284343553,36050,1797,234,71.8470597867442,721,2351,0.00316543336822505,5069,79369,0.078191737328176,71.8470597867442,720,2351,50,1137,931,570,0.058,2346,0.000429045643153527,0,0,0.216415101653135,6.95148742449136,NA,NA,NA,9.82542887029289,0.300615312915248,0.209205020920502,17.6818382857653,7.92816818152158,17.056920010703,7.58700343512201,0.000327119869248802,0.900716681655063,0.234285930008683,0.756234769573436,0.191362452338707,"no SS",1
102015,30,5846,238,240,0.0871388101983003,37370,1990,234,81.0246875958186,791,3276.5,0.00319387398536657,5526,79425,0.0871388101983003,81.0246875958186,791,3276.5,46.690470119715,1395,995,656,0.0632631578947368,3246,0.000456016597510373,0,0,0.223855287893467,7.56698970541753,NA,NA,NA,13.6978138075314,0.339015429271207,0.195357615563661,19.8913185042671,9.24749225293829,19.1590863077827,8.98415578239907,0.000364471967761641,0.872168406792085,0.183995746377775,0.719086107343694,0.14690947760202,"no SS",1
102273,42,5897,238,240,0.0861952186237865,34624,2097,234,74.0607858451421,741,2450.5,0.00300278996858266,5566,79726,0.0861952186237865,74.0607858451421,741,2450.5,39.0512483795333,1306,986,644,0.0588947368421053,2318,0.000425311203319502,0,0,0.181858735565607,6.08549051216249,NA,NA,NA,10.2417468619247,0.309877765042436,0.16339434468424,18.7377921634894,7.81855603478268,17.7769029168209,7.6324832510119,0.000360480660014003,0.889760378949955,0.23057307743927,0.743002486264089,0.186753455911958,"no SS",1
102220,54,5933,238,240,0.0897752980202314,34392,2021,234,79.3221280602078,791,2985,0.00300086369897619,5666,79271,0.0897175511851749,79.3221280602078,791,2985,47.5078940808788,1446,1007,685,0.0581052631578947,2826,0.000450207468879668,0,0,0.174916294358491,6.17717038538749,NA,NA,NA,12.4781485355649,0.33189174920589,0.198777799501585,20.3839487065706,9.76663561028923,19.7860107577415,9.69727548498082,0.000375302926537879,0.871713697618671,0.200909630215543,0.720108495925906,0.160061018672844,"no SS",1
102357,78,4060,238,240,0.0608158589430692,25819,1305,234,80.8084154033477,575,2730.5,0.00227371888987978,3872,80308,0.0608158589430692,80.8084154033477,575,2730.5,45.1774279923061,1012,728,500,0.0402105263157895,2678,0.000316597510373444,0,0,0.151108141860165,4.98454950005449,NA,NA,NA,11.4132949790795,0.3381105247002,0.189026895365297,17.441429029552,8.39090985194023,16.2007808414557,7.96642383965635,0.000254375641925407,0.854524821631498,0.140207842912097,0.704246451782424,0.111155767353735,"no SS",1
102685,114,3366,238,240,0.0509417164791712,17400,1197,234,60.9015599143405,440,1899.5,0.0013838647311506,3252,80572,0.0506255274785285,60.9015599143405,440,1899.5,37,827,568,370,0.0301052631578947,1835,0.000238174273858921,0,0,0.133643528014607,5.39670982028016,NA,NA,NA,7.93630753138075,0.254818242319416,0.154811715481172,16.8433521202015,7.89352433665884,15.4637416521925,7.75548849937942,0.000211779921355162,0.847409893287618,0.156535420983959,0.704226462170502,0.124798526364264,"no SS",1
102171,54,4680,238,240,0.0684251701871767,28294,1606,234,70.3846574190711,636,2201,0.00249970210610541,4364,79679,0.0676213305889883,70.3846574190711,632,2201,37.4833296279826,1024,794,507,0.0503684210526316,2101.5,0.000370539419087137,0,0,0.197096096327301,6.91698166036905,NA,NA,NA,9.19781380753138,0.294496474556783,0.156834015179844,17.053665531064,7.66626682793119,16.7207699505984,7.68477201518165,0.000282849782063669,0.887966580457445,0.197333723996484,0.738379763181939,0.159830061529446,"no SS",1
102341,102,1810,238,240,0.027177863470044,9605,537,234,38.0131556174964,254,844,0.00088915463875432,1726,81169,0.027177863470044,38.0131556174964,254,844,23,480,319,202,0.016,823,0.000132780082987552,0,0,0.241599118746836,8.48622536254699,NA,NA,NA,3.50859832635983,0.153133648766206,0.0903170980653845,11.6906762777862,5.226831755346,11.5828659429254,5.15577226702661,0.00011363078287609,0.868870936698822,0.154535901926445,0.717019915583917,0.120910683012259,"no SS",1
102161,114,4686,238,240,0.0679496135877396,36031,1632,234,58.258046654518,632,1968,0.00302595189404459,4389,79700,0.0677666248431619,58.258046654518,632,1968,32.7566787083184,1012,809,524,0.0513684210526316,1988,0.000398755186721992,0,0,0.282442542933183,8.84827339618536,NA,NA,NA,8.22291841004184,0.243757517382921,0.137057233089198,16.5034473957564,6.20574294636904,15.6884888081196,6.07796875717512,0.000283500676182014,0.89613329060378,0.229527006927032,0.745447074652671,0.186519909906081,"no SS",1
102085,42,4414,238,240,0.0654233606710856,26470,1520,234,63.0079360080935,578,2295,0.00233531993559661,4198,80109,0.0654233606710856,63.0079360080935,578,2295,37.2021504754766,1043,766,494,0.0453684210526316,2298,0.00033195020746888,0,0,0.17835358082344,5.99721311697503,NA,NA,NA,9.59111924686193,0.263631531414617,0.155657533370195,15.7164328063885,6.52393121228653,15.3776916390232,6.37226173297113,0.000273695875550841,0.884330126545926,0.181676372712146,0.734527895067823,0.145521353300055,"no SS",1
102112,90,5873,238,240,0.0886609916896108,33802,2032,234,68.4470598345904,816,2556.5,0.00304689210235287,5564,79178,0.0886609916896108,68.4470598345904,816,2556.5,39.8246155034798,1456,1001,696,0.0616842105263158,2518.5,0.000455186721991701,0,0,0.13476086579119,4.7458617685291,NA,NA,NA,10.6852615062762,0.286389371692847,0.166630190391129,19.6394975950803,8.26380975532071,19.0046906175222,8.23708420903886,0.000370924409020555,0.85858966027695,0.236778197517539,0.703974380030042,0.187668645439827,"no SS",1
102308,174,1,1,3,1.03850787188967e-05,1,1,1,0,1,2.7225,5.80851648028585e-08,0,82268,0,0,0,0,0,0,0,0,0,0,4.149377593361e-07,0,0,NA,NA,NA,NA,NA,-0.0113912133891213,0,0,NA,NA,NA,NA,-4.27332749653775e-08,NA,NA,NA,NA,"no SS",1
102227,66,1393,237,240,0.0202236993794305,8222,473,222,31.7804971641414,197,547.5,0.000792777319157341,1323,81538,0.0202236993794305,31.7804971641414,197,547.5,21.095023109729,326,254,162,0.0151578947368421,781,0.000106639004149378,0,0,0.140204148077417,4.45204624375899,NA,NA,NA,2.27940376569038,0.132972791481763,0.0882636950197866,9.73122245082174,4.16219017629336,9.19266713299221,4.02104013318503,8.45761107594242e-05,0.865960948985217,0.154777548338652,0.725083031528275,0.124178712220762,"no SS",1
102157,30,3864,237,240,0.0583384125483562,25619,1238,234,61.2209114600559,516,1913.5,0.00207117856160067,3763,80393,0.0583384125483562,61.2209114600559,514,1912.5,36.8917334913934,927,660,423,0.042,1909.5,0.000315767634854772,0,0,0.184394534166123,6.68184340227121,NA,NA,NA,7.99070083682008,0.256154441255464,0.154358717537211,15.5217095067135,6.42923083955034,14.8156871009592,6.24341527236756,0.000243924986058228,0.899885660917179,0.192268273685074,0.74970174960151,0.154265567990817,"no SS",1
102183,126,2217,239,240,0.0345027651589966,12944,700,234,62.2655603042324,327,1428,0.00110719627159781,2165,81008,0.0345027651589966,62.2655603042324,327,1428,31.4006369362152,630,396,276,0.0211052631578947,1408.5,0.00017551867219917,0,0,0.126991560109253,4.71767966998731,NA,NA,NA,5.96350418410042,0.260525356921474,0.13138341814316,12.1138686143715,5.31623778983645,11.5896349725035,5.01855368666166,0.000144320961312609,0.847904392008195,0.130656320119671,0.693475378703955,0.101206058339566,"no SS",1
102189,54,6291,238,240,0.0950389570946301,39723,2080,234,74.7328575661335,852,3154,0.00347367110820391,6009,79556,0.0946251696917894,74.7328575661335,852,3115.5,44.181444068749,1519,1097,723,0.0603684210526316,3100,0.000495850622406639,0,0,0.196197227622346,6.60623542151554,NA,NA,NA,13.0241736401674,0.312689780611437,0.184859598614013,19.4615841980609,7.81817200818528,18.7298097677792,7.75444692237852,0.000395878917699384,0.876147657714814,0.208572299337822,0.721465861084517,0.166486576344444,"no SS",1
102626,198,1,1,4,1.03914457618488e-05,1,1,1,0,1,2.7225,2.66353201577017e-07,0,82073,0,0,0,0,0,0,0,0,0,0,4.149377593361e-07,0,0,NA,NA,NA,NA,NA,-0.0113912133891213,0,0,NA,NA,NA,NA,-4.24144475144964e-08,NA,NA,NA,NA,"no SS",1
102099,30,5131,238,240,0.0753206734141698,32278,1752,234,61.1310068623117,673,2058.5,0.00283765250637773,4910,79832,0.0753206734141698,61.1310068623117,673,2058.5,35.0570962859162,1103,864,540,0.0515263157894737,1995,0.000398340248962656,0,0,0.22009930766793,7.32492067936678,NA,NA,NA,8.60157949790795,0.255778271390426,0.146682411238143,16.2462296315016,6.16327207067953,15.4608558626832,5.76078893084307,0.00031510670953098,0.896139291177611,0.240596991037132,0.753928056939636,0.196462868117798,"no SS",1
102151,30,3738,238,240,0.0548231847666876,23215,1216,234,58.309518948453,504,1575,0.00210098546920303,3511,80101,0.0542065642126815,58.309518948453,504,1575,41.0121933088198,831,641,413,0.0396842105263158,1590,0.000295435684647303,0,0,0.140298692212932,4.67824960422741,NA,NA,NA,6.57856694560669,0.24397288262951,0.171599135183346,16.3246869776161,7.52429685280745,15.4901051047364,7.35848879527754,0.000226763403767288,0.886836348406226,0.209829410911903,0.738880736365524,0.169670903203982,"no SS",1
102246,102,7634,238,240,0.118359524722116,50989,2626,234,100.419121685066,1050,4087,0.0042941478276232,7393,78270,0.118359524722116,100.419121685066,1050,4087,54.4058820349418,1871,1317,889,0.0794736842105263,4058.5,0.000621991701244813,0,0,0.217267040383976,7.46706586758502,NA,NA,NA,17.0776359832636,0.415979588640442,0.223455573367957,24.2425625146298,11.1729879913685,22.6209731602256,10.7926365903352,0.000495016343779612,0.867075224339163,0.202646833643224,0.715057373834389,0.161719348135185,"no SS",1
102224,54,5500,238,240,0.0833751180661637,34491,1907,234,81.2157620169878,723,3271.5,0.0030621038165173,5293,79749,0.0827095010595744,81.2157620169878,723,3270,42.2018956920184,1303,938,608,0.0550526315789474,3253,0.000434854771784232,0,0,0.232523273570236,7.83421465537008,NA,NA,NA,13.6706171548117,0.339814903836769,0.176576969422671,19.229116054723,8.40878827738889,18.4246635684395,8.21780627152904,0.000346022564444734,0.880041555835572,0.172111470618933,0.731227314711037,0.138111888111888,"no SS",1
102510,126,1,1,7,1.21969068644192e-05,2,1,1,0,1,2.7225,3.54088206781801e-08,0,82025,0,0,0,0,0,0,0,0,0,0,4.149377593361e-07,0,0,NA,NA,NA,NA,NA,-0.0113912133891213,0,0,NA,NA,NA,NA,-4.21011895354294e-08,NA,NA,NA,NA,"no SS",1
102405,222,1,1,13,1.32030631106417e-05,2,1,1,0,1,2.7225,3.64366437995652e-09,0,82219,0,0,0,0,0,0,0,0,0,0,4.149377593361e-07,0,0,NA,NA,NA,NA,NA,-0.0113912133891213,0,0,NA,NA,NA,NA,-4.26583379390119e-08,NA,NA,NA,NA,"no SS",1
102122,102,3152,238,240,0.0461456089452254,22949,1069,234,45.1774279923061,449,1317.5,0.00192997227099409,2973,80311,0.0461456089452254,45.1774279923061,449,1317.5,28.6356421265527,733,569,351,0.0323684210526316,1313.5,0.00028298755186722,0,0,0.174206910566745,6.08418767224361,NA,NA,NA,5.50116108786611,0.189026895365297,0.119814402203149,13.9978285148102,5.58040953473034,13.3783522135913,5.4524520869468,0.000192951109183586,0.885159851774221,0.215741064151822,0.735201677704166,0.173070206077541,"no SS",1
102162,138,4729,238,240,0.0705082453701965,27522,1593,234,70.7106781186548,637,2175.5,0.00247677055343669,4522,79863,0.0705082453701965,70.7106781186548,637,2175.5,37.6430604494374,1109,829,518,0.0453157894736842,2131.5,0.000363900414937759,0,0,0.248503104738524,8.67335592493974,NA,NA,NA,9.09111924686193,0.295860577902321,0.157502344976726,16.9146427306199,6.75454401833837,16.0551708102639,6.5325185660936,0.000294971119313641,0.899021725246209,0.21030026889752,0.746715503527675,0.168882581416194,"no SS",1
102339,102,2799,238,240,0.0427090292727588,17332,907,234,61.8142378421024,409,1838.5,0.00153814540720183,2748,80826,0.0427090292727588,61.773780845922,409,1838.5,36.4005494464026,704,524,329,0.0307894736842105,1843,0.000234439834024896,0,0,0.174674127873941,6.3125772061717,NA,NA,NA,7.68107740585774,0.258467702284192,0.152303554169049,15.1666394935983,7.49494388291379,14.2628176167317,7.3183215985149,0.000178656830353917,0.866917799591948,0.137425852940006,0.722172952516173,0.109399259524663,"no SS",1
102314,54,5147,237,240,0.0767071443788614,34673,1769,234,67.8969807870718,718,2466,0.00288041137240077,4950,79797,0.0767071443788614,67.8969807870718,718,2466,36.8917334913934,1171,888,571,0.0576842105263158,2456,0.000434439834024896,0,0,0.185096544553551,6.66924448703895,NA,NA,NA,10.2952092050209,0.279903685301556,0.150174617118801,17.7057768161539,6.87234757116455,16.9910471286474,6.61931800245301,0.000320824408247233,0.882863756192356,0.214787002596673,0.737982511205131,0.173696399747351,"no SS",1
102141,90,4216,238,240,0.0633762482257141,25891,1349,234,75.7099729229908,564,2399,0.00220099280705957,4019,80314,0.0633762482257141,75.7099729229908,564,2399,44.3846820423443,1071,723,488,0.0397368421052632,2481.5,0.000335269709543568,0,0,0.181080996579528,6.49503407707203,NA,NA,NA,10.0262656903766,0.316778129384899,0.185709966704369,18.4829917100433,8.89638743952176,17.2578452946011,8.38673755937388,0.000265130293600858,0.861148561668052,0.16750584131372,0.712459508672485,0.132260506137493,"no SS",1
102278,102,4569,238,240,0.0667664635643865,29658,1527,234,72.6704891960967,646,2343.5,0.00261685848639932,4282,79573,0.0664295678182298,72.6704891960967,646,2343.5,43.1740662898458,1004,807,495,0.0493157894736842,2328,0.000372614107883817,0,0,0.19739492461264,6.68879656874944,NA,NA,NA,9.79404811715481,0.30406062425145,0.180644628827807,17.4735943341028,8.12720017153992,16.7623399777647,7.70721476350968,0.000277864625586659,0.877644197660206,0.178225833642402,0.73973174940302,0.144374388887016,"no SS",1
102132,138,3559,238,240,0.0530430344449839,24381,1136,234,60.4152298679729,505,2018.5,0.0020693046102822,3433,80331,0.0530430344449839,60.4152298679729,505,2018.5,40.8166632639171,828,639,400,0.0384210526315789,2168,0.000297095435684647,0,0,0.192571960811728,6.62108888748203,NA,NA,NA,8.43421548117155,0.252783388568924,0.170781017840657,16.9626042145416,8.12728060213124,15.7524971577411,7.48873704731614,0.000221811341573764,0.871668019886924,0.163237941999004,0.728380814378636,0.131517450101521,"no SS",1
102223,54,6060,238,240,0.0923781988965622,40589,2087,234,73.5527021937332,816,3269.5,0.00352069325939395,5862,79207,0.0923781988965622,73.5527021937332,816,3269.5,39.2045915678253,1455,1042,706,0.0627894736842105,3287,0.000479253112033195,0,0,0.185581365521057,6.00472381306941,NA,NA,NA,13.6685251046025,0.307751892023988,0.164035947982533,19.584547027008,8.15379957806914,18.5502116517819,7.88528541690525,0.00038639216528921,0.877801893057915,0.19107930953438,0.72678436646904,0.153082808868462,"no SS",1
102331,54,6253,238,240,0.0950924896391388,36859,2087,234,72.6704891960967,852,2935,0.0032363511804556,6032,79144,0.0950924896391388,72.6704891960967,852,2935,37.3363094051889,1494,1083,721,0.0634736842105263,2877,0.000460580912863071,0,0,0.158989116262604,5.34634417061438,NA,NA,NA,12.2689435146444,0.30406062425145,0.156218867804138,19.5892290584641,8.1303595681483,18.6704173230589,7.98861278829615,0.000397834512850087,0.861869263374876,0.222071407494836,0.71670795513695,0.177987606963706,"no SS",1
102072,78,6844,238,240,0.100505890260728,46013,2350,234,79.4292137692424,925,3408,0.00396417020073433,6454,78831,0.100430033869924,79.4292137692424,925,3408,54.0370243444252,1463,1191,785,0.0724210526315789,3430.5,0.000558921161825726,0,0,0.177211299246036,5.94547786831116,NA,NA,NA,14.2480230125523,0.332339806565868,0.226096336169143,20.2377810682736,8.90183788382854,19.6423718622056,8.74623943696407,0.000420124821162492,0.882635378929015,0.204467975206612,0.741182104568215,0.166683884297521,"no SS",1
102146,54,4109,238,240,0.0625726535254928,24449,1355,234,66.2721661031236,569,2495,0.00216755777067386,3967,80003,0.0625726535254928,66.2721661031236,569,2495,39.1152144312159,1039,718,487,0.0426842105263158,2482,0.000322821576763485,0,0,0.153086320067603,5.41558982373711,NA,NA,NA,10.4279393305439,0.277289397921019,0.163661985067849,19.3722579048662,8.43548607740771,18.2405375902313,8.28022480686966,0.000261767591361123,0.870438875434851,0.160561934697543,0.714435098114819,0.127237154403746,"no SS",1
102278,102,3330,238,240,0.0494577760131027,20463,1145,234,57.1401785086466,463,1700.5,0.00171195088914916,3170,80594,0.0494577760131027,57.1401785086466,463,1700.5,37.2021504754766,816,578,381,0.0327368421052632,1695,0.000259336099585062,0,0,0.146533206883581,5.23108233124349,NA,NA,NA,7.10367154811715,0.239080244806053,0.155657533370195,14.2075405483538,6.01894959077319,13.4510237613748,5.63281988656841,0.000206893916079509,0.887850543081205,0.174640729057133,0.734237920783159,0.138888888888889,"no SS",1
102299,30,5668,237,240,0.0831837854956191,38583,1976,234,65.3069674690228,755,2441.5,0.0034203195041474,5308,79285,0.0830295768430346,65.3069674690228,755,2441.5,37.6563407675255,1275,979,647,0.0611578947368421,2443.5,0.000454771784232365,0,0,0.252666310516675,7.98202691012917,NA,NA,NA,10.204089958159,0.273250909912229,0.157557911161194,18.7752065082503,7.48756228858594,18.0148682437554,7.61756977781015,0.00034727911159001,0.900154602627917,0.226601493924478,0.744197045412204,0.182713159615848,"no SS",1
101953,30,6465,238,240,0.095717558597192,37349,2301,234,83.6301381082203,843,3754,0.00323221952335039,6073,79102,0.0956865818816212,83.6301381082203,843,3754,50.0899191454728,1496,1079,721,0.0671578947368421,4147,0.000482572614107884,0,0,0.183507517263632,6.50403380752185,NA,NA,NA,15.6957217573222,0.349916895850294,0.209581251654698,21.5337401310753,9.96778727900498,20.8312449250976,9.97663850169383,0.000400320241791006,0.890154553231484,0.177960124141823,0.734727730943602,0.14278660773065,"no SS",1
102250,102,3924,238,240,0.0579576072250425,24834,1316,234,71.175838597097,556,2045.5,0.00214037530056988,3722,80560,0.0577457795431976,71.175838597097,556,2045.5,44.3846820423443,930,688,451,0.0406315789473684,2039.5,0.000321576763485477,0,0,0.226814365829568,8.03047005278344,NA,NA,NA,8.54718619246862,0.297806856054799,0.185709966704369,17.674587735211,9.56610169342628,16.816065336631,9.20851160412427,0.000241487899022412,0.870619371519233,0.178019286698301,0.720947260660389,0.142430736262054,"no SS",1
102165,114,4031,238,240,0.0616347973309431,25704,1285,234,61.9838688692469,555,1887.5,0.0022672776681775,3909,80328,0.0616347973309431,61.9838688692469,555,1887.5,40.7921561087423,1042,716,467,0.0424210526315789,1884.5,0.000329460580912863,0,0,0.184075138303131,6.34152152939635,NA,NA,NA,7.88609832635983,0.259346731670489,0.170678477442436,17.9134467708624,8.99196522316325,17.6412556174583,8.75476675526727,0.000257760731049611,0.881580994868154,0.204552966451826,0.722294616097886,0.161502231036192,"no SS",1
102071,54,7035,238,240,0.106036485418804,46060,2433,234,85.3287759199674,966,3906.5,0.00390432016079393,6680,78693,0.105867103808471,85.3287759199674,966,3906.5,49.8196748283246,1651,1229,818,0.077,3883.5,0.000569709543568465,0,0,0.19231960053901,6.63548154579018,NA,NA,NA,16.3224058577406,0.352840066610742,0.204266421875835,20.736568621113,8.36643074087448,19.8562943559226,8.25569534930331,0.000442788119888372,0.874943587506218,0.195260863450991,0.722077331685562,0.156564946327286,"no SS",1
101927,30,4545,237,240,0.0669054624536267,28751,1577,234,63.3876959669619,590,2222.5,0.00238357015714367,4316,80079,0.0667465877446022,62.393909959226,590,2214.5,36.7695526217005,1029,784,506,0.0474210526315789,2331,0.000341078838174274,0,0,0.218014988270798,7.38681779919819,NA,NA,NA,9.25429916317992,0.261062384766636,0.153847500509207,16.5592175326765,7.0380734370221,15.7789786896747,6.72452706484239,0.000279190352762058,0.882682898715263,0.191693863644515,0.73864823844348,0.154789656780117,"no SS",1
102014,42,4753,238,240,0.0712671405318688,35448,1680,234,68.2495421230062,656,2465.5,0.00302949318024368,4547,79437,0.0705716479726072,68.2495421230062,656,2380,34.6698716467194,1059,848,518,0.0543157894736842,2378,0.000410373443983403,0,0,0.19049785094229,6.15389230908747,NA,NA,NA,9.94676778242678,0.285562937753164,0.145062224463261,18.2862736692127,7.82164792930771,17.4174345930956,7.67136077737033,0.00029519451600018,0.880522209096325,0.191252729257642,0.736735283104977,0.155124181222707,"no SS",1
102289,54,5605,238,240,0.0835557457951455,33944,1937,234,63.1268564083465,745,2248.5,0.00301855330284604,5352,79432,0.0835557457951455,63.1268564083465,745,2248.5,33.0605505096331,1285,943,616,0.0543157894736842,2245.5,0.000423651452282158,0,0,0.16590173967393,5.53366947579447,NA,NA,NA,9.39655857740586,0.264129106311073,0.138328663220222,16.9447253591448,6.46413369492964,16.3015764983053,6.2971249514908,0.000349562992166354,0.888386579038769,0.248177093071084,0.739002617328305,0.200127136072991,"no SS",1
102160,54,4688,238,240,0.0700165779162062,29188,1620,234,81.6088230524127,658,3251,0.00251397728400724,4453,79624,0.0700165779162062,81.6088230524127,658,3251,54.230987451825,1122,835,578,0.0493157894736842,3281.5,0.000376348547717842,0,0,0.200248158822641,7.11773646837934,NA,NA,NA,13.5911192468619,0.341459510679551,0.226907897287971,18.6374774515684,10.13338109737,17.6815684666338,9.40651236394122,0.000292914508809984,0.862933504855432,0.146298580313328,0.708768908407274,0.116855170965964,"no SS",1
102301,102,3990,238,240,0.0587785108825473,25844,1363,234,62.7694193059009,561,1789.5,0.00219098725784389,3768,80335,0.0587041762619033,62.7694193059009,561,1789.5,34.6554469023269,948,696,478,0.0406842105263158,1926,0.000329460580912863,0,0,0.203693744223615,7.24412665567473,NA,NA,NA,7.47605648535565,0.262633553581175,0.145001869884213,16.8095753636944,7.07143072060299,16.342387774105,7.1931970100038,0.00024553992030387,0.855311295756967,0.206335316765838,0.703855078496039,0.164858242912146,"no SS",1
102011,78,7813,238,240,0.117474703140014,50175,2787,234,81.5414005275848,1031,3590,0.00432528694833608,7385,78247,0.116745689930604,81.5414005275848,1031,3590,47.7074417675063,1750,1305,883,0.0843684210526316,3564.5,0.000592116182572614,0,0,0.198227443961879,6.42195984453897,NA,NA,NA,15.0095292887029,0.341177408065208,0.199612727060696,22.512290187843,10.3230564438275,21.8398117289984,10.2476813123588,0.000488347853226498,0.887276140101381,0.228146853146853,0.734030779920618,0.184440559440559,"no SS",1
102116,42,7230,237,240,0.10699845578961,49597,2476,234,90.3382532485547,965,3813.5,0.00433249167563632,6747,78764,0.106571530140673,90.3382532485547,962,3813.5,53.7121960079831,1647,1226,813,0.0772631578947368,3783.5,0.000587136929460581,0,0,0.151275702382991,4.85498402447211,NA,NA,NA,15.9446757322176,0.37798432321571,0.224737221790724,21.8858299365916,10.0926431659524,21.2532079432577,9.93539179922016,0.00044582056615624,0.881798534876966,0.205116926911517,0.728502072508556,0.164870610659043,"no SS",1
102293,78,3170,238,240,0.0460761478679981,18810,1020,234,62.2414652783817,413,1612,0.00161066268088025,2990,80817,0.045720578591138,62.2414652783817,413,1612,40.7062648740952,705,536,332,0.0330526315789474,1582.5,0.000241078838174274,0,0,0.222161481124487,7.87984009807921,NA,NA,NA,6.73337866108787,0.260424540913731,0.170319099891612,15.3975758736093,8.17125353158998,14.8964275434471,7.96366694447576,0.000191257233494784,0.892190322183421,0.157946482003933,0.751220179197261,0.127810549713602,"no SS",1
101956,42,2619,238,240,0.0375893517377372,17169,859,234,41.3037528561268,354,973,0.00148071039717004,2471,81140,0.0375893517377372,41.3037528561268,354,973,27.0739727413618,579,446,272,0.0287368421052632,964.5,0.000208713692946058,0,0,0.247424916477111,8.27071179508788,NA,NA,NA,4.05973849372385,0.172819049607225,0.113280220675154,12.3219885923898,4.86491256244055,12.0095493185049,4.8391529169153,0.000157152633025422,0.900717879486626,0.208162708162708,0.766857111003356,0.168645918645919,"no SS",1
102234,114,4096,238,240,0.0612550359846831,24438,1454,234,61.2943716828878,542,1854,0.00213699815140829,3936,80173,0.0612550359846831,61.2943716828878,542,1854,35,975,696,490,0.0405263157894737,1836.5,0.000300829875518672,0,0,0.204040527612005,6.77245538894403,NA,NA,NA,7.7459309623431,0.256461806204552,0.146443514644351,15.5158430860983,6.942315716399,14.6919007774198,6.62630944044085,0.000256255063660646,0.867322605428023,0.19677057456527,0.713278958657676,0.157704944306435,"no SS",1
102094,42,6518,238,240,0.0961631005058745,38849,2317,234,77.1038261048049,786,2761.5,0.00339340998224256,6117,79146,0.0957850049276022,77.1038261048049,786,2761.5,46.3896540189728,1464,1054,717,0.0634210526315789,2710.5,0.000464730290456432,0,0,0.169774970510683,5.51626235171139,NA,NA,NA,11.5430020920502,0.322610151066129,0.194098970790681,20.565212359632,9.78488267319054,19.9277916376997,9.34095176189596,0.000400731382114337,0.892573309422697,0.237932333186868,0.741039155660145,0.191984181783943,"no SS",1
102166,102,3579,238,240,0.0524428229279128,23883,1233,234,73.0821455623739,507,2249,0.00212712295877578,3383,80583,0.0524428229279128,73.0821455623739,507,2249,40.5215991787096,843,649,420,0.0384210526315789,2201,0.000302904564315353,0,0,0.163784242593502,5.54387995177806,NA,NA,NA,9.39865062761506,0.305783035825832,0.169546440078283,16.5163805172198,8.07717154001329,15.3795147689649,7.42299678164923,0.000219257085188177,0.871859376232498,0.144050175546239,0.725299210049252,0.115315131063163,"no SS",1
102146,66,2155,237,240,0.0309139124883367,15120,696,234,40.4969134626332,306,986,0.00127502077517038,2040,81452,0.0309139124883367,40.4969134626332,306,986,21.2602916254693,478,374,251,0.0219473684210526,1012.5,0.000184232365145228,0,0,0.171465466136995,5.87992155292315,NA,NA,NA,4.11413179916318,0.169443152563319,0.0889551950856456,12.3780841074801,4.57101366913951,11.8373076215321,4.56100367998723,0.000129304911040851,0.877129908286804,0.168631127779266,0.727185137827065,0.13661934101259,"no SS",1
102080,90,1,1,10,2.04867655494551e-05,2,2,1,0,1,2.7225,1.15932082746448e-14,0,82038,0,0,0,0,0,0,0,0,0,0,4.149377593361e-07,0,0,NA,NA,NA,NA,NA,-0.0113912133891213,0,0,NA,NA,NA,NA,-8.4292284508039e-08,NA,NA,NA,NA,"no SS",1
102218,138,5293,237,240,0.0787914395719786,31088,1772,234,70.178344238091,712,3004,0.00273613518937279,5008,79996,0.0787914395719786,70.178344238091,712,3004,38.0788655293195,1295,891,588,0.0526842105263158,2830.5,0.000397925311203319,0,0,0.145344146822366,4.97850151481636,NA,NA,NA,12.5576464435146,0.29363323948992,0.159325797193806,19.0541821834773,8.14807876472709,17.9860596548543,8.06358002852301,0.000329628767019365,0.854527393530389,0.17741935483871,0.705014360001631,0.140967178967517,"no SS",1
102170,150,3966,237,240,0.0571851406504723,21699,1404,234,76.2954782408499,502,2347,0.00190843806801283,3697,80589,0.0563600491382199,75.690157880665,502,2320.5,46,845,662,415,0.041,2355.5,0.000295435684647303,0,0,0.157484957878964,5.7735452975115,NA,NA,NA,9.69781380753138,0.316695221258013,0.192468619246862,16.0617072271267,7.58286712920786,15.5603092369809,7.5055628396188,0.000235646876261408,0.85945387511575,0.15199785824242,0.715345144345339,0.123719965196439,"no SS",1
102054,90,5639,238,240,0.0832114054288156,38180,1959,234,85.8661749468322,760,2834.5,0.0033193560614612,5320,79424,0.0825065471394037,85.8661749468322,760,2834.5,51.6236379965612,1233,976,615,0.0608421052631579,2825,0.000465145228215768,0,0,0.220859929677106,7.35208734069532,NA,NA,NA,11.8484414225941,0.359272698522311,0.21599848534126,20.3955477089663,10.4510106345097,20.1243499485248,10.2560694330287,0.000345131684782831,0.897532235670377,0.19450875630751,0.750266433305093,0.15791035915702,"no SS",1
102235,234,1,1,7,1.05767501877373e-05,1,1,1,0,1,2.7225,3.75324768503473e-11,0,82285,0,0,0,0,0,0,0,0,0,0,4.149377593361e-07,0,0,NA,NA,NA,NA,NA,-0.0113912133891213,0,0,NA,NA,NA,NA,-4.28211810175931e-08,NA,NA,NA,NA,"no SS",1
102273,210,1,1,240,6.08413136856451e-05,6,4,240,0,1,2.7225,3.85389734303786e-08,1,82181,6.08413136856451e-05,0,1,2.7225,0,4,1,1,0,0,4.149377593361e-07,0,0,NA,NA,NA,NA,NA,0,0,0,NA,NA,NA,NA,2.12074184710523e-07,NA,NA,NA,NA,"no SS",1
102390,210,1,1,14,1.3366660874447e-05,1,1,1,0,1,2.7225,3.7935045169879e-10,0,82261,0,0,0,0,0,0,0,0,0,0,8.29875518672199e-07,0,0,NA,NA,NA,NA,NA,-0.0113912133891213,0,0,NA,NA,NA,NA,-4.20533737213935e-08,NA,NA,NA,NA,"no SS",1
101924,162,2516,238,240,0.0368756864826173,16106,929,234,57.0087712549569,341,1131.5,0.0014271495422301,2393,81029,0.0368756864826173,57.0087712549569,341,1131.5,35.4682957019364,595,448,290,0.0252105263157895,1089.5,0.000207883817427386,0,0,0.196854075983315,6.81914621683462,NA,NA,NA,4.72291841004184,0.238530423660908,0.148402910886763,13.2816864788015,6.17172737784966,12.4641611472576,5.74686369656185,0.000154163746192488,0.883255010998037,0.170440933204039,0.738455809016692,0.136501055273515,"no SS",1
102135,90,310,180,240,0.00575785300396462,5496,102,186,38.6005181312376,54,714,0.000230930159125996,206,82142,0.00371308222346668,38.6005181312376,49,714,30.8058436014987,99,49,41,0.00336842105263158,706,0.00010746887966805,0,0,0.100675417701286,11.2781546283276,0.750865051903114,0.0899653979238754,0.15916955017301,2.97605648535565,0.161508444063756,0.128894743102505,19.8933379096517,6.64352951997104,16.9310480784129,7.23222092640103,1.5366748383538e-05,0.703175110274917,0.159456065898773,0.54768713286071,0.124196710425663,"edge",1
102329,90,6,12,24,0.000111395789239167,18,3,5,0,1,2.7225,1.73204143190518e-08,0,81814,0,0,0,0,0,0,0,0,0,0,4.149377593361e-07,0,0,NA,NA,1,0,0,-0.0113912133891213,0,0,NA,NA,NA,NA,-8.34908144032175e-08,NA,NA,NA,NA,"edge",1
102285,186,194,167,240,0.00322133618593796,2387,63,162,24.7588368062799,31,206.5,0.000103745833416756,153,81751,0.00269109857983389,23.0867927612304,27,154,18.4390889145858,67,31,23,0.00115789473684211,306,4.77178423236515e-05,0,0,0.171686163722213,18.9793947741263,0.799485861182519,0.0616966580976864,0.138817480719794,0.632960251046025,0.09659745925201,0.0771509996426183,12.8883375792123,4.72174540252597,13.6564273055674,4.0231073839357,1.10923387360404e-05,0.798546122788547,0.432000361508558,0.612266325145113,0.331226044750635,"edge",1
101993,174,144,215,240,0.002327423383903,1859,48,210,19.723082923316,21,130,7.10812547344656e-05,81,81657,0.00142057631311461,19.723082923316,21,130,11.6619037896906,35,23,18,0.00110526315789474,171,3.44398340248963e-05,0,0,0.235077594943407,26.5011200978586,0.73968253968254,0.0476190476190476,0.212698412698413,0.532541841004184,0.0825233595117825,0.0487945765259021,6.76749144250535,2.95673779259888,6.62987298890202,2.49572393827403,5.81883219085327e-06,0.711773914111099,0.369067955465014,0.561046918767507,0.290913217138707,"edge",1
101927,54,434,239,240,0.00654467907786207,4324,141,234,43.5660418215839,61,692,0.000205192852604473,416,81593,0.00654467907786207,43.5660418215839,61,673.5,24.4131112314674,118,76,54,0.00378947368421053,781,8.09128630705394e-05,0,0,0.188278000347385,17.8157952079436,0.647266313932981,0.112874779541446,0.239858906525573,2.80660041841004,0.182284693814159,0.102146908918274,14.6071442714694,4.10497203482269,13.9779813807978,3.83461214965884,2.73410942860351e-05,0.810287894981002,0.182259878816865,0.660854477904256,0.148647484189846,"edge",1
102372,222,28,21,48,0.000489117143555882,90,13,18,2.23606797749979,4,5.445,3.8373658739857e-07,0,82130,0,0,0,0,0,0,0,0,0,5,2.9045643153527e-06,0,0,0.125058222310346,230.876385150782,1,0,0,-0.0113912133891213,0,0,NA,NA,NA,NA,-1.27060443923779e-07,NA,NA,NA,NA,"edge",1
102251,66,61,83,108,0.000969821438758629,408,23,78,9.05538513813742,9,16,5.50632646161109e-06,0,82120,1.21773015099854e-05,0,1,2.7225,6.32455532033676,1,0,1,0,37.5,9.95850622406639e-06,0,0,0.328498651736016,144.986261143711,1,0,0,0,0,0.0264625745620785,NA,NA,NA,NA,9.00518348679387e-09,NA,NA,NA,NA,"edge",1
102258,78,50,24,240,0.000867853956069477,460,20,18,6.70820393249937,7,10,1.0924457115311e-05,1,82226,1.21616033857904e-05,0,1,2.7225,3.60555127546399,0,1,0,0.000473684210526316,44,1.20331950207469e-05,0,0,0.0939756946640229,25.2334771106774,0.971518987341772,0.00632911392405063,0.0221518987341772,0,9.47992168630697e-19,0.0150859886002677,NA,NA,NA,NA,-7.58978681223766e-08,NA,NA,NA,NA,"edge",1
102198,102,29,48,49,0.000441962312668247,89,11,35,1.4142135623731,3,5.445,6.30443986283023e-07,0,81634,0,0,0,0,0,0,0,0,0,0.5,1.2448132780083e-06,0,0,NA,NA,1,0,0,-0.0113912133891213,0,0,NA,NA,NA,NA,-4.2196722555241e-08,NA,NA,NA,NA,"edge",1
102230,54,30,107,144,0.000467710840624679,99,6,102,3,5,5.445,2.72462285879233e-06,0,82091,0,0,0,0,0,0,0,0,0,8,3.7344398340249e-06,0,0,0.225224542541397,75.261080526417,1,0,0,-0.0113912133891213,0,0,NA,NA,NA,NA,-4.19963908301719e-08,NA,NA,NA,NA,"edge",1
102187,162,70,84,180,0.00144895772452757,659,28,81,14.422205101856,11,28.5,8.34480501479288e-06,0,81739,0,0,0,0,0,0,0,0,0,91,1.70124481327801e-05,0,0,0.0943431421393896,46.9166768247533,1,0,0,-0.0113912133891213,0,0,NA,NA,NA,NA,-4.20791722993148e-08,NA,NA,NA,NA,"edge",1
102103,174,71,34,240,0.00101730562604302,662,25,30,8.60232526704263,11,12.5,7.02582575693039e-06,24,81881,0.000549578046188982,5.3851648071345,7,5,6.32455532033676,21,6,9,0,57,1.53526970954357e-05,0,0,0.0888154801764578,47.3113552936195,1,0,0,0.00952928870292887,0.0225320703227385,0.0264625745620785,4.92095504263868,0.939269211605535,5.11384068471402,1.00913831640483,2.13018377695597e-06,0.477777777777778,0.477777777777778,0.252150318816985,0.252150318816985,"edge",1
102076,174,19,12,216,0.000335099847343403,200,10,45,3.16227766016838,4,5.445,4.5761789443369e-06,0,81634,0,0,0,0,0,0,0,0,0,10,4.5643153526971e-06,0,0,0.317238668911707,77.1797557178762,1,0,0,-0.0113912133891213,0,0,NA,NA,NA,NA,-4.16142067572733e-08,NA,NA,NA,NA,"edge",1
102136,198,50,72,240,0.000830524207337926,889,18,138,10,10,24.5,1.96018087315725e-05,24,82339,0.000376492306197549,10,7,15,7.28010988928052,7,6,4,0.000105263157894737,65.5,1.90871369294606e-05,0,0,0.167098499273494,39.3658765545984,0.975409836065574,0.00819672131147541,0.0163934426229508,0.039979079497908,0.0376569037656904,0.0262766104153997,5.74210592376068,1.539792003405,5.56934744016619,1.40671351342665,1.40594653885626e-06,0.751465201465201,0.657532051282051,0.612414965986395,0.535863095238095,"edge",1
102249,186,14,22,49,0.000293919539526055,56,6,22,2.23606797749979,4,5.445,1.08350988353601e-07,0,82004,0,0,0,0,0,0,0,0,0,2.5,2.4896265560166e-06,0,0,0.0820065248281935,459.326109185993,1,0,0,-0.0113912133891213,0,0,NA,NA,NA,NA,-4.17416590355958e-08,NA,NA,NA,NA,"edge",1
102100,114,143,108,240,0.00222850045057113,1781,41,102,25.9615099714943,24,147,4.09324657233819e-05,12,81968,0.00028059730626586,2.23606797749979,4,1.5,7.81024967590665,11,4,5,0,260,4.06639004149378e-05,0,0,0.109569637603847,26.2548796120282,1,0,0,-0.00511506276150627,0.00935593296025016,0.0326788689368479,7.40899516321616,0.619264353325354,7.30868153504353,0.666507533654538,1.00612747517345e-06,0.614545454545455,0.614545454545455,0.332467532467532,0.332467532467532,"edge",1
102168,198,11,24,25,0.000196528809895226,30,4,21,1.4142135623731,2,5.445,1.58278338329718e-07,0,82073,0,0,0,0,0,0,0,0,0,0.5,1.2448132780083e-06,0,0,NA,NA,1,0,0,-0.0113912133891213,0,0,NA,NA,NA,NA,-1.2625529325317e-07,NA,NA,NA,NA,"edge",1
102176,222,26,94,143,0.000429716387184458,216,12,91,3.60555127546399,5,5.445,2.35457322544803e-06,0,82208,1.21642662514597e-05,0,1,2.7225,2.82842712474619,1,0,1,0,14.5,6.63900414937759e-06,0,0,0.0346662161185438,23.8117515531356,1,0,0,0,0,0.0118344231160928,NA,NA,NA,NA,8.69680986427459e-09,NA,NA,NA,NA,"edge",1
102312,30,0,1,-Inf,0,1,1,1,0,0,0,1.97325106400713e-09,0,82045,0,0,0,0,0,0,0,0,0,0,4.149377593361e-07,0,0,NA,NA,1,0,0,0,0,0,NA,NA,NA,NA,0,NA,NA,NA,NA,"edge",1
102143,162,157,144,240,0.00278863600384807,3071,54,92,33.2866339541865,34,336.5,8.85112085085158e-05,103,82000,0.00145121951219512,21.4009345590327,15,120,16.1554944214035,16,19,9,0.00105263157894737,472.5,6.34854771784232e-05,0,0,0.106121629650994,18.3778207690201,0.922196796338673,0.0137299771167048,0.0640732265446224,0.479309623430962,0.0853595588244046,0.0634121105498055,10.2490864834155,5.05724772355521,11.4074375952999,4.06568965502396,5.98800139682454e-06,0.840914786967419,0.221908068783069,0.74281537176274,0.196020723104056,"edge",1
102178,78,20,204,240,0.000304128853312571,130,11,200,5.65685424949238,4,5.445,1.13649852851844e-05,11,81953,0.000231840201090869,5.65685424949238,3,2,4.12310562561766,8,2,3,0.000210526315789474,5.5,3.3195020746888e-06,0,0,0.0801124559417196,5.67814161688538,0.9609375,0.00390625,0.03515625,-0.0144142259414226,0.0194847458137757,0.0130673875548856,3.42846109526201,0.607026998915365,3.64269164289302,0.67940796992286,8.84202655750697e-07,0.462962962962963,0.462962962962963,0.274928774928775,0.274928774928775,"edge",1
102103,54,74,84,228,0.00127810305162319,895,24,80,9.21954445729289,19,37.5,1.46177595292451e-05,0,82169,0,0,0,0,0,0,0,0,5.26315789473684e-05,53,1.61825726141079e-05,0,0,0.09220100512453,24.8868896286028,0.990430622009569,0.00239234449760766,0.00717703349282297,-0.0227824267782427,-0.00418410041841004,-0.00418410041841004,NA,NA,NA,NA,-1.70701225698814e-07,NA,NA,NA,NA,"edge",1
102113,186,1,1,4,1.03470397119384e-05,1,1,1,0,1,2.7225,3.08192346635444e-17,0,81824,0,0,0,0,0,0,0,0,0,0,4.149377593361e-07,0,0,NA,NA,1,0,0,-0.0113912133891213,0,0,NA,NA,NA,NA,-4.22278109322397e-08,NA,NA,NA,NA,"edge",1
102105,114,73,240,240,0.00124144981865096,807,24,222,12.0415945787923,13,58,3.28684730726257e-05,73,82207,0.00109479728003698,12.0415945787923,12,58,12.0415945787923,17,15,12,0.00126315789473684,89,1.99170124481328e-05,0,0,0.121139623599652,16.3300503125567,0.77027027027027,0.0878378378378378,0.141891891891892,0.231286610878661,0.0503832409154489,0.0503832409154489,8.37529897827447,1.9598795021906,8.32175097929013,1.60861319110276,4.53851266796014e-06,0.777519539284245,0.426381682833296,0.653291316526611,0.358256528417819,"edge",1
102190,210,20,166,240,0.00035393909806554,138,9,234,2.23606797749979,4,5.445,3.07474058521309e-06,14,81751,0.000244645325439444,2,3,0,4.24264068711928,6,3,3,0.000210526315789474,7,4.149377593361e-06,0,0,0.150298188169443,49.0800343380332,0.955773955773956,0.0196560196560197,0.0245700245700246,-0.0113912133891213,0.00836820083682008,0.0177516346741393,3.67015654091722,0.543071309998827,3.67015654091722,0.543071309998827,9.39677537213233e-07,NA,NA,NA,NA,"edge",1
102110,78,23,70,240,0.000391217174433958,174,8,71,5,5,5.445,2.70852449215609e-06,18,82090,0.000389816055548788,5,3,1.5,2.82842712474619,14,4,4,5.26315789473684e-05,10,4.9792531120332e-06,0,0,0.0472713442018671,21.1789679718483,0.971326164874552,0.00716845878136201,0.021505376344086,-0.00511506276150627,0.0209205020920502,0.0118344231160928,2.53224755112299,0.341998713119646,2.32678394734132,0.66940417526311,1.54718821427342e-06,0.484285714285714,0.484285714285714,0.2625,0.2625,"edge",1
102224,198,43,45,240,0.000646783168993459,246,15,42,3.16227766016838,7,5.445,2.60942588573837e-06,2,81875,2.44274809160305e-05,0,1,2.7225,3.16227766016838,0,1,0,0,12.5,5.80912863070539e-06,0,0,0.105566643274207,57.2263651648415,1,0,0,0,0,0.0132312872810392,NA,NA,NA,NA,1.71133200534679e-08,NA,NA,NA,NA,"edge",1
102263,90,8,36,48,0.000208272076840145,41,7,35,1,2,5.445,3.89095346390936e-07,0,81906,0,0,0,0,0,0,0,0,0,0,8.29875518672199e-07,0,0,NA,NA,1,0,0,-0.0113912133891213,0,0,NA,NA,NA,NA,-8.40991401031123e-08,NA,NA,NA,NA,"edge",1
102267,174,28,47,240,0.000386811986620856,94,11,42,3.16227766016838,5,5.445,3.13645585003084e-06,12,82093,0.00020708221163802,3.16227766016838,5,2.5,4.12310562561766,5,2,4,0,6,3.7344398340249e-06,0,0,0.203485353413049,59.0826982397276,1,0,0,-0.000930962343096233,0.0132312872810392,0.0172514879732957,3.49118121964536,0.865373670037429,3.58113883008419,0.5923591472464,8.2435835581228e-07,0.350338680926916,0.350338680926916,0.235294117647059,0.235294117647059,"edge",1
102222,102,126,216,240,0.0022519232641932,1593,51,114,17.8885438199983,21,74.5,4.90365351765573e-05,21,81582,0.000367728175332794,17.8885438199983,7,32,13,9,6,5,0.000736842105263158,127.5,2.98755186721992e-05,0,0,0.110037237875402,16.3073231337296,0.876010781671159,0.0269541778975741,0.0970350404312668,0.1225,0.0748474636820013,0.0543933054393305,7.97331165382004,1.87959479378453,8.96823125071463,2.6617651813123,1.4967329172615e-06,0.684183673469388,0.399107142857143,0.489285714285714,0.285416666666667,"edge",1
102304,138,22,49,49,0.000488184612948767,74,10,46,1,2,5.445,3.44024039824802e-07,0,81922,0,0,0,0,0,0,0,0,0,0.5,1.2448132780083e-06,0,0,NA,NA,1,0,0,-0.0113912133891213,0,-0.00418410041841004,NA,NA,NA,NA,-4.26700839145603e-08,NA,NA,NA,NA,"edge",1
102152,150,86,59,240,0.00152786645991061,962,28,54,23.43074902772,16,87.5,2.71639593087771e-05,25,82098,0.000401958634802309,5,5,5,21.4709105535839,8,6,4,0.000631578947368421,165,2.03319502074689e-05,0,0,0.0797715460752647,14.5290995164388,0.800632911392405,0.0379746835443038,0.161392405063291,0.00952928870292887,0.0209205020920502,0.0898364458308949,18.3789653711809,2.14899414763674,18.3809023510707,1.66460641368607,1.63983089075469e-06,0.647496947496948,0.647496947496948,0.531013431013431,0.531013431013431,"edge",1
102191,54,9,12,192,0.000147732309055991,29,2,1,1,2,5.445,2.11294151779715e-07,0,81948,0,0,0,0,0,0,0,0,0,0.5,1.2448132780083e-06,0,0,NA,NA,1,0,0,-0.0113912133891213,0,0,NA,NA,NA,NA,-8.41820497436783e-08,NA,NA,NA,NA,"edge",1
102200,198,89,240,240,0.00186258278145695,648,39,234,23.7065391822594,21,107,3.79873886495096e-05,89,81926,0.00142811805775944,23.259406699226,14,88.5,16.1554944214035,28,18,16,0.001,129,1.53526970954357e-05,0,0,0.105942365560697,9.90299831693082,0.802666666666667,0.064,0.133333333333333,0.358901673640167,0.0973196933022009,0.0675962109682155,6.5091227384612,3.01221002820584,6.86369229844522,3.74962825279542,5.9338441606668e-06,0.761964285714286,0.253988095238095,0.585138888888889,0.195046296296296,"edge",1
102108,126,68,226,240,0.0011113010771072,811,17,150,15.1327459504216,13,28,3.21318663781899e-05,7,82045,0.000121884331769151,13,5,6.5,7.28010988928052,3,4,2,0.000842105263157895,104.5,1.95020746887967e-05,0,0,0.140048314869737,20.7283450063289,0.86106346483705,0.0360205831903945,0.102915951972556,0.0158054393305439,0.0543933054393305,0.0304607108338097,5.85486006373563,0.664249402067626,6.2681481367625,0.783427457267783,4.2545327121194e-07,0.596666666666667,0.372916666666667,0.5,0.3125,"edge",1
102237,198,10,9,12,0.000129293625824247,14,3,1,1,2,5.445,8.47948146418723e-08,0,82173,0,0,0,0,0,0,0,0,0,0.5,1.2448132780083e-06,0,0,NA,NA,1,0,0,-0.0113912133891213,0,0,NA,NA,NA,NA,-1.27207236361731e-07,NA,NA,NA,NA,"edge",1
102162,198,107,168,240,0.00205143233936552,1576,42,150,26.4007575648882,24,162.5,5.46125541181189e-05,31,81878,0.000574024768558099,16.7630546142402,7,24,17,16,9,5,0.000473684210526316,198.5,3.40248962655602e-05,0,0,0.117803451578589,17.8434033196313,0.965020576131687,0.01440329218107,0.0205761316872428,0.0890271966527197,0.0701383038252728,0.0711297071129707,9.91302039062049,3.86199863010435,10.6701508461821,4.94129193983558,2.23293419216576e-06,0.774504442925496,0.516336295283664,0.620526315789474,0.413684210526316,"edge",1
102417,162,54,24,100,0.000835202050249417,200,15,20,3,7,5.445,1.45589664884837e-06,0,82044,0,0,0,0,0,0,0,0,0,5.5,4.149377593361e-06,0,0,1.20082004450552,835.801460319909,1,0,0,-0.0227824267782427,-0.00418410041841004,-0.00418410041841004,NA,NA,NA,NA,-1.69117767990463e-07,NA,NA,NA,NA,"edge",1
102199,210,1,1,12,1.2299366582621e-05,1,1,1,0,1,2.7225,1.23301516284683e-25,0,81911,0,0,0,0,0,0,0,0,0,0,4.149377593361e-07,0,0,NA,NA,1,0,0,-0.0113912133891213,0,0,NA,NA,NA,NA,-4.21924674378578e-08,NA,NA,NA,NA,"edge",1
102083,138,314,239,240,0.00541189146831227,3401,91,234,27.2029410174709,50,317.5,0.000138336526837211,314,81672,0.00541189146831227,27.2029410174709,49,317.5,18.2482875908947,128,66,44,0.00257894736842105,307.5,6.47302904564315e-05,0,0,0.107163615986094,11.7161768725693,0.64850136239782,0.106267029972752,0.245231607629428,1.31706066945607,0.113819836893184,0.0763526677443291,11.0215149292932,3.73591363996898,10.876719604649,3.43511294711128,2.25597601663859e-05,0.802690550272372,0.413149547934309,0.642342959328253,0.330617699654248,"edge",1
102331,198,39,23,120,0.000586345479642818,277,15,18,3.60555127546399,6,5.445,2.05107304050923e-06,0,81981,0,0,0,0,0,0,0,0,0,9.5,4.9792531120332e-06,0,0,0.269444551310603,159.463080742559,1,0,0,-0.0113912133891213,0,0,NA,NA,NA,NA,-4.23123639181487e-08,NA,NA,NA,NA,"edge",1
102203,102,1,1,7,1.04667106268513e-05,2,1,1,0,1,2.7225,6.06569132067179e-13,0,81999,0,0,0,0,0,0,0,0,0,0,4.149377593361e-07,0,0,NA,NA,1,0,0,-0.0113912133891213,0,0,NA,NA,NA,NA,-4.23453371495516e-08,NA,NA,NA,NA,"edge",1
102152,78,10,24,36,0.000184101034647815,45,6,21,3.60555127546399,5,5.445,1.73744278981544e-07,0,81843,0,0,0,0,0,0,0,0,0,3,2.0746887966805e-06,0,0,NA,NA,1,0,0,-0.0113912133891213,0,0,NA,NA,NA,NA,-8.49977739083014e-08,NA,NA,NA,NA,"edge",1
102218,126,1,1,6,1.04834989726171e-05,2,1,1,0,1,2.7225,5.22405776819322e-13,0,81633,0,0,0,0,0,0,0,0,0,0,4.149377593361e-07,0,0,NA,NA,1,0,0,-0.0113912133891213,0,0,NA,NA,NA,NA,-4.24277803868506e-08,NA,NA,NA,NA,"edge",1
102110,234,59,203,240,0.000895914384948638,503,16,186,20.591260281974,10,39,2.24926673261737e-05,7,82230,0.00017025416514654,18.8679622641132,6,39,17.8044938147649,7,4,6,0.000210526315789474,90.5,1.20331950207469e-05,0,0,0.078429131885942,10.2106861883262,1,0,0,0.15178870292887,0.0789454488038209,0.0744957900199366,6.79415815449944,5.5504322323562,4.75611207488312,2.12270203000829,6.69994605718724e-07,0.571995464852608,0.12916026625704,0.357142857142857,0.0806451612903226,"edge",1
102250,162,14,10,48,0.00029437017048939,87,8,12,2.23606797749979,4,5.445,1.54179197600491e-07,0,81769,0,0,0,0,0,0,0,0,0,1,1.6597510373444e-06,0,0,NA,NA,1,0,0,-0.0113912133891213,0,0,NA,NA,NA,NA,-1.28292855298189e-07,NA,NA,NA,NA,"edge",1
102075,174,27,60,84,0.00068393605197914,200,15,60,2.82842712474619,5,5.445,1.55611039521882e-06,0,82026,0,0,0,0,0,0,0,0,0,7,3.7344398340249e-06,0,0,0.0767596331959145,44.9453106775738,1,0,0,-0.0113912133891213,0,0,NA,NA,NA,NA,-1.2797631857947e-07,NA,NA,NA,NA,"edge",1
102265,66,38,35,49,0.000539162827173806,147,13,31,3.16227766016838,6,5.445,7.36904496683174e-07,0,81899,0,0,0,0,0,0,0,0,0,2.5,2.4896265560166e-06,0,0,1.33857717056848,1101.60644346825,1,0,0,-0.0113912133891213,0,0,NA,NA,NA,NA,-8.42235658969178e-08,NA,NA,NA,NA,"edge",1
102234,150,40,83,144,0.000616825632531841,251,15,82,7.07106781186548,5,5.445,5.38491848008119e-06,0,82080,0,0,0,0,0,0,0,0,0,25,5.80912863070539e-06,0,0,0.0930699955792406,24.4732657232022,1,0,0,-0.0113912133891213,9.32283660062061e-19,9.49897840767346e-19,NA,NA,NA,NA,-8.29553197670417e-08,NA,NA,NA,NA,"edge",1
102289,138,26,200,238,0.000355254348449861,83,7,195,2.23606797749979,4,5.445,7.43771734824456e-06,0,82405,0,0,0,0,0,0,0,0,5.26315789473684e-05,0.5,1.2448132780083e-06,0,0,NA,NA,1,0,0,-0.0113912133891213,0,0,NA,NA,NA,NA,-8.53210252635129e-08,NA,NA,NA,NA,"edge",1
102103,90,1,1,2,1.01206380050198e-05,1,1,1,0,1,2.7225,9.24238420845972e-09,0,81634,0,0,0,0,0,0,0,0,0,0,4.149377593361e-07,0,0,NA,NA,1,0,0,-0.0113912133891213,0,0,NA,NA,NA,NA,-4.20014497220386e-08,NA,NA,NA,NA,"edge",1
102052,102,48,24,60,0.000868034330146466,157,21,20,4.12310562561766,8,6,4.51888934218812e-07,0,81702,0,0,0,0,0,0,0,0,0,9.5,4.149377593361e-06,0,0,0.0650198185690166,145.807996742376,1,0,0,-0.0113912133891213,0,0,NA,NA,NA,NA,-4.21423217848623e-08,NA,NA,NA,NA,"edge",1
102241,114,1,1,8,1.02966463822733e-05,1,1,1,0,1,2.7225,6.30140255907865e-11,0,81844,0,0,0,0,0,0,0,0,0,0,4.149377593361e-07,0,0,NA,NA,1,0,0,-0.0113912133891213,0,0,NA,NA,NA,NA,-4.16942404576893e-08,NA,NA,NA,NA,"edge",1
102253,210,10,12,12,0.000245872416802921,30,7,10,1,2,5.445,5.29212517301337e-08,0,81899,0,0,0,0,0,0,0,0,0,0,8.29875518672199e-07,0,0,NA,NA,1,0,0,-0.0113912133891213,0,0,NA,NA,NA,NA,-8.48245956719013e-08,NA,NA,NA,NA,"edge",1
102225,54,59,35,216,0.00111907165707752,734,26,30,11.4017542509914,12,27.5,2.02056745029265e-05,0,82127,0,0,0,0,0,0,0,0,0,50,1.36929460580913e-05,0,0,0.284786044358083,47.1114562669497,1,0,0,-0.0113912133891213,0,0,NA,NA,NA,NA,-4.22180110225316e-08,NA,NA,NA,NA,"edge",1
102298,66,1,1,3,1.02443272038109e-05,1,1,1,0,1,2.7225,6.67098242118715e-14,0,82063,0,0,0,0,0,0,0,0,0,0,4.149377593361e-07,0,0,NA,NA,1,0,0,-0.0113912133891213,0,0,NA,NA,NA,NA,-4.21503880322572e-08,NA,NA,NA,NA,"edge",1
102123,126,18,12,60,0.00029820617516172,91,8,54,1,2,5.445,1.52608611481417e-07,0,81729,0,0,0,0,0,0,0,0,0,0,8.29875518672199e-07,0,0,NA,NA,1,0,0,-0.0113912133891213,0,0,NA,NA,NA,NA,-8.51525936607216e-08,NA,NA,NA,NA,"edge",1
102171,198,11,240,240,0.000232432961440595,28,4,239,2.23606797749979,4,5.445,5.62928383919809e-07,11,81744,0.000232432961440595,2.23606797749979,4,1,3,8,4,3,0,1.5,2.0746887966805e-06,0,0,NA,NA,1,0,0,-0.0072071129707113,0.00935593296025017,0.0125523012552301,1.47140452079103,0.502447115917259,1.85355339059327,0.867440547987913,9.30145347839027e-07,0.423856209150327,0.339084967320261,0.270261437908497,0.216209150326797,"edge",1
102224,198,40,240,240,0.000708552719987295,583,19,229,17.464249196573,8,93,7.94556181480166e-06,40,82104,0.000645522751632076,6.08276253029822,5,3,11.0453610171873,13,8,6,0.000315789473684211,209.5,1.28630705394191e-05,0,0,0.0748484244173561,27.0986047925124,0.897058823529412,0.0441176470588235,0.0588235294117647,0.00116108786610879,0.0254508892481097,0.0462148996535032,6.88042136653595,2.56744273211667,6.68100665747652,2.20107766923503,2.65934055974558e-06,0.737202380952381,0.589761904761905,0.54810554029304,0.438484432234432,"edge",1
102116,138,1,1,5,1.14095338064487e-05,2,1,1,0,1,2.7225,1.4265765448732e-10,0,82131,0,0,0,0,0,0,0,0,0,0,8.29875518672199e-07,0,0,NA,NA,1,0,0,-0.0113912133891213,0,0,NA,NA,NA,NA,-4.19492332057713e-08,NA,NA,NA,NA,"edge",1
102266,54,22,201,216,0.000373620273703538,73,9,198,1,2,5.445,1.02341506678317e-06,0,81877,0,0,0,0,0,0,0,0,0,4,1.6597510373444e-06,0,0,NA,NA,1,0,0,-0.0113912133891213,0,0,NA,NA,NA,NA,-4.16183460328249e-08,NA,NA,NA,NA,"edge",1
102117,198,126,120,240,0.00209797033567525,1433,46,114,27.8926513619627,19,128,2.5066218130805e-05,19,82004,0.000341446758694698,27.8926513619627,4,7.5,15.1327459504216,9,4,3,5.26315789473684e-05,187.5,2.78008298755187e-05,0,0,0.136930038432832,37.0406030758251,0.983164983164983,0.00673400673400673,0.0101010101010101,0.019989539748954,0.116705654234154,0.0633169286628517,11.0335820517749,1.97233381052154,12.0583730264366,2.60656605653421,1.38666419825435e-06,0.667171717171717,0.533737373737374,0.374810606060606,0.299848484848485,"edge",1
102147,42,12,12,12,0.000260342412258408,31,6,12,2.23606797749979,2,5.445,1.13319179525133e-07,0,81932,0,0,0,0,0,0,0,0,0,0.5,1.2448132780083e-06,0,0,NA,NA,1,0,0,-0.0113912133891213,0,0,NA,NA,NA,NA,-4.18242744743107e-08,NA,NA,NA,NA,"edge",1
102170,174,98,216,228,0.00177617717673575,825,29,214,9.4339811320566,15,22.5,2.75356760433102e-05,0,82026,0,0,0,0,0,0,0,0,0.000105263157894737,51.5,1.6597510373444e-05,0,0,0.280865262117306,41.289483921292,0.935361216730038,0.0190114068441065,0.0456273764258555,-0.0113912133891213,0,0,NA,NA,NA,NA,-8.4485465141699e-08,NA,NA,NA,NA,"edge",1
102189,78,20,47,48,0.000317185346037013,69,7,42,5.3851648071345,4,5.445,9.85812703954849e-08,0,82020,0,0,0,0,0,0,0,0,0,1,1.6597510373444e-06,0,0,NA,NA,1,0,0,-0.0113912133891213,9.25116510671635e-19,9.2693107497705e-19,NA,NA,NA,NA,-4.20635202059902e-08,NA,NA,NA,NA,"edge",1
102030,210,0,1,-Inf,0,1,1,1,0,0,0,8.9920319901563e-13,0,81563,0,0,0,0,0,0,0,0,0,0,4.149377593361e-07,0,0,NA,NA,1,0,0,0,0,0,NA,NA,NA,NA,0,NA,NA,NA,NA,"edge",1
102326,222,1,1,4,1.0351752551707e-05,1,1,1,0,1,2.7225,8.47818256506659e-17,0,82392,0,0,0,0,0,0,0,0,0,0,4.149377593361e-07,0,0,NA,NA,1,0,0,-0.0113912133891213,0,0,NA,NA,NA,NA,-4.22401738267633e-08,NA,NA,NA,NA,"edge",1
102094,186,28,48,132,0.000550505853712245,214,12,47,4.47213595499958,7,6,1.79045669030021e-06,0,82097,0,0,0,0,0,0,0,0,0,18,7.05394190871369e-06,0,0,0.0568302628802967,54.532325320635,1,0,0,-0.0113912133891213,0,0,NA,NA,NA,NA,-4.2125350298616e-08,NA,NA,NA,NA,"edge",1
102077,126,124,240,240,0.00193123342256121,958,40,226,14.560219778561,18,38.5,3.70989372020439e-05,124,81813,0.00193123342256121,14.560219778561,18,38.5,11,34,21,18,0.001,95,1.74273858921162e-05,0,0,0.124864930707084,14.2798782940243,0.904365904365904,0.0395010395010395,0.0561330561330561,0.149696652719665,0.0609214216676194,0.0460251046025105,5.58341812886998,2.53049583571502,5.74908701275385,2.3227996998825,8.03740522957321e-06,0.723885033095559,0.649000374499467,0.591285907075381,0.530118399446893,"edge",1
102093,150,39,132,132,0.000646136590837052,398,18,126,5.3851648071345,8,7.5,4.20608081261868e-06,0,81946,0,0,0,0,0,0,0,0,0,22.5,8.71369294605809e-06,0,0,0.420780376715603,212.715433222161,1,0,0,-0.0227824267782427,-0.00418410041841004,-0.00418410041841004,NA,NA,NA,NA,-1.26156317264972e-07,NA,NA,NA,NA,"edge",1
102014,222,58,131,240,0.000938097732727428,571,24,126,12.0415945787923,8,39,2.18914087177788e-05,8,82039,0.000182839868842867,0,1,2.7225,5,7,2,2,0.000263157894736842,47.5,8.71369294605809e-06,0,0,0.1683054914956,16.2798622736657,0.957575757575758,0.00606060606060606,0.0363636363636364,0,2.79962976903883e-18,0.0209205020920502,5,0,5,0,7.22664746699286e-07,NA,NA,NA,NA,"edge",1
102209,126,72,106,240,0.00103918332416407,751,16,95,24.3515913237718,12,100.5,1.56026016931405e-05,39,81885,0.000976979910850583,11.1803398874989,9,46,8.94427190999916,41,11,12,0.000105263157894737,195,1.78423236514523e-05,0,0,0.124984707109091,34.3273841190277,0.948275862068966,0.0172413793103448,0.0344827586206897,0.181077405857741,0.0467796648012508,0.0374237318410007,5.56091865512545,2.57459978413121,5.61191126013685,2.69389999984857,3.96164982253899e-06,0.560166630754866,0.227567693744164,0.295080083315377,0.119876283846872,"edge",1
102267,102,109,118,240,0.00171097375793999,710,50,114,7.07106781186548,12,16.5,1.39939441285948e-05,12,81979,0.000195171934275851,1.4142135623731,3,0.5,10.816653826392,4,3,3,0,41,1.32780082987552e-05,0,0,0.144266053340891,33.3799721121382,1,0,0,-0.00929916317991632,0.00591721155804642,0.0452579658008032,10.0835449861495,0.695112054598536,9.62265408803774,0.326791145773527,7.74640698728226e-07,0.411904761904762,0.411904761904762,0.329545454545455,0.329545454545455,"edge",1
102159,138,59,240,240,0.00108751435763337,362,19,236,8.60232526704263,11,12.5,9.71076280035222e-06,59,81838,0.00108751435763337,8.60232526704263,9,11,7.07106781186548,30,12,10,0.000263157894736842,39,1.16182572614108e-05,0,0,0.0639670101627454,17.7287386451161,0.875,0.0921052631578947,0.0328947368421053,0.0232426778242678,0.0318088923307223,0.0254019573718221,6.23799865026837,0.565069159238194,6.22875372372296,0.558530913158366,4.42344376825512e-06,0.777777777777778,0.622222222222222,0.549834656084656,0.439867724867725,"edge",1
102034,198,59,120,240,0.00130717357310399,1026,22,198,17.1172427686237,13,48,2.64121121737751e-05,3,81906,3.662735330745e-05,2,2,5.445,15.0332963783729,0,2,0,0.000368421052631579,106.5,2.11618257261411e-05,0,0,0.0844369215496621,16.4954268116361,0.944700460829493,0.0138248847926267,0.0414746543778802,0.0113912133891213,0.00836820083682008,0.0629008216668323,NA,NA,14.0358505943891,1.41060135544176,1.11432012165799e-07,NA,NA,NA,NA,"edge",1
102019,186,63,239,240,0.00125946124405424,548,18,240,7.81024967590665,9,17.5,1.63497154336716e-05,62,81781,0.00125946124405424,7.81024967590665,9,17.5,7.28010988928052,41,11,13,0.000578947368421053,53,1.16182572614108e-05,0,0,0.137670031482337,23.6009819234774,0.957875457875458,0.0128205128205128,0.0293040293040293,0.0618305439330544,0.0326788689368479,0.0304607108338097,6.00047097628928,1.18766314020535,5.93038938502112,1.18891964246188,5.22738411643192e-06,0.723801169590643,0.638648090815274,0.439755639097744,0.388019681556833,"edge",1
102253,66,112,118,240,0.00175959529308259,1431,40,90,18.3575597506858,23,97.5,3.30345676188162e-05,63,82132,0.00129060536697024,18.3575597506858,11,64,16.2788205960997,43,17,15,0.000736842105263158,185,3.07053941908714e-05,0,0,0.132228466704365,29.578395556937,0.890873015873016,0.0376984126984127,0.0714285714285714,0.256391213389121,0.0768098734338319,0.0681122200673628,11.9250718425184,4.36618436936163,13.0858271075894,4.09221205061147,5.27372142906457e-06,0.701150793650794,0.286183997408487,0.45735347985348,0.186674889736114,"edge",1
102035,90,6,9,24,0.000118882932733875,18,4,1,1,2,5.445,1.08156163105792e-07,0,81925,0,0,0,0,0,0,0,0,0,0,4.149377593361e-07,0,0,NA,NA,1,0,0,-0.0113912133891213,0,0,NA,NA,NA,NA,-1.68875452032089e-07,NA,NA,NA,NA,"edge",1
102213,162,32,23,24,0.00050044357498692,72,11,18,3,6,5.445,4.31975909756514e-07,0,81420,0,0,0,0,0,0,0,0,0,1,1.6597510373444e-06,0,0,NA,NA,1,0,0,-0.0113912133891213,0,0,NA,NA,NA,NA,-1.29534702281974e-07,NA,NA,NA,NA,"edge",1
102161,138,13,11,36,0.000245492150388491,45,5,5,2,3,5.445,1.73131779299053e-07,0,81987,0,0,0,0,0,0,0,0,0,0,8.29875518672199e-07,0,0,NA,NA,1,0,0,-0.0113912133891213,0,0,NA,NA,NA,NA,-1.28154014469357e-07,NA,NA,NA,NA,"edge",1
102219,198,104,144,204,0.00176179115434025,1103,35,174,15.0332963783729,15,56.5,3.37909229719818e-05,0,81853,0,0,0,0,0,0,0,0,0,102.5,2.32365145228216e-05,0,0,0.127712776551443,21.412404305229,1,0,0,-0.0113912133891214,0,0,NA,NA,NA,NA,-4.24445659113598e-08,NA,NA,NA,NA,"edge",1
102126,222,55,105,228,0.000868565276962224,570,25,22,7.07106781186548,11,11,4.93571773721925e-06,0,82218,0,0,0,0,0,0,0,0,0.000157894736842105,40,1.2448132780083e-05,0,0,0.106453458530105,65.5549078166189,0.977358490566038,0.0113207547169811,0.0113207547169811,-0.0113912133891213,0,0,NA,NA,NA,NA,-4.24803331987412e-08,NA,NA,NA,NA,"edge",1
102235,42,60,35,240,0.000968120365835602,581,18,19,17.464249196573,14,49,1.41875045717249e-05,23,82081,0.000365492623140556,2.23606797749979,4,1,16.0312195418814,7,5,3,0,124.5,1.61825726141079e-05,0,0,0.0781461114857796,21.689065799263,1,0,0,-0.00720711297071129,0.00935593296025017,0.0670762323928092,15.3556294631665,1.14322599904738,15.0271707230981,0.99003791522225,1.44465107715037e-06,0.786153846153846,0.786153846153846,0.668717948717949,0.668717948717949,"edge",1
102168,210,79,191,240,0.00141975913051993,564,26,186,9.21954445729289,10,24.5,1.30758608870685e-05,6,82232,7.29642961377566e-05,3.60555127546399,2,5.445,4.47213595499958,0,2,0,5.26315789473684e-05,42,1.28630705394191e-05,0,0,0.0778079973570131,18.6679489474877,1,0,0,0,0.0109018881818577,0.0145277655020903,NA,NA,4.29762079030862,0.246801712745729,2.20667781426824e-07,NA,NA,NA,NA,"edge",1
102106,102,112,180,240,0.00200835180445511,1726,34,138,22.6715680975093,23,123,4.95145137506981e-05,66,81637,0.00132292955400125,12.1655250605964,14,51,19.723082923316,42,17,14,0.000631578947368421,271,3.44398340248963e-05,0,0,0.253420383299132,42.5924101266467,0.879581151832461,0.0575916230366492,0.06282722513089,0.201997907949791,0.0509017784962194,0.0825233595117825,16.8464281703363,1.91692884631341,15.916567624385,2.01972888020386,5.49287155537211e-06,0.684236111111111,0.390992063492064,0.497470238095238,0.284268707482993,"edge",1
102169,78,17,11,240,0.000456778844966791,121,11,11,2.82842712474619,5,5.445,3.77652081439193e-06,6,81706,8.56730227890241e-05,0,1,2.7225,2.82842712474619,1,1,1,0,5.5,3.7344398340249e-06,0,0,0.158362444359865,38.1536110861577,1,0,0,0,0,0.0118344231160928,NA,NA,NA,NA,2.31154079209618e-07,NA,NA,NA,NA,"edge",1
102266,222,141,154,240,0.00233145758822309,1466,45,150,28.0178514522438,30,157,3.26933184996181e-05,1,82047,4.87525442734043e-05,16.7630546142402,2,5.445,14.560219778561,3,1,3,0.000157894736842105,212,3.44398340248963e-05,0,0,0.145988181245985,37.4471508925948,0.957575757575758,0.0181818181818182,0.0242424242424242,0.0113912133891213,0.0701383038252728,0.0609214216676194,6.34411857785354,7.11535235987652,NA,NA,1.61450362599049e-07,NA,NA,NA,NA,"edge",1
102127,138,1,1,2,1.01167472634199e-05,1,1,1,0,1,2.7225,1.08057618537614e-09,0,82104,0,0,0,0,0,0,0,0,0,0,4.149377593361e-07,0,0,NA,NA,1,0,0,-0.0113912133891213,0,0,NA,NA,NA,NA,-4.19711146394828e-08,NA,NA,NA,NA,"edge",1
102289,114,51,96,240,0.000890319905357774,707,16,106,12.369316876853,12,18,1.23065881780968e-05,33,81843,0.000794203536038513,3.60555127546399,8,6,12.0830459735946,32,9,8,0.000315789473684211,77,1.78423236514523e-05,0,0,0.143691387137598,46.7740694082155,0.959375,0.0125,0.028125,0.0137133891213389,0.0150859886002677,0.0505566777137848,10.4163668057157,1.06867210996137,10.2127845933484,0.886797443669655,3.28104191336415e-06,0.609500567129286,0.554091424662987,0.30693304026256,0.279030036602327,"edge",1
102163,138,106,240,240,0.00198831408043523,828,32,236,12,14,52.5,2.23994427657082e-05,106,81979,0.00198831408043523,8.06225774829855,10,12.5,7.21110255092798,57,17,16,5.26315789473684e-05,74,1.41078838174274e-05,0,0,0.0879325586663151,12.2297456217335,0.987394957983193,0.00840336134453781,0.00420168067226891,0.0409100418410042,0.0337332960179856,0.0301719772005355,5.21818964568494,1.46805878961898,5.46632573536873,1.43674567670251,8.19277048096804e-06,0.820323145051406,0.820323145051406,0.535271159470244,0.535271159470244,"edge",1
102292,234,15,24,36,0.000342657422530868,70,9,23,2.23606797749979,4,5.445,2.48677298549288e-07,0,82542,0,0,0,0,0,0,0,0,0,2,2.4896265560166e-06,0,0,0.138869361267856,339.445513757945,1,0,0,-0.0227824267782427,-0.00418410041841004,-0.00418410041841004,NA,NA,NA,NA,-8.45708479804756e-08,NA,NA,NA,NA,"edge",1
102261,150,267,215,240,0.00444317858160068,4734,79,126,34.6554469023269,45,387,0.000143157658579839,129,81687,0.00226474224784849,31.7804971641414,28,366.5,20.8806130178211,56,31,28,0.00352631578947368,683,9.62655601659751e-05,0,0,0.0982105199247602,15.867160272233,0.626780626780627,0.0982905982905983,0.274928774928775,1.52208158995816,0.132972791481763,0.0873665816645234,16.8147921555031,3.30744062113177,16.2088873022571,3.17506506549909,9.39183857313439e-06,0.667428248502417,0.181579744077864,0.488945549431483,0.133021950948271,"edge",1
102017,138,121,96,240,0.00211753538352947,1051,44,90,26.1725046566048,17,168.5,2.7583637905775e-05,33,81882,0.000744974475464693,15.2643375224737,10,54,7.81024967590665,28,8,9,0.000473684210526316,189,2.15767634854772e-05,0,0,0.0454049839855162,8.55984538801395,0.918079096045198,0.0169491525423729,0.0649717514124294,0.214550209205021,0.0638675210145345,0.0326788689368479,6.14614911252474,0.792437677320914,6.29514275471832,0.753034013815303,3.07479973691665e-06,0.682644628099174,0.375454545454545,0.410192837465565,0.225606060606061,"edge",1
102200,126,155,228,240,0.00281504770957482,859,54,222,17.2626765016321,24,113,4.54136134258482e-05,71,81559,0.00163072131830944,17.2626765016321,18,113,9.48683298050514,62,17,20,0.00184210526315789,111,2.0746887966805e-05,0,0,0.0570953026049811,6.25896884194182,0.759259259259259,0.0471380471380471,0.193602693602694,0.461412133891213,0.0722287719733559,0.0396938618431177,6.18920326813807,2.48018736679076,5.80565046306625,2.50006482305805,6.73881455985348e-06,0.638574941140731,0.220198255565769,0.356397907647908,0.122895830223416,"edge",1
101986,210,64,144,236,0.00117047477383013,701,24,126,11,10,17.5,2.27898519137506e-05,0,82079,2.4366768600982e-05,0,1,2.7225,5.3851648071345,2,0,1,0,80,1.53526970954357e-05,0,0,0.181824001841844,29.8738835690252,1,0,0,0,9.61225581117469e-19,0.0225320703227385,NA,NA,NA,NA,5.95995253907431e-08,NA,NA,NA,NA,"edge",1
102096,90,119,96,227,0.00195873278505037,1398,40,90,17.7200451466693,22,122,2.13923751598291e-05,0,81980,0,0,0,0,0,0,0,0,0.000105263157894737,174.5,2.65560165975104e-05,0,0,0.201093776453911,60.8970330261026,0.997311827956989,0,0.00268817204301075,-0.0113912133891213,-1.92608883220495e-18,0,NA,NA,NA,NA,-1.26620815018512e-07,NA,NA,NA,NA,"edge",1
102126,126,151,71,240,0.00257458361295833,2461,58,66,21.6333076527839,25,156.5,5.79674940203767e-05,52,81713,0.00095456047385361,21.6333076527839,8,120.5,19.2093727122985,26,11,11,0.000368421052631579,273,4.60580912863071e-05,0,0,0.14236791068109,26.4684829823573,0.889145496535797,0.0323325635103926,0.0785219399538106,0.492792887029289,0.0905159316016064,0.0803739444029228,15.5687183849081,4.63427541656385,15.0038006675888,4.33296227539402,3.95153317325643e-06,0.78028638028638,0.230539157811885,0.565934065934066,0.167207792207792,"edge",1
102301,54,146,204,240,0.00253161475639294,1702,65,210,23.0217288664427,26,191.5,6.66610777724371e-05,84,82219,0.0014230287403155,22.2036033111745,19,191.5,15.52417469626,33,20,15,0.00168421052631579,237.5,3.56846473029046e-05,0,0,0.117479580611316,15.1871827947124,0.763761467889908,0.0894495412844037,0.146788990825688,0.789864016736402,0.0929021059044959,0.0649547058420921,8.68782908544721,3.78742644182096,8.11721034343622,3.59983862802238,5.82758280871997e-06,0.739166389166389,0.201590833409015,0.556244284815713,0.151702986767922,"edge",1
102417,126,35,24,38,0.000535468717674119,77,11,18,2.23606797749979,3,5.445,8.09980691429028e-07,0,81954,0,0,0,0,0,0,0,0,0,0.5,1.2448132780083e-06,0,0,NA,NA,1,0,0,-0.0113912133891213,0,0,NA,NA,NA,NA,-4.25226421375656e-08,NA,NA,NA,NA,"edge",1
102019,90,183,190,240,0.00335574903224954,3859,77,210,25.4950975679639,32,319,0.000127974714249391,146,81757,0.00245850508213364,25,26,316,15.2315462117278,55,30,23,0.00278947368421053,355,7.38589211618257e-05,0,0,0.111401235717059,15.530942140639,0.626666666666667,0.096,0.277333333333333,1.31078451882845,0.104602510460251,0.0637303188775222,11.6185692977805,2.20746143661826,11.2277137799232,1.76316035106705,1.02456163758656e-05,0.756900452488688,0.29580017683466,0.601293722617252,0.234988351367662,"edge",1
102318,126,47,180,216,0.000707299821955562,143,17,174,2.23606797749979,3,5.445,7.82870347806992e-06,0,82090,0,0,0,0,0,0,0,0,0,4,2.9045643153527e-06,0,0,0.13137316295838,11.9025213216879,1,0,0,-0.0113912133891213,0,0,NA,NA,NA,NA,-4.15464399250319e-08,NA,NA,NA,NA,"edge",1
102143,150,12,240,240,0.000207193262562615,40,3,71,1.4142135623731,3,5.445,4.17794274174668e-07,12,82049,0.000207193262562615,1,2,5.445,4.12310562561766,5,3,2,0,3,2.9045643153527e-06,0,0,0.0409307985969552,69.2898876213649,1,0,0,0.0113912133891213,0.00418410041841004,0.0172514879732957,4,0,4.04103520853922,0.0710750660891136,8.25406836612421e-07,NA,NA,NA,NA,"edge",1
102157,42,0,1,-Inf,0,1,1,1,0,0,0,2.08357940368552e-09,0,81701,0,0,0,0,0,0,0,0,0,0,4.149377593361e-07,0,0,NA,NA,1,0,0,0,0,0,NA,NA,NA,NA,0,NA,NA,NA,NA,"edge",1
102181,54,70,69,111,0.0009842400087488,511,38,54,6.08276253029822,8,8.5,7.99478386776954e-06,0,81750,0,0,0,0,0,0,0,0,0,18.5,8.29875518672199e-06,0,0,0.289190700031878,73.22241924594,1,0,0,-0.0113912133891213,9.51750366669109e-19,0,NA,NA,NA,NA,-1.2715311549292e-07,NA,NA,NA,NA,"edge",1
101969,234,138,216,240,0.00239819830787023,2348,50,186,35.2278299076171,21,266,7.84728214699551e-05,127,82154,0.00193538963410181,31.0161248385416,16,199.5,25.298221281347,32,24,18,0.000894736842105263,417,4.23236514522822e-05,0,0,0.092999806300555,11.6224974804802,0.852331606217617,0.0440414507772021,0.103626943005181,0.823336820083682,0.1297745809144,0.105850298248314,18.5389908864202,7.15584789417682,19.253504365373,6.8912725891759,7.80658830632457e-06,0.764529267866372,0.254843089288791,0.639357041902291,0.21311901396743,"edge",1
101956,150,276,216,240,0.0051605504587156,3603,85,210,46.518813398452,53,521,0.000159330504465364,195,82007,0.00335337227309864,46.518813398452,45,477.5,34.4818792991333,80,46,35,0.00352631578947368,820.5,7.30290456431535e-05,0,0,0.148381553710608,16.4152831969281,0.660678642714571,0.0878243512974052,0.251497005988024,1.98651673640167,0.194639386604402,0.144275645603068,25.018164934033,9.14458987706942,24.0926329564729,9.38091645882464,1.39885177009549e-05,0.785841863405149,0.183004269560103,0.594596559086178,0.138467691841987,"edge",1
102296,234,77,36,240,0.00134128348636159,509,22,30,7.28010988928052,15,16,4.70316793004772e-06,15,82333,0.000230770165061397,1,2,5.445,1.4142135623731,4,2,2,0,32,1.16182572614108e-05,0,0,0.040657829784611,24.1957842893579,1,0,0,0.0113912133891213,0.00418410041841004,0.00591721155804642,1.20710678118655,0.292893218813453,1.20710678118655,0.292893218813453,8.38049455166203e-07,NA,NA,NA,NA,"edge",1
102132,138,26,94,192,0.000411010515019009,309,9,127,5.3851648071345,8,6,6.28498527391855e-06,0,81746,0,0,0,0,0,0,0,0,0,18,7.88381742738589e-06,0,0,0.0473844226836615,14.4972997073751,1,0,0,-0.0113912133891213,0,0,NA,NA,NA,NA,-4.1918133549832e-08,NA,NA,NA,NA,"edge",1
102305,78,2,110,114,3.99095383796727e-05,4,2,106,0,1,2.7225,5.12063073841426e-10,0,82310,0,0,0,0,0,0,0,0,0,0,4.149377593361e-07,0,0,NA,NA,1,0,0,-0.0113912133891213,0,0,NA,NA,NA,NA,-4.21469913412378e-08,NA,NA,NA,NA,"edge",1
102260,42,105,192,240,0.00188507145028884,1560,34,186,21.095023109729,14,50,4.02719902501131e-05,40,82148,0.000657350148512441,12.5299640861417,10,50,8.24621125123532,14,11,8,0.000315789473684211,207,3.11203319502075e-05,0,0,0.191830441097785,35.6580256249986,0.942771084337349,0.0180722891566265,0.0391566265060241,0.197813807531381,0.0524266279754882,0.0345029759465913,6.36673717642003,1.72035136822723,6.28970429701061,1.51115248793195,2.70821337033684e-06,0.717195767195767,0.573756613756614,0.573677248677249,0.458941798941799,"edge",1
102294,234,33,35,144,0.000537693539123315,204,9,32,3.60555127546399,7,5.445,2.58562291617576e-06,0,82476,0,0,0,0,0,0,0,0,0,7,4.5643153526971e-06,0,0,0.0295634322528327,12.694903382184,1,0,0,-0.0113912133891213,0,0,NA,NA,NA,NA,-1.25496658254068e-07,NA,NA,NA,NA,"edge",1
102005,66,112,156,240,0.00178055294705904,1767,42,138,23,22,152.5,5.51805122581806e-05,92,81936,0.00174526459675845,21.0237960416286,21,136.5,12.0415945787923,51,23,25,0.000578947368421053,271.5,3.40248962655602e-05,0,0,0.153404899626029,23.087422764901,0.874074074074074,0.0425925925925926,0.0833333333333333,0.548347280334728,0.0837815733959357,0.0461991404970389,8.68792400461171,3.03451954085739,8.39699184336994,2.56091375378108,7.09076199280093e-06,0.571146469951617,0.268774809388996,0.39749743720332,0.187057617507444,"edge",1
102249,114,1,1,2,1.00467172351434e-05,1,1,1,0,1,2.7225,4.23656148208944e-09,0,81989,0,0,0,0,0,0,0,0,0,0,4.149377593361e-07,0,0,NA,NA,1,0,0,-0.0113912133891213,0,0,NA,NA,NA,NA,-4.16763824733308e-08,NA,NA,NA,NA,"edge",1
102033,30,195,167,240,0.00350877192982456,2673,51,174,33.734255586866,35,297,9.87218252702592e-05,153,81889,0.00272319847598579,33.3766385365573,28,297,36.1386219991853,70,30,29,0.00136842105263158,513.5,5.4356846473029e-05,0,0,0.0869971196964251,11.6500205508223,0.646892655367232,0.144067796610169,0.209039548022599,1.21989539748954,0.13546710684752,0.147023523009144,26.2922478609178,6.56509539203297,24.3052323837733,7.21270517696169,1.13101388856784e-05,0.688438607936802,0.161985554808659,0.495593410383142,0.116610214207798,"edge",1
102201,114,47,228,240,0.000987154800497233,557,14,30,9.48683298050514,8,16.5,2.04762973293807e-05,29,81974,0.000475760607021739,9.48683298050514,7,16.5,8.48528137423857,10,9,5,0.000631578947368421,50,1.16182572614108e-05,0,0,0.13846613930072,18.1269781241613,0.842406876790831,0.0573065902578797,0.100286532951289,0.0576464435146444,0.0396938618431177,0.0355032693482785,6.06120239411616,1.44127787811742,6.2762866907194,1.43500994696405,1.90647265666945e-06,0.825396825396825,0.464285714285714,0.642857142857143,0.361607142857143,"edge",1
102155,138,21,239,240,0.000414583587367394,75,11,228,1.4142135623731,3,5.445,3.99477940205057e-07,19,82010,0.000414583587367394,1.4142135623731,3,0.5,2.23606797749979,15,4,5,0.000105263157894737,0.5,1.2448132780083e-06,0,0,NA,NA,0.942965779467681,0.0494296577946768,0.00760456273764259,-0.00929916317991632,0.00591721155804642,0.00935593296025017,1.74295532842377,0.450148202150106,1.61967716615477,0.410927207563347,1.69192390406435e-06,0.771717171717172,0.643097643097643,0.418661338661339,0.348884448884449,"edge",1
102298,198,76,203,240,0.00112876406403612,934,27,198,10,11,34,3.12379740556668e-05,32,82216,0.00066896954364114,10,9,23.5,13.9283882771841,23,11,9,0.000526315789473684,97,2.36514522821577e-05,0,0,0.083424530409422,15.1697162730666,0.921119592875318,0.0178117048346056,0.0610687022900763,0.0869351464435146,0.0418410041841004,0.0582777752183436,11.0815299894945,3.51420755340748,11.2276454108836,3.19905867095485,2.58734119863791e-06,0.715295815295815,0.605250305250305,0.498556998556999,0.421855921855922,"edge",1
102178,42,1,1,23,1.98593954800016e-05,2,1,1,0,1,2.7225,1.1902097680376e-08,0,82005,0,0,0,0,0,0,0,0,0,0,4.149377593361e-07,0,0,NA,NA,1,0,0,-0.0113912133891213,0,0,NA,NA,NA,NA,-4.25269641152799e-08,NA,NA,NA,NA,"edge",1
102119,114,12,34,36,0.00018432500184325,58,5,10,1.4142135623731,3,5.445,2.63314758559272e-07,0,81987,0,0,0,0,0,0,0,0,0,1.5,2.0746887966805e-06,0,0,NA,NA,1,0,0,-0.0113912133891213,0,0,NA,NA,NA,NA,-8.47738961506209e-08,NA,NA,NA,NA,"edge",1
102246,210,72,70,228,0.00128336755646817,801,31,66,8,11,21,9.93022639266502e-06,0,82248,0,0,0,0,0,0,0,0,0.000157894736842105,61,1.82572614107884e-05,0,0,0.0960529668535032,43.1067102386738,0.975,0.009375,0.015625,-0.0113912133891213,-9.39904450528841e-19,0,NA,NA,NA,NA,-1.25907028990723e-07,NA,NA,NA,NA,"edge",1
102078,114,70,70,240,0.00114377494402803,798,26,66,12.0415945787923,13,51,2.83615538008196e-05,35,81766,0.000648191179707947,10.816653826392,9,49.5,11.3137084989848,18,9,9,0.000631578947368421,76.5,1.90871369294606e-05,0,0,0.0786846190534257,12.8086639468344,0.944897959183673,0.0183673469387755,0.036734693877551,0.195721757322176,0.0452579658008032,0.0473376924643714,8.44234876133229,2.61105166858778,9.05237257388755,1.60042795260191,2.66995381550757e-06,0.734271284271284,0.351173222912353,0.542099567099567,0.259265010351967,"edge",1
102317,186,92,180,240,0.00147327407768172,1172,28,186,18.3575597506858,13,46.5,4.21465113683702e-05,20,81997,0.000390258180177324,8.60232526704263,7,18,9.8488578017961,12,7,6,0.000421052631578947,89.5,2.32365145228216e-05,0,0,0.090097664650111,12.1262315059055,0.948051948051948,0.0207792207792208,0.0311688311688312,0.0639225941422594,0.0359929927491323,0.0412086100493561,7.93586593205304,3.07025052563728,6.49148769396678,3.78646960975404,1.5905854423369e-06,0.473905723905724,0.328088578088578,0.322138047138047,0.223018648018648,"edge",1
102241,174,2,22,24,6.12707554684149e-05,6,1,1,1,2,5.445,5.07405049782565e-09,0,81967,0,0,0,0,0,0,0,0,0,0,8.29875518672199e-07,0,0,NA,NA,1,0,0,-0.0113912133891213,0,0,NA,NA,NA,NA,-4.2641817517071e-08,NA,NA,NA,NA,"edge",1
102088,210,537,227,240,0.00870912262298281,5329,213,222,65.6048778674269,108,1458.5,0.000260362729948321,514,81782,0.00870607224083539,65.6048778674269,108,1458.5,37.2021504754766,198,117,106,0.00594736842105263,1560.5,0.000110373443983402,0,0,0.100561055588902,9.99551126557851,0.663352272727273,0.0852272727272727,0.251420454545455,6.0797280334728,0.270313296516431,0.151473432951785,20.6009032495842,10.1942538632285,20.6725877376349,10.3100058525707,3.63428247152873e-05,0.696453785377498,0.122094367313092,0.519765317768468,0.0911193520038549,"edge",1
101971,162,1,1,15,1.35517881584475e-05,1,1,1,0,1,2.7225,2.87453689050292e-08,0,82063,0,0,0,0,0,0,0,0,0,0,4.149377593361e-07,0,0,NA,NA,1,0,0,-0.0113912133891213,0,0,NA,NA,NA,NA,-4.19143543041327e-08,NA,NA,NA,NA,"edge",1
102028,66,51,239,240,0.000788724666506636,340,16,234,9.4339811320566,10,15,2.06861605561548e-05,45,81741,0.000758493289781138,9.4339811320566,10,15,10.0498756211209,17,8,10,0.000263157894736842,33.5,7.05394190871369e-06,0,0,0.280197918331602,22.4349943822112,0.963636363636364,0.012987012987013,0.0233766233766234,0.0513702928870293,0.0394727244019105,0.0420496887913008,6.60709694504918,1.77834815948888,6.1285743668252,1.44046668243044,3.13130015510233e-06,0.601693493672103,0.389331084140773,0.449622273151685,0.290932059098149,"edge",1
102136,30,41,36,240,0.0006442359118977,197,17,30,5.3851648071345,8,6.5,3.77553835972783e-06,1,81627,6.12542418562485e-05,1.4142135623731,2,5.445,2,4,1,2,0,13,6.63900414937759e-06,0,0,0.0834682448789999,35.8097609907772,1,0,0,0.0113912133891213,0.00591721155804642,0.00836820083682008,1.70710678118655,0.414213562373095,NA,NA,2.14527656370291e-07,NA,NA,NA,NA,"edge",1
102218,78,104,204,240,0.001806684733514,1099,36,210,11.4017542509914,19,39.5,4.41687005237342e-05,52,81849,0.00091632151889455,7.81024967590665,8,28.5,7.21110255092798,23,13,8,0.00126315789473684,67.5,1.86721991701245e-05,0,0,0.16049309725245,16.4566834834399,0.900966183574879,0.036231884057971,0.0628019323671498,0.107855648535565,0.0326788689368479,0.0301719772005355,3.05918850948554,2.67610925752436,4.2725594009344,2.39248946621386,3.79161876421323e-06,0.712400192400192,0.534300144300144,0.534531024531025,0.400898268398268,"edge",1
102149,174,188,120,240,0.00363876135586598,2549,57,114,41.182520563948,35,344,6.42387249097747e-05,162,81786,0.00272662802924706,38.4707681233427,22,162.5,20.8086520466848,61,27,22,0.00110526315789474,487.5,5.4356846473029e-05,0,0,0.101268116925942,20.0388867737399,0.865900383141762,0.0498084291187739,0.0842911877394636,0.66852510460251,0.160965557001434,0.0870654897350829,15.0052949758937,4.76847134885177,14.3925409521219,5.44581227048786,1.13241847019567e-05,0.783309378322112,0.275938530999835,0.60018627396661,0.211429255601874,"edge",1
102033,234,1,1,3,1.01519750667492e-05,1,1,1,0,1,2.7225,4.31657430058624e-09,0,82250,0,0,0,0,0,0,0,0,0,0,4.149377593361e-07,0,0,NA,NA,1,0,0,-0.0113912133891213,0,0,NA,NA,NA,NA,-4.17841777024251e-08,NA,NA,NA,NA,"edge",1
102265,210,1,1,2,1.01807075591754e-05,1,1,1,0,1,2.7225,2.62121080851038e-16,0,82098,0,0,0,0,0,0,0,0,0,0,4.149377593361e-07,0,0,NA,NA,1,0,0,-0.0113912133891213,0,0,NA,NA,NA,NA,-4.22606524630586e-08,NA,NA,NA,NA,"edge",1
102139,54,263,240,240,0.00492659013948485,4112,105,234,41.2310562561766,49,836.5,0.000161110444388603,263,81801,0.00492659013948485,41.2310562561766,49,835.5,23.0867927612304,140,56,53,0.003,845.5,8.13278008298755e-05,0,0,0.124476088871619,14.8945449406105,0.801837270341207,0.0879265091863517,0.110236220472441,3.48442468619247,0.172514879732957,0.09659745925201,16.8590704646733,4.34542726623781,17.0648209164386,4.10397961414671,2.05706708164078e-05,0.682463133316837,0.111253114190336,0.459884724402307,0.074969042664123,"edge",1
102143,78,88,167,228,0.00162263461011061,528,28,162,8.06225774829855,17,27,1.34061130383059e-05,0,81945,0,0,0,0,0,0,0,0,0.000263157894736842,51,1.03734439834025e-05,0,0,0.0430209402605999,8.1032559263437,0.935802469135802,0.0123456790123457,0.0518518518518519,-0.0113912133891213,-9.46177604325282e-19,0,NA,NA,NA,NA,-8.43296601582156e-08,NA,NA,NA,NA,"edge",1
102044,126,351,228,240,0.00589446337099581,5730,116,210,43.0116263352131,60,882,0.000222884269338649,338,81461,0.00567142559015971,39.1152144312159,60,734,23.6008474424119,124,72,53,0.00442105263157895,1022,0.000111618257261411,0,0,0.105013226757106,12.6580379327032,0.716772151898734,0.0996835443037975,0.183544303797468,3.05973849372385,0.163661985067849,0.0987483156586272,16.3304280753348,4.18055779413372,15.8638227643082,4.11013375915522,2.36877874222944e-05,0.798213811923921,0.202803509218456,0.623495092556179,0.158412433939355,"edge",1
102305,162,65,228,240,0.00139010828211882,658,27,226,14.8660687473185,13,45,2.81619257417461e-05,47,82410,0.000764470331270477,14.8660687473185,7,17,14.142135623731,16,10,7,0.00105263157894737,59.5,1.32780082987552e-05,0,0,0.295703596468187,33.7508266213209,0.79954954954955,0.0788288288288288,0.121621621621622,0.0597384937238494,0.0622011244657678,0.0591721155804642,9.04755789845763,4.54591157925447,9.7267579286283,3.95673549474907,3.07179127802301e-06,0.769155844155844,0.497689075630252,0.617914438502674,0.399826989619377,"edge",1
102252,186,74,71,240,0.00143377885783718,936,22,66,14.2126704035519,19,40,1.30828873378133e-05,5,82067,0.000134036823570985,9.21954445729289,3,4.5,11.1803398874989,6,3,4,0,80,1.99170124481328e-05,0,0,0.186683165237876,69.3367588815843,1,0,0,0.00743723849372385,0.0385754998213092,0.0467796648012508,5.64720719972566,3.71645903934855,6.47551704624476,4.07449610083141,4.75610238374443e-07,0.26784188034188,0.153052503052503,0.129166666666667,0.0738095238095238,"edge",1
102275,42,1,1,11,1.14836931557189e-05,1,1,1,0,1,2.7225,8.66328325787463e-09,0,82078,0,0,0,0,0,0,0,0,0,0,4.149377593361e-07,0,0,NA,NA,1,0,0,-0.0113912133891213,0,0,NA,NA,NA,NA,-4.24993186296741e-08,NA,NA,NA,NA,"edge",1
102047,54,196,238,240,0.00327244309856403,2488,67,234,32.7566787083184,30,314,8.30788539949689e-05,195,81738,0.00316866084318187,32.4499614791759,30,314,24.8394846967484,64,37,25,0.00189473684210526,382,5.02074688796681e-05,0,0,0.0806702849934721,11.3874195970442,0.764044943820225,0.0539325842696629,0.182022471910112,1.30241631799163,0.13577389740241,0.103930898312755,12.6859316937705,7.39841882466766,13.6273971362649,6.57833090479901,1.31741866004641e-05,0.791502567255795,0.247722177538073,0.634540776057993,0.198596731437998,"edge",1
102123,90,28,82,240,0.000453331990127437,434,14,78,6.70820393249937,6,7.5,1.34220451036079e-05,16,82179,0.000255539736429015,5.3851648071345,3,1,6.70820393249937,5,3,2,5.26315789473684e-05,29,9.12863070539419e-06,0,0,0.0886226969400149,14.7111789737641,0.967302452316076,0.00272479564032698,0.0299727520435967,-0.0072071129707113,0.0225320703227385,0.0280677988807505,6.26957791367234,0.620310864634908,4.65112312990592,2.83735448008902,9.00570088640704e-07,0.805555555555556,0.805555555555556,0.682539682539683,0.682539682539683,"edge",1
102303,90,47,58,216,0.000948928197766369,407,19,66,7.81024967590665,9,14,5.84019054709674e-06,0,82031,1.21905133425169e-05,0,1,2.7225,3,1,0,1,0,30.5,8.29875518672199e-06,0,0,0.0483323867046042,16.7519153807134,1,0,0,3.72752127240347e-18,0,0.0125523012552301,NA,NA,NA,NA,-3.25378285263121e-08,NA,NA,NA,NA,"edge",1
102216,222,120,93,240,0.00202599621651309,2196,50,90,31.0644491340181,22,242.5,5.19400944299634e-05,84,81844,0.00140511216460584,21.6333076527839,17,143,17.464249196573,31,18,18,0.000473684210526316,323,4.43983402489627e-05,0,0,0.106112202956885,21.0611659208257,0.903465346534653,0.0396039603960396,0.0569306930693069,0.586935146443515,0.0905159316016064,0.0730721723705982,12.7672748043709,3.28938125107898,11.8698418323324,3.34244880076423,5.83688083843612e-06,0.620394063007699,0.168502091187276,0.46431031090122,0.126108973331196,"edge",1
102069,210,152,216,240,0.00258979160080733,1914,55,234,24.2074368738204,27,218.5,6.52533269822044e-05,140,81826,0.00249309510424559,24.2074368738204,27,218.5,22.8254244210267,64,32,27,0.000736842105263158,255,4.19087136929461e-05,0,0,0.0991574911193658,15.4669802119128,0.828638497652582,0.0328638497652582,0.13849765258216,0.902834728033473,0.101286346752387,0.0955038678704044,14.6622954946643,5.01713008805829,14.4101045535215,5.21525175284001,1.02604777816633e-05,0.598779687590429,0.246164982676065,0.416699680318606,0.171309868575427,"edge",1
102156,174,15,16,60,0.000271092873954136,79,7,11,2.23606797749979,3,5.445,2.62992666387426e-07,0,81800,0,0,0,0,0,0,0,0,0,1,1.6597510373444e-06,0,0,NA,NA,1,0,0,-0.0113912133891213,0,0,NA,NA,NA,NA,-8.4736983816719e-08,NA,NA,NA,NA,"edge",1
101983,102,164,239,240,0.00267415593137554,1354,62,234,32.3882694814033,22,98.5,4.61143305107144e-05,155,81895,0.00267415593137554,20.3960780543711,22,98.5,18.3575597506858,64,32,22,0.00126315789473684,476,2.9045643153527e-05,0,0,0.0823333314568729,12.0761771724974,0.725274725274725,0.0769230769230769,0.197802197802198,0.400742677824268,0.0853392387212182,0.0768098734338319,11.2919888701604,4.12196047805632,10.7042588812548,3.5894241505024,1.11470267954207e-05,0.840941005588838,0.468721216229844,0.659878541650987,0.367801154362845,"edge",1
102046,198,69,226,240,0.00120905693559024,814,25,215,17.8044938147649,13,86,2.58088048348867e-05,26,82133,0.000462664215358017,16.4012194668567,9,36,9.4339811320566,12,8,7,0.00115789473684211,113,2.03319502074689e-05,0,0,0.21920686024367,41.948031388247,0.921241050119332,0.0286396181384248,0.0501193317422434,0.13923640167364,0.0686243492337101,0.0394727244019105,6.59444856243027,2.14447884508992,7.05534522933013,1.95582753986092,1.89319823724309e-06,0.657106227106227,0.438070818070818,0.492680097680098,0.328453398453398,"edge",1
102088,114,21,140,240,0.000299141463998325,121,9,138,2.82842712474619,2,5.445,1.58685947321316e-06,1,81834,6.10992985800523e-05,0,1,2.7225,3.16227766016838,4,1,2,0,8,3.3195020746888e-06,0,0,0.0499412572328586,25.3967088314367,1,0,0,0,0,0.0132312872810392,3.16227766016838,0,NA,NA,1.72172275697795e-07,NA,NA,NA,NA,"edge",1
102022,102,1,1,2,1.02422287089671e-05,1,1,1,0,1,2.7225,1.19278228008436e-13,0,81964,0,0,0,0,0,0,0,0,0,0,4.149377593361e-07,0,0,NA,NA,1,0,0,-0.0113912133891213,0,0,NA,NA,NA,NA,-4.24734336105617e-08,NA,NA,NA,NA,"edge",1
102258,78,203,202,240,0.00301401894219734,1644,70,198,18.1107702762748,26,114.5,8.02450308966597e-05,108,81953,0.00186692372457384,18.1107702762748,21,114.5,16.7630546142402,45,25,22,0.00178947368421053,155.5,2.86307053941909e-05,0,0,0.0716514331125314,6.2030369293966,0.783185840707965,0.0707964601769911,0.146017699115044,0.467688284518828,0.0757772814906897,0.0659542034068628,12.2522963478449,3.81966810139363,11.7956639627153,3.77799435308981,7.6869337458544e-06,0.74697723394478,0.424751760478404,0.564214917942098,0.320828090594527,"edge",1
102005,174,155,156,240,0.00245118961963879,2916,65,174,28.3196045170126,26,325,9.24471295067203e-05,106,81785,0.00169957816225469,26.2488094968134,21,318.5,20.0997512422418,33,22,18,0.00147368421052632,381.5,5.72614107883817e-05,0,0,0.14751793878138,22.2854019547908,0.815356489945155,0.0493601462522852,0.135283363802559,1.32124476987448,0.109827654798382,0.0840993775826016,13.9585538710878,5.95995424825971,12.0422617138205,6.28545759954319,7.02789110878863e-06,0.68865811965812,0.170459930608445,0.514359362859363,0.12731667397509,"edge",1
102095,186,1,1,9,1.04769088928003e-05,1,1,1,0,1,2.7225,2.21505385715687e-11,0,81890,0,0,0,0,0,0,0,0,0,0,4.149377593361e-07,0,0,NA,NA,1,0,0,-0.0113912133891213,0,0,NA,NA,NA,NA,-4.24097185093103e-08,NA,NA,NA,NA,"edge",1
102133,102,49,23,84,0.000858569133213134,265,15,19,3.16227766016838,9,5.445,2.23481259547217e-06,0,82000,0,0,0,0,0,0,0,0,0,9.5,5.80912863070539e-06,0,0,0.073688402447379,46.7585036622856,1,0,0,-0.0113912133891213,0,0,NA,NA,NA,NA,-4.22495574041988e-08,NA,NA,NA,NA,"edge",1
102126,126,19,181,204,0.000354945575011832,176,7,178,2.23606797749979,5,5.445,2.51450748324424e-06,0,82085,0,0,0,0,0,0,0,0,0,10,4.9792531120332e-06,0,0,0.188945606758253,91.2685664648497,1,0,0,-0.0113912133891213,0,0,NA,NA,NA,NA,-4.15914554513919e-08,NA,NA,NA,NA,"edge",1
102042,198,190,60,240,0.00357539445264738,2185,64,90,29.1547594742265,37,193,2.79839794158739e-05,2,81947,8.54210648345882e-05,0,1,2.7225,5.65685424949238,5,1,2,0.000157894736842105,246,4.23236514522822e-05,0,0,0.0890696764136129,32.8759520124409,0.962025316455696,0.010126582278481,0.0278481012658228,4.5816495979051e-18,0,0.0236688462321857,5.65685424949238,0,NA,NA,3.15575584140678e-07,NA,NA,NA,NA,"edge",1
102271,222,52,71,240,0.00100282503149115,567,16,82,15.2970585407784,13,31,1.48053720073e-05,12,82146,0.000206948603705597,2.23606797749979,3,1,12,5,3,2,0,57,1.49377593360996e-05,0,0,0.081253911350133,19.9562438066657,1,0,0,-0.0072071129707113,0.00935593296025017,0.0502092050209205,11.5901699437495,0.579587223817622,11.3934466291663,0.532973603950572,8.23439698824619e-07,0.611111111111111,0.611111111111111,0.46011396011396,0.46011396011396,"edge",1
102305,102,31,31,60,0.000631936490382717,165,10,8,4.47213595499958,8,5.445,1.48383736068509e-06,0,81891,0,0,0,0,0,0,0,0,0,8,4.5643153526971e-06,0,0,0.166230336911237,124.713512990716,1,0,0,-0.0113912133891213,0,0,NA,NA,NA,NA,-1.2726269357345e-07,NA,NA,NA,NA,"edge",1
102234,78,50,177,240,0.000877513711151737,720,18,210,9.05538513813742,10,21.5,2.5448856396911e-05,21,82022,0.000341371827070786,7.07106781186548,6,3.5,15.6204993518133,7,7,4,0.000263157894736842,86.5,1.90871369294606e-05,0,0,0.0803376150979546,14.7082310770622,0.941333333333333,0.032,0.0266666666666667,0.00325313807531381,0.0295860577902321,0.0653577378736959,14.5716984506097,0.942057510274211,13.336591586228,1.52464608106635,1.30300024590343e-06,0.642063492063492,0.642063492063492,0.532539682539683,0.532539682539683,"edge",1
102255,126,28,36,204,0.000633227389520087,181,13,33,3.60555127546399,5,5.445,4.79916492879635e-06,0,82290,0,0,0,0,0,0,0,0,0,4,3.7344398340249e-06,0,0,0.23292390188031,44.3023268198199,1,0,0,-0.0113912133891213,0,0,NA,NA,NA,NA,-8.50038177339639e-08,NA,NA,NA,NA,"edge",1
102344,150,23,180,204,0.000501854413258749,178,10,168,2.23606797749979,5,5.445,2.86880902419103e-06,0,81947,0,0,0,0,0,0,0,0,0,5,3.3195020746888e-06,0,0,0.085575934163591,24.0932776851752,1,0,0,-0.0113912133891213,0,0,NA,NA,NA,NA,-4.21797072331829e-08,NA,NA,NA,NA,"edge",1
102017,126,56,143,240,0.000926806663252116,684,23,138,5.8309518948453,9,8.5,1.29761246307625e-05,6,82054,0.000109683866721915,1,2,5.445,9.21954445729289,3,2,1,0.000105263157894737,56.5,1.61825726141079e-05,0,0,0.0587275917064716,17.8590862925597,0.952173913043478,0.0173913043478261,0.0304347826086957,0.0113912133891213,0.00418410041841004,0.0385754998213092,NA,NA,8.24621125123532,0,4.16819072600819e-07,NA,NA,NA,NA,"edge",1
102164,126,1,1,239,2.70581072853954e-05,6,1,1,0,1,2.7225,7.80248298762663e-09,0,81862,0,0,0,0,0,0,0,0,0,1,1.2448132780083e-06,0,0,NA,NA,1,0,0,-0.0113912133891213,0,0,NA,NA,NA,NA,-4.2198850435796e-08,NA,NA,NA,NA,"edge",1
102102,66,42,20,240,0.000776722968807792,517,17,7,4.12310562561766,10,6.5,5.60967929746927e-06,14,81988,0.000207347416695126,2.82842712474619,2,5.445,4.12310562561766,3,2,2,0,20,1.03734439834025e-05,0,0,0.176965375148292,77.6996268608345,1,0,0,0,0.0076503226976828,0.0130673875548856,3.17958680155873,1.33433711733846,3.17958680155873,1.33433711733846,6.98374551062769e-07,NA,NA,NA,NA,"edge",1
101934,138,127,72,240,0.00212020197068484,1970,40,78,29.698484809835,28,138,4.16454473386219e-05,36,81851,0.000830777876873832,29.698484809835,13,138,14.8660687473185,32,10,10,0.000947368421052632,190,3.98340248962656e-05,0,0,0.221078189153124,51.246534448945,0.739549839228296,0.0771704180064309,0.183279742765273,0.566014644351464,0.124261442718975,0.0622011244657678,12.4261476686698,2.07922371101777,12.6779744221988,1.87645189714624,3.43399961588187e-06,0.533425677963493,0.169726352079293,0.326788022901468,0.103978007286831,"edge",1
102153,114,64,48,240,0.0011375172768081,1146,22,162,24.0416305603426,15,85,2.79520875126345e-05,22,82037,0.000402257517949218,24.0416305603426,6,83.5,15.1327459504216,11,6,4,0.000421052631578947,244.5,2.78008298755187e-05,0,0,0.0817402937086037,19.8395565849637,0.861167002012072,0.0462776659959759,0.0925553319919517,0.326589958158996,0.0964084960683791,0.0591328282444417,8.07350141983377,2.46808287919782,8.68555404325332,3.98414120659283,1.55708023510578e-06,0.694372294372294,0.202525252525253,0.530808080808081,0.154819023569024,"edge",1
102049,162,111,240,240,0.00232292274761627,923,40,236,16.4012194668567,17,79.5,2.08078240820217e-05,111,82224,0.00232292274761627,16.2788205960997,17,79.5,12.0415945787923,80,25,26,0.000526315789473684,138,2.28215767634855e-05,0,0,0.0749581555435834,19.3027530351283,0.950819672131147,0.00702576112412178,0.0421545667447307,0.321244769874477,0.0681122200673628,0.0503832409154489,8.85208518278182,2.2948227455395,8.80395291246168,2.35637723245291,9.63561398143489e-06,0.636927882385339,0.419793377026701,0.392342170243313,0.258589157660365,"edge",1
102068,54,159,144,240,0.00285224629697637,1299,47,138,41.1096095821889,24,142,3.11191672631148e-05,34,81918,0.000610366464025001,41.1096095821889,6,41,39.1152144312159,16,6,4,0.000157894736842105,308.5,2.69709543568465e-05,0,0,0.0996457820008163,20.9068578503879,0.966666666666667,0.00952380952380952,0.0238095238095238,0.16015690376569,0.17200673465351,0.163661985067849,29.3444389902956,18.2356391111771,38.1226087596512,0.632488442802114,2.51182638070307e-06,0.516796969117028,0.116696089800619,0.404152438313929,0.0912602280063711,"edge",1
102160,78,1,1,6,1.05133677470904e-05,1,1,1,0,1,2.7225,1.93203965414829e-09,0,82020,0,0,0,0,0,0,0,0,0,0,4.149377593361e-07,0,0,NA,NA,1,0,0,-0.0113912133891213,0,0,NA,NA,NA,NA,-4.2515296791209e-08,NA,NA,NA,NA,"edge",1
102249,186,17,23,33,0.000308022268869216,57,7,22,2.23606797749979,5,5.445,1.24516659564281e-07,0,82176,0,0,0,0,0,0,0,0,0,1,1.6597510373444e-06,0,0,NA,NA,1,0,0,-0.0113912133891213,0,0,NA,NA,NA,NA,-4.19055387137196e-08,NA,NA,NA,NA,"edge",1
102190,114,41,34,120,0.000858221764503948,258,18,30,4.47213595499958,8,5.445,1.91994701552695e-06,0,81638,0,0,0,0,0,0,0,0,0,9,4.9792531120332e-06,0,0,0.0486556236748848,30.7103392799459,1,0,0,-0.0113912133891213,0,0,NA,NA,NA,NA,-2.10078949349797e-07,NA,NA,NA,NA,"edge",1
102194,102,64,179,240,0.00107982189005229,805,28,175,11.7046999107196,14,27,1.490704445592e-05,15,81952,0.000268449824287388,1,2,5.445,4.12310562561766,7,3,3,0,47.5,1.53526970954357e-05,0,0,0.343618885601238,86.1931717715523,1,0,0,0.0113912133891213,0.00418410041841004,0.0172514879732957,3.80282963713457,0.554734284497063,3.80282963713457,0.554734284497063,9.55805106452701e-07,NA,NA,NA,NA,"edge",1
102338,174,38,167,240,0.000634486797793938,319,17,163,7.28010988928052,5,5.5,1.20163733491117e-05,5,82111,0.000133964998599457,6.70820393249937,2,5.445,5,6,3,3,0,34.5,8.29875518672199e-06,0,0,0.0658083268863594,11.0225262786726,1,0,0,0.0113912133891213,0.0280677988807505,0.0209205020920502,5,0,4.38742588672279,1.06100948759757,5.19053157657053e-07,NA,NA,NA,NA,"edge",1
102072,222,231,238,240,0.00408764096886823,3676,90,234,32.0156211871642,47,325.5,0.000129750901124971,211,81798,0.0037898237120712,32.0156211871642,35,325.5,24.3310501211929,99,44,35,0.003,391.5,6.59751037344398e-05,0,0,0.177070233771731,21.2945338855762,0.654255319148936,0.132978723404255,0.212765957446809,1.35053347280335,0.133956574004871,0.0958863454343924,15.0120617275687,6.45192651135234,13.6905667634213,6.35025872872911,1.57314134043503e-05,0.847214415737055,0.373085247297052,0.62767432730668,0.276407043217621,"edge",1
102043,186,137,83,240,0.00212664540021266,1167,38,78,15,20,77,1.58689069361744e-05,5,81648,8.57338820301783e-05,7.21110255092798,2,5.445,11.4017542509914,2,2,1,0.000157894736842105,128.5,2.53112033195021e-05,0,0,0.147990613129002,57.5792334331306,0.958860759493671,0.0253164556962025,0.0158227848101266,0.0113912133891213,0.0301719772005355,0.0477060847321815,NA,NA,8.25038688229208,4.45670647283456,3.16510104423861e-07,NA,NA,NA,NA,"edge",1
102068,102,1,1,2,1.03675288994868e-05,1,1,1,0,1,2.7225,1.46488794107007e-22,0,82262,0,0,0,0,0,0,0,0,0,0,4.149377593361e-07,0,0,NA,NA,1,0,0,-0.0113912133891213,0,0,NA,NA,NA,NA,-4.30073638928752e-08,NA,NA,NA,NA,"edge",1
102166,222,68,84,228,0.00117474302496329,803,21,78,8.48528137423857,14,29.5,1.35524016277391e-05,0,82203,0,0,0,0,0,0,0,0,0.000210526315789474,56,1.70124481327801e-05,0,0,0.193912853490138,59.4028539740352,0.957403651115619,0.0121703853955375,0.0304259634888438,-0.0113912133891213,0,0,NA,NA,NA,NA,-4.21452932010115e-08,NA,NA,NA,NA,"edge",1
102222,102,1,1,1,1.0064310946951e-05,1,1,1,0,1,2.7225,2.3990118167441e-08,0,81865,0,0,0,0,0,0,0,0,0,0,4.149377593361e-07,0,0,NA,NA,1,0,0,-0.0113912133891213,0,0,NA,NA,NA,NA,-4.21100876441465e-08,NA,NA,NA,NA,"edge",1
102101,174,83,132,240,0.00146120500706249,1164,25,126,9.8488578017961,13,20,2.72336142763985e-05,21,81988,0.00029272576474606,3.16227766016838,3,2,9.48683298050514,3,3,1,0.000315789473684211,58,1.99170124481328e-05,0,0,0.319266888979634,56.9658021413702,0.959367945823928,0.00677200902934537,0.0338600451467269,-0.00302301255230125,0.0132312872810392,0.0396938618431177,NA,NA,8.25188673694702,1.69101978725763,1.18263978478926e-06,0.685185185185185,0.513888888888889,0.560185185185185,0.420138888888889,"edge",1
101985,150,137,216,240,0.0022979514007725,1850,61,222,18.9736659610103,27,155.5,7.51598436157018e-05,121,81876,0.00210073770091358,18.6815416922694,26,155.5,15.2315462117278,51,27,21,0.00152631578947368,234.5,3.90041493775934e-05,0,0,0.086831648972977,10.5261949644861,0.795402298850575,0.0551724137931034,0.149425287356322,0.63923640167364,0.0781654464111691,0.0637303188775222,9.34418176647956,4.93665681111625,8.4894007213599,4.68266868187155,8.74689427277945e-06,0.638153246960547,0.304350010088876,0.492930418949095,0.235089892114184,"edge",1
102301,186,88,48,240,0.00156515572076644,765,35,54,14.8660687473185,16,35.5,1.19887892379686e-05,12,81966,0.000170802527877413,1.4142135623731,3,0.5,4.12310562561766,2,1,2,0.000105263157894737,66,1.74273858921162e-05,0,0,0.188108226501432,66.6552704694824,0.973809523809524,0.00238095238095238,0.0238095238095238,-0.00929916317991632,0.00591721155804643,0.0113342764152492,3.86432845054082,0.365966190626258,NA,NA,5.87934406877085e-07,0.412037037037037,0.412037037037037,0.333333333333333,0.333333333333333,"edge",1
102172,90,294,168,240,0.00520559019144323,4926,100,162,42.154477816716,51,632.5,0.00015490498567805,250,81780,0.00420640743458058,32.6955654485436,41,472.5,30.364452901378,94,43,39,0.00215789473684211,865,9.66804979253112e-05,0,0,0.110788320163264,16.6158400332229,0.779661016949153,0.0635593220338983,0.156779661016949,1.96559623430962,0.136801529073404,0.11196193148918,17.4117180904831,5.14129528110164,17.8122939088277,4.91366894571193,1.75575382626143e-05,0.678873865125208,0.179809834546677,0.506106326541343,0.134049783786626,"edge",1
102262,126,30,21,36,0.000434940928952905,105,11,19,2.23606797749979,4,5.445,1.40395871958034e-07,0,82243,0,0,0,0,0,0,0,0,0,4,3.3195020746888e-06,0,0,0.039699874253669,228.593197917102,1,0,0,-0.0113912133891213,0,0,NA,NA,NA,NA,-8.39152928824141e-08,NA,NA,NA,NA,"edge",1
102245,126,72,190,240,0.00130443263275955,1025,24,66,13.0384048104053,13,52.5,2.18016358214248e-05,24,82233,0.000449941021244513,7.28010988928052,6,9.5,7.07106781186548,13,6,4,0.000473684210526316,104,2.11618257261411e-05,0,0,0.0996457964353972,23.6124109082492,0.891891891891892,0.027027027027027,0.0810810810810811,0.0283577405857741,0.0304607108338097,0.0295860577902321,4.32678394734132,2.58945056541074,3.62022489195639,2.33939438273908,1.84029760121637e-06,0.805092592592593,0.536728395061728,0.595125272331155,0.396750181554103,"edge",1
102109,174,1,1,28,2.70782561603033e-05,2,1,1,1,2,5.445,2.70711080342337e-09,0,82040,0,0,0,0,0,0,0,0,0,0,4.149377593361e-07,0,0,NA,NA,1,0,0,-0.0113912133891213,0,0,NA,NA,NA,NA,-4.24411216441487e-08,NA,NA,NA,NA,"edge",1
102026,78,203,204,240,0.00350031209076334,1507,57,198,25.8069758011279,36,260.5,7.13057555784665e-05,72,82111,0.00131529271352194,25.8069758011279,16,243.5,17.4928556845359,36,18,18,0.00115789473684211,297,2.9045643153527e-05,0,0,0.111589226711351,10.7511311201138,0.889830508474576,0.0317796610169492,0.0783898305084746,1.00743723849372,0.107978978247397,0.0731918647888531,9.32602554945358,2.79131482951402,9.3716164531227,2.70196541755287,5.46121221413114e-06,0.732399267399267,0.11181668204569,0.503596542346542,0.076884968297182,"edge",1
102077,54,165,204,240,0.00293151253832342,2605,62,174,37.0135110466435,34,489.5,0.000101626322030565,107,81921,0.0019164805117125,36.4005494464026,14,145,21.4709105535839,50,21,18,0.00142105263157895,519.5,4.73029045643154e-05,0,0,0.127545111840449,14.4338002491253,0.83363802559415,0.0347349177330896,0.131627056672761,0.595303347280335,0.152303554169049,0.0898364458308949,15.4304095398476,5.64250833764366,15.3738260311625,4.99276945409345,7.97655912313116e-06,0.726590990708638,0.242196996902879,0.56349506049506,0.187831686831687,"edge",1
102137,54,180,84,240,0.00343617487936833,3514,59,78,31.4006369362152,35,347,0.000101238501897156,65,81697,0.00127299656046122,31.4006369362152,12,314,24.8394846967484,39,12,11,0.00110526315789474,516,6.84647302904564e-05,0,0,0.226546330893251,37.2675104662864,0.781395348837209,0.0511627906976744,0.167441860465116,1.30241631799163,0.13138341814316,0.103930898312755,9.79086875979902,4.4218523065827,13.2866860980605,6.58902441653935,5.2423442282828e-06,0.766616646658663,0.114176947374695,0.509750566893424,0.0759202971968929,"edge",1
102159,54,64,226,240,0.00109895929878452,685,25,222,10.4403065089106,11,23,2.86116911057968e-05,50,81987,0.000890385061046263,9.05538513813742,10,23,8.94427190999916,23,12,10,0.000684210526315789,46.5,1.28630705394191e-05,0,0,0.16414753032551,17.7638692924276,0.838815789473684,0.0526315789473684,0.108552631578947,0.0848430962343096,0.0378886407453448,0.0374237318410007,6.51202619691734,1.69755209727361,6.5869626194298,1.6332644779096,3.64087683617619e-06,0.797115384615385,0.575694444444444,0.586217948717949,0.42337962962963,"edge",1
102103,150,67,84,96,0.00104826913700634,293,18,78,18.0277563773199,11,36.5,2.19693067200654e-06,0,82026,0,0,0,0,0,0,0,0,0,36.5,5.80912863070539e-06,0,0,0.0383041626820703,24.7596090430451,1,0,0,-0.0113912133891213,0,0,NA,NA,NA,NA,-8.41016757300936e-08,NA,NA,NA,NA,"edge",1
102249,30,86,106,240,0.00115863180696187,664,30,102,10.295630140987,9,22.5,1.2465108454864e-05,5,82130,0.000109582369414343,0,1,2.7225,5.09901951359278,4,1,1,0,54,1.32780082987552e-05,0,0,0.178799305399376,46.4956713696721,1,0,0,0,0,0.0213348096803045,NA,NA,NA,NA,3.74019878473496e-07,NA,NA,NA,NA,"edge",1
102280,126,85,84,240,0.00153724150552065,998,28,90,17,16,33.5,2.42279374346948e-05,70,82218,0.00117979031355664,17,10,31,14.7648230602334,27,10,12,0.000473684210526316,91.5,2.36514522821577e-05,0,0,0.087949527452772,19.7273269279524,0.938095238095238,0.0214285714285714,0.0404761904761905,0.11831589958159,0.0711297071129707,0.0617775023440728,11.1063528382069,4.69803749742222,11.0294614662199,4.68460596767888,4.85199917877581e-06,0.688542409970981,0.419112771286684,0.495408163265306,0.301552795031056,"edge",1
102033,222,51,48,192,0.000950848449385606,457,17,19,10.295630140987,12,31.5,4.45967624360693e-06,0,81852,0,0,0,0,0,0,0,0,0,44.5,1.20331950207469e-05,0,0,0.0667140178504865,43.9419779800207,1,0,0,-0.0227824267782427,-0.00418410041841004,-0.00418410041841004,NA,NA,NA,NA,-1.68139138163334e-07,NA,NA,NA,NA,"edge",1
102095,138,114,179,240,0.00199164243298062,1610,36,174,30.4795013082563,24,185.5,4.65299698529186e-05,29,81700,0.000514075887392901,30.4795013082563,7,94.5,16.6433169770932,13,9,8,0.000736842105263158,289.5,3.69294605809129e-05,0,0,0.058144784695601,11.0171389413681,0.899550224887556,0.0299850074962519,0.0704647676161919,0.384006276150628,0.127529294176805,0.0696373095275868,13.7552467824131,4.58795764769502,13.4562382694138,4.2919527130853,2.10905847489095e-06,0.784090909090909,0.166827852998066,0.539350649350649,0.114755457308649,"edge",1
102310,222,20,12,48,0.000357433381812804,73,8,5,3,4,5.445,2.37944207237174e-07,0,82052,0,0,0,0,0,0,0,0,0,0,1.6597510373444e-06,0,0,NA,NA,1,0,0,0,-0.00836820083682008,-0.00418410041841004,NA,NA,NA,NA,-1.68853302867695e-07,NA,NA,NA,NA,"edge",1
102103,66,1,1,11,1.15372190687157e-05,1,1,1,0,1,2.7225,1.38970850227512e-12,0,82096,0,0,0,0,0,0,0,0,0,0,4.149377593361e-07,0,0,NA,NA,1,0,0,-0.0113912133891213,0,0,NA,NA,NA,NA,-4.20098839174486e-08,NA,NA,NA,NA,"edge",1
102143,114,74,239,240,0.00144613159797542,464,31,234,11.1803398874989,11,34.5,3.22016392433442e-05,74,81597,0.00144613159797542,11.1803398874989,10,32,7.07106781186548,44,13,13,0.000315789473684211,32.5,9.95850622406639e-06,0,0,0.0800894310848387,5.9241498381828,0.948126801152738,0.0230547550432277,0.0288184438040346,0.1225,0.0467796648012508,0.0295860577902321,4.97311720996546,1.67046320440593,5.14238145556619,1.53370109405419,6.00791233239924e-06,0.782193432928727,0.533313704269587,0.55020870741459,0.375142300509948,"edge",1
102169,126,176,239,240,0.00259464155084126,1784,59,234,27.6586333718787,20,343,4.28121046493431e-05,170,81759,0.00256852456610281,25.0798724079689,18,228,30.1496268633627,40,25,15,0.000684210526315789,551.5,4.10788381742739e-05,0,0,0.0836855234629988,19.1270302609995,0.864864864864865,0.0594594594594595,0.0756756756756757,0.942583682008368,0.104936704635853,0.126149066373902,20.8609852616529,4.40202395573845,21.3085186539875,3.89805410491697,1.05365349898253e-05,0.823705338778868,0.137284223129811,0.700731417275535,0.116788569545922,"edge",1
102412,126,104,226,240,0.00171905098632074,1281,39,210,21.095023109729,18,91.5,5.20846880513226e-05,74,81820,0.00120997311170863,13.4536240470737,13,43.5,14.422205101856,25,14,13,0.00136842105263158,122,2.40663900414938e-05,0,0,0.0955980033592152,10.7578942108718,0.807439824945295,0.0590809628008753,0.133479212253829,0.170617154811715,0.0562913140044925,0.0603439544010709,8.35239688761729,2.84439596710757,8.15549207704435,2.79878113220375,4.93444524993685e-06,0.826945465686274,0.630053688141923,0.593566441728206,0.452241098459586,"edge",1
102476,102,402,227,240,0.00672328814267629,4897,131,222,34.5398320783411,76,584,0.000248337344569769,171,81863,0.00293172739821409,34.5398320783411,38,584,18.8679622641132,69,38,36,0.00536842105263158,884.5,1e-04,0,0,0.105163574790956,10.2894395964962,0.548954895489549,0.0935093509350935,0.357535753575358,2.43212343096234,0.1445181258508,0.0789454488038209,13.4827162875264,3.56886942627323,13.086800819089,3.40886952893708,1.21387632983616e-05,0.642270613547209,0.162294187294187,0.488894911235337,0.123537961441187,"edge",1
102025,174,60,168,240,0.000949424867628264,1176,20,186,16.1554944214035,12,49,3.58944127079683e-05,57,82155,0.000949424867628264,10.816653826392,12,21.5,20.0249843945008,21,13,12,0.000421052631578947,180,2.98755186721992e-05,0,0,0.114818280127582,23.1946267038179,0.907563025210084,0.0420168067226891,0.0504201680672269,0.0785669456066946,0.0452579658008032,0.0837865455836853,16.4405589794199,2.75509850229088,16.7895590528656,2.29926054298662,3.93071648860377e-06,0.820050125313283,0.521850079744817,0.611166308628715,0.388924014581909,"edge",1
102253,234,129,203,240,0.00231575078110641,1902,37,150,19.4164878389476,29,146,7.17859916341965e-05,78,82338,0.00134810172702762,14.0356688476182,15,89.5,9.05538513813742,33,15,13,0.000526315789473684,196,3.81742738589212e-05,0,0,0.125462962659452,16.1071710547735,0.948616600790514,0.0138339920948617,0.0375494071146245,0.363085774058577,0.0587266478979841,0.0378886407453448,7.00066263890948,0.907349345176188,6.85233839722064,1.21543282559973,5.51371364728146e-06,0.602121781727045,0.286007846320346,0.439306599832916,0.208670634920635,"edge",1
102125,78,252,191,240,0.00408000455866431,3909,90,186,40.3112887414927,36,394.5,0.000159563603751533,184,81522,0.00334878928387429,32.6955654485436,36,255.5,29.6141857899217,89,38,35,0.00242105263157895,710.5,7.17842323651452e-05,0,0,0.14087214950167,15.3352544969453,0.715686274509804,0.0637254901960784,0.220588235294118,1.05764644351464,0.136801529073404,0.123908727154484,18.6955237641071,6.77736000028923,17.8302843216902,7.12262576524127,1.39695334149222e-05,0.734477267901181,0.29125822692633,0.535074134802396,0.212184570697502,"edge",1
102254,90,12,11,24,0.000246278121883043,27,6,8,1.4142135623731,3,5.445,6.77772534245292e-08,0,81913,0,0,0,0,0,0,0,0,0,0,8.29875518672199e-07,0,0,NA,NA,1,0,0,-0.0113912133891213,0,0,NA,NA,NA,NA,-8.52158944686363e-08,NA,NA,NA,NA,"edge",1
102036,162,115,72,240,0.00216705827925833,1196,43,54,16.7630546142402,22,59.5,1.92914225519967e-05,42,81802,0.000782376958998558,2.82842712474619,5,2,5.09901951359278,22,6,7,0.000157894736842105,80.5,2.24066390041494e-05,0,0,0.218906694672697,60.1743382617592,0.955172413793103,0.0103448275862069,0.0344827586206897,-0.00302301255230125,0.0118344231160928,0.0213348096803045,4.64400817856024,0.414792370200495,4.73082527071734,0.378352625906968,3.18891903366394e-06,0.781940281940282,0.781940281940282,0.493818681318681,0.493818681318681,"edge",1
102124,186,175,228,240,0.00295496727556901,1265,59,222,10.4403065089106,21,43.5,4.52787328115399e-05,97,81973,0.00165908286874947,10.4403065089106,17,43.5,12.0415945787923,39,21,18,0.00226315789473684,102.5,2.82157676348548e-05,0,0,0.104785135290794,15.0066039695771,0.746794871794872,0.0512820512820513,0.201923076923077,0.170617154811715,0.0436832908322617,0.0503832409154489,9.16482095493298,2.07377211795295,8.78275517952875,1.91216422654646,6.89989021113357e-06,0.709147186147186,0.656617764951098,0.525032467532468,0.486141173641174,"edge",1
102068,162,121,237,240,0.00214299629846094,1987,55,234,18.1107702762748,20,92,5.45318075504367e-05,115,82128,0.00214299629846094,18.1107702762748,17,80.5,19.2353840616713,61,23,21,0.00105263157894737,162.5,3.90041493775934e-05,0,0,0.14294315470348,24.8039271045978,0.845283018867925,0.0339622641509434,0.120754716981132,0.325428870292887,0.0757772814906897,0.0804827785007169,14.9345401107048,4.15421319455757,15.4809440144598,3.610770288549,8.88090526787598e-06,0.757548673046411,0.579301926447255,0.549412126335203,0.420138684844567,"edge",1
102166,90,5,12,12,8.63504595078024e-05,10,3,3,1,2,5.445,5.26920615178118e-08,0,82330,0,0,0,0,0,0,0,0,0,0,4.149377593361e-07,0,0,NA,NA,1,0,0,-0.0113912133891213,0,0,NA,NA,NA,NA,-8.44649989080787e-08,NA,NA,NA,NA,"edge",1
102260,186,7,24,24,0.000134265870836232,21,3,13,1.4142135623731,3,5.445,3.84928829427698e-08,0,82041,0,0,0,0,0,0,0,0,0,0.5,1.2448132780083e-06,0,0,NA,NA,1,0,0,-0.0113912133891213,0,0,NA,NA,NA,NA,-4.22333520244072e-08,NA,NA,NA,NA,"edge",1
102218,186,15,24,240,0.000280074524177738,88,5,237,2.23606797749979,4,5.445,1.17297731245401e-06,10,82121,0.000280074524177738,2.23606797749979,4,1,3,13,3,3,0,3,2.9045643153527e-06,0,0,0.0252896464838856,15.2788553653729,1,0,0,-0.0072071129707113,0.00935593296025017,0.0125523012552301,2.21676051329096,0.793069505195471,2.4120226591666,0.522704541304503,1.04659371699022e-06,0.567460317460317,0.567460317460317,0.327380952380952,0.327380952380952,"edge",1
102317,42,139,179,240,0.00234395028872096,2628,60,150,28.8444102037119,28,277,8.0995043063421e-05,54,81711,0.000979060346832128,27.7308492477241,12,273,27.7848879788996,26,11,10,0.00147368421052632,505.5,4.73029045643154e-05,0,0,0.110398191014513,15.6937618290731,0.821969696969697,0.0246212121212121,0.153409090909091,1.13086820083682,0.116028657940268,0.11625476141799,10.7304922475782,9.28897411658116,12.0169225146474,8.86864874739415,4.0117832738531e-06,0.71818970503181,0.0924402590635003,0.542328825021133,0.0698047002502448,"edge",1
102015,222,93,203,240,0.00156055692375216,960,29,198,13.0384048104053,12,27.5,2.30153301689921e-05,37,81912,0.000598202949506788,6.70820393249937,4,12,14.3178210632764,12,5,5,0.000210526315789474,88,1.95020746887967e-05,0,0,0.124971075723868,25.1328215942674,0.984682713347921,0.00218818380743982,0.0131291028446389,0.0388179916317992,0.0280677988807505,0.0599072011015747,14.019119762712,0.574761992847671,13.019119762712,2.80680436710545,2.46111526448224e-06,0.703703703703704,0.469135802469136,0.570101752822341,0.380067835214894,"edge",1
102376,126,47,37,120,0.000816401775015472,211,16,30,7.07106781186548,10,11.5,2.04786682174051e-06,0,82338,0,0,0,0,0,0,0,0,0,21.5,7.88381742738589e-06,0,0,0.0377351698910836,35.4925345380139,1,0,0,-0.0113912133891213,-9.35394612882747e-19,0,NA,NA,NA,NA,-4.23878068930202e-08,NA,NA,NA,NA,"edge",1
102288,126,176,202,240,0.0028921484880287,1939,69,198,32.5269119345812,28,195,7.94195414286316e-05,99,82237,0.00169023675474543,31.1448230047949,23,186,23.7065391822594,40,24,20,0.000947368421052632,280.5,3.7344398340249e-05,0,0,0.0814927833773559,9.33456015514396,0.822822822822823,0.036036036036036,0.141141141141141,0.766851464435146,0.130313066965669,0.0991905405115456,13.9859980287132,7.12976408710117,14.4958604436892,7.24383011807768,6.90521195582038e-06,0.600514352943503,0.138171444040098,0.455487556752739,0.104802446686471,"edge",1
102144,150,19,129,132,0.0002960837233667,48,9,126,5,4,5.445,2.51589696833361e-07,0,82211,1.21638223595383e-05,0,1,2.7225,2,1,0,1,0,0.5,1.2448132780083e-06,0,0,NA,NA,1,0,0,0,9.28654531451231e-19,0.00836820083682008,NA,NA,NA,NA,8.89109627062946e-09,NA,NA,NA,NA,"edge",1
102062,210,129,36,240,0.00224669711104056,770,38,42,9.21954445729289,20,32,9.60452375036478e-06,25,82049,0.000390010847176687,1.4142135623731,3,0.5,2.23606797749979,7,4,3,0,52.5,1.32780082987552e-05,0,0,0.125852592625355,42.3393734839778,1,0,0,-0.0206903765690377,0.00173311113963638,0.00517183254184012,1.4120226591666,0.71364417954618,1.55901699437495,0.652652037204211,1.54686317528634e-06,1,1,0.825854700854701,0.825854700854701,"edge",1
102304,114,10,11,161,0.000161630964182578,20,4,6,1.4142135623731,3,5.445,1.83846438816962e-08,0,82015,0,0,0,0,0,0,0,0,0,0.5,1.2448132780083e-06,0,0,NA,NA,1,0,0,-0.0113912133891213,0,0,NA,NA,NA,NA,-8.48822432882974e-08,NA,NA,NA,NA,"edge",1
102132,210,56,71,240,0.00105012516026619,1053,16,178,16.1245154965971,12,104,3.83733874006025e-05,35,81992,0.00048785247341204,15.0332963783729,4,65.5,9.48683298050514,5,8,3,0.001,158.5,2.32365145228216e-05,0,0,0.162845190959634,24.0421712227753,0.911688311688312,0.0337662337662338,0.0545454545454545,0.262667364016736,0.0629008216668323,0.0396938618431177,8.11961025604826,2.36809922402206,7.76440921764209,1.63495723001971,1.99888397149063e-06,0.958333333333333,0.348484848484849,0.802083333333333,0.291666666666667,"edge",1
102255,222,8,12,24,0.000222995825022609,41,7,10,0,1,2.7225,3.95515704881805e-07,0,82038,0,0,0,0,0,0,0,0,0,0,8.29875518672199e-07,0,0,NA,NA,1,0,0,-0.0113912133891213,0,-0.00418410041841004,NA,NA,NA,NA,-4.19744830401682e-08,NA,NA,NA,NA,"edge",1
102276,102,159,192,240,0.00289872723951038,2428,51,174,25.4950975679639,28,266,0.000106143013256085,154,81823,0.00261540153746502,23.3452350598575,28,239.5,13.1529464379659,60,28,25,0.00152631578947368,346.5,4.89626556016597e-05,0,0,0.120038737472278,13.3073595550146,0.865828092243187,0.0482180293501048,0.0859538784067086,0.990700836820084,0.0976788077818306,0.055033248694418,9.12681859345604,3.02441150648649,8.76474907600121,2.76898739194732,1.0858260871502e-05,0.721175390266299,0.235631563156316,0.509764091127727,0.166556584229852,"edge",1
102269,198,76,227,240,0.00139280870871972,708,22,217,10.816653826392,18,47,2.49331276652872e-05,57,81743,0.000966443609850385,10.816653826392,13,30.5,7.07106781186548,22,14,11,0.001,70.5,1.78423236514523e-05,0,0,0.0806334671652631,12.8688289611381,0.822368421052632,0.0526315789473684,0.125,0.116223849372385,0.0452579658008032,0.0295860577902321,4.3636102906979,1.32468704002377,4.63866161444358,1.53821719916841,3.95912455494711e-06,0.854960317460317,0.704084967320261,0.639393939393939,0.526559714795009,"edge",1
102139,222,71,95,240,0.00103004291845494,730,30,90,12.2065556157337,9,25.5,1.52000038281497e-05,2,82062,6.09295410786966e-05,1,2,5.445,5,3,2,1,0.000263157894736842,40,1.32780082987552e-05,0,0,0.183853997316527,39.1710073112627,0.972906403940887,0.00738916256157635,0.0197044334975369,0.0113912133891213,0.00418410041841004,0.0209205020920502,NA,NA,4.5,0.707106781186548,2.13051173467607e-07,NA,NA,NA,NA,"edge",1
102067,18,204,156,240,0.00370709103103469,2772,63,162,30.0832179129826,31,246.5,8.84107118252972e-05,34,82033,0.000609510806626602,11.7046999107196,9,45.5,17.4928556845359,16,8,8,0.000736842105263158,364.5,5.4356846473029e-05,0,0,0.142235967512127,21.1491434801006,0.8828125,0.0078125,0.109375,0.178985355648536,0.048973639793806,0.0731918647888531,11.9269875685939,3.62482985430943,11.1379230939643,2.84286960716746,2.46481317745843e-06,0.725925925925926,0.435555555555556,0.531084656084656,0.318650793650794,"edge",1
102218,78,49,191,240,0.000964673415310222,396,17,153,9,9,19,1.37814045936802e-05,1,82258,1.21568722798998e-05,0,1,2.7225,3.16227766016838,0,1,0,0.000157894736842105,25.5,7.05394190871369e-06,0,0,0.576390257536655,70.5136400390322,0.973076923076923,0.0153846153846154,0.0115384615384615,0,0,0.0132312872810392,NA,NA,NA,NA,8.90750720132153e-09,NA,NA,NA,NA,"edge",1
101979,90,494,240,240,0.00855538940504498,4011,159,234,35.4400902933387,75,452,0.00018469554196215,494,81586,0.00855538940504498,35.4400902933387,75,452,18.6815416922694,204,94,85,0.00436842105263158,437,7.38589211618257e-05,0,0,0.090706031938691,8.67688557400153,0.541825095057034,0.142585551330798,0.315589353612167,1.8684309623431,0.144100796206438,0.073981345992759,11.7185451164233,3.68787351638524,11.449216640171,3.63236822935098,3.56705812682731e-05,0.77695450589042,0.368964696861204,0.564319206625669,0.267987203146437,"edge",1
102238,162,0,1,-Inf,0,1,1,1,0,0,0,1.14502817193325e-08,0,82061,0,0,0,0,0,0,0,0,0,0,4.149377593361e-07,0,0,NA,NA,1,0,0,0,0,0,NA,NA,NA,NA,0,NA,NA,NA,NA,"edge",1
102297,174,43,216,240,0.000660081030636864,136,16,212,2.23606797749979,4,5.445,5.0560981925069e-06,7,81814,0.000134451316400616,2,3,0,4,4,3,2,0.000210526315789474,2.5,2.4896265560166e-06,0,0,0.268616942160046,32.1999581208059,0.967828418230563,0.00536193029490617,0.0268096514745308,-0.0113912133891213,0.00836820083682008,0.0167364016736402,3.5,0.707106781186548,3,1,4.78416388683335e-07,NA,NA,NA,NA,"edge",1
102307,138,49,47,240,0.000845173374754443,546,21,30,8.48528137423857,6,21,8.68787043033595e-06,15,82033,0.000341326051710897,8.48528137423857,5,21,8.06225774829855,13,5,4,0,51,1.03734439834025e-05,0,0,0.0436840277765168,12.713536455108,1,0,0,0.0764748953974895,0.0355032693482785,0.0337332960179856,4.63654113375433,3.26649380120931,5.32168445666317,3.217078360817,1.30223923543969e-06,0.500555555555556,0.192521367521368,0.265833333333333,0.10224358974359,"edge",1
102265,66,22,60,60,0.000426933398389851,80,7,47,1.4142135623731,3,5.445,5.89713372183174e-07,0,82364,0,0,0,0,0,0,0,0,0,1,1.6597510373444e-06,0,0,NA,NA,1,0,0,-0.0113912133891213,0,0,NA,NA,NA,NA,-8.41295777216802e-08,NA,NA,NA,NA,"edge",1
102108,42,1,1,3,1.03336743445867e-05,1,1,1,0,1,2.7225,1.18343945591122e-11,0,82057,0,0,0,0,0,0,0,0,0,0,4.149377593361e-07,0,0,NA,NA,1,0,0,-0.0113912133891213,0,0,NA,NA,NA,NA,-4.25455586350976e-08,NA,NA,NA,NA,"edge",1
102303,222,99,228,240,0.00167599800823425,382,26,222,7,13,15,1.37912536382197e-05,42,82135,0.000791380045047787,5.8309518948453,9,11,6.70820393249937,23,11,10,0.00110526315789474,22.5,7.88381742738589e-06,0,0,0.208755771532655,27.3215078671554,0.742105263157895,0.0473684210526316,0.210526315789474,0.0346338912133891,0.024397288262951,0.0238836984623405,5.64692032128646,0.950023909080409,5.25466748869861,0.909569426451454,3.26895249829334e-06,0.743589743589744,0.644444444444444,0.500444000444,0.433718133718134,"edge",1
102093,102,120,226,240,0.0019890905097197,1460,39,174,35.4682957019364,17,215.5,5.84431780608463e-05,57,82012,0.00101204701750963,34.7131099154196,16,135,30.6104557300279,26,15,13,0.00136842105263158,460.5,3.11203319502075e-05,0,0,0.152788438269288,19.5595215663204,0.685512367491166,0.123674911660777,0.190812720848057,0.553462343096234,0.145243137721421,0.128077220627732,19.3813327793755,9.93198207826769,18.9001866941449,10.3604472597092,4.10777047453784e-06,0.665834818775995,0.136375806255324,0.483346065699007,0.0989985917696761,"edge",1
102177,222,1,1,5,1.03690339171099e-05,1,1,1,0,1,2.7225,2.98979555322213e-14,0,82044,0,0,0,0,0,0,0,0,0,0,4.149377593361e-07,0,0,NA,NA,1,0,0,-0.0113912133891213,0,0,NA,NA,NA,NA,-4.19984985536767e-08,NA,NA,NA,NA,"edge",1
102000,126,49,166,228,0.00108474217530492,450,19,162,7.21110255092798,12,13.5,1.54594231080354e-05,0,82121,0,0,0,0,0,0,0,0,0.000105263157894737,31.5,1.07883817427386e-05,0,0,0.198964494050172,33.9028020486214,0.960655737704918,0,0.039344262295082,-0.0113912133891213,0,0,NA,NA,NA,NA,-1.66818520175428e-07,NA,NA,NA,NA,"edge",1
102062,126,0,1,-Inf,0,1,1,1,0,0,0,2.42116245900212e-08,0,81652,0,0,0,0,0,0,0,0,0,0,4.149377593361e-07,0,0,NA,NA,1,0,0,0,0,0,NA,NA,NA,NA,0,NA,NA,NA,NA,"edge",1
102302,186,15,180,180,0.000303737182290907,65,9,165,1,2,5.445,2.09334429270828e-06,0,81775,0,0,0,0,0,0,0,0,0,3,2.0746887966805e-06,0,0,NA,NA,1,0,0,-0.0113912133891213,0,0,NA,NA,NA,NA,-2.09355757065589e-07,NA,NA,NA,NA,"edge",1
102507,66,25,190,192,0.000353058233211011,41,6,186,1,2,5.445,3.42240727695851e-07,0,81995,0,0,0,0,0,0,0,0,0,0.5,1.2448132780083e-06,0,0,NA,NA,1,0,0,-0.0113912133891213,0,0,NA,NA,NA,NA,-4.20352068396998e-08,NA,NA,NA,NA,"edge",1
102299,150,21,35,238,0.00036689618061076,72,6,36,2.82842712474619,5,2.7225,3.55619412180931e-07,0,81869,1.22146355763476e-05,0,1,2.7225,3.60555127546399,1,0,1,0,3.5,2.9045643153527e-06,0,0,0.049823236581121,99.2635443987957,1,0,0,0,0,0.0150859886002677,NA,NA,NA,NA,9.09020617845959e-09,NA,NA,NA,NA,"edge",1
102072,90,3,239,240,0.000146238026761559,14,3,236,1,2,5.445,2.28644835623891e-12,3,82058,0.000146238026761559,1,2,5.445,1,9,2,1,0,0,8.29875518672199e-07,0,0,NA,NA,1,0,0,0.0113912133891213,0.00418410041841004,0.00418410041841004,NA,NA,0.5,0.707106781186548,5.6989252504163e-07,NA,NA,NA,NA,"edge",1
102177,162,94,72,240,0.00168387144007614,985,28,66,10.770329614269,17,30.5,2.67259975626992e-05,13,82162,0.000255592609722256,8.06225774829855,5,15.5,6.40312423743285,8,5,3,0.000315789473684211,50.5,1.82572614107884e-05,0,0,0.201233894260726,33.5170530865484,0.857142857142857,0.0154440154440154,0.127413127413127,0.0534623430962343,0.0337332960179856,0.0267913148009743,4.54942989821708,2.7302072085856,3.69534336387949,2.27608145258244,9.42028122524348e-07,0.512698412698413,0.427248677248677,0.403968253968254,0.336640211640212,"edge",1
102197,126,58,213,240,0.00082461786001609,408,15,30,6.70820393249937,10,14.5,1.52539700912307e-05,21,81906,0.0003662735330745,5.65685424949238,7,9,5,9,7,7,0.000210526315789474,26.5,9.95850622406639e-06,0,0,0.208195880637735,33.1757192956424,0.95531914893617,0.0127659574468085,0.0319148936170213,0.0376569037656904,0.0236688462321857,0.0209205020920502,2.95153588037493,1.47303833555091,2.95153588037493,1.47303833555091,1.53252524298954e-06,0.529476475905047,0.529476475905047,0.37341428412857,0.37341428412857,"edge",1
102160,138,1,1,2,1.00816614578082e-05,1,1,1,0,1,2.7225,1.56794869206774e-10,0,81598,0,0,0,0,0,0,0,0,0,0,4.149377593361e-07,0,0,NA,NA,1,0,0,-0.0113912133891213,0,0,NA,NA,NA,NA,-4.1847699816071e-08,NA,NA,NA,NA,"edge",1
102285,174,38,71,240,0.000868480281827967,298,15,71,8.06225774829855,7,19,2.88933459130094e-06,14,82031,0.00023161975350782,0,1,2.7225,1.4142135623731,5,2,2,0,27.5,6.63900414937759e-06,0,0,0.0831827689251881,46.7714889350439,1,0,0,0,9.48121238058279e-19,0.00591721155804643,1.4142135623731,0,1.4142135623731,0,8.84152739897099e-07,NA,NA,NA,NA,"edge",1
102169,102,12,142,144,0.000269126318107308,56,8,130,1.4142135623731,3,5.445,4.61226267820721e-07,0,82195,0,0,0,0,0,0,0,0,0,2,2.0746887966805e-06,0,0,NA,NA,1,0,0,-0.0113912133891213,0,0,NA,NA,NA,NA,-4.21486896183141e-08,NA,NA,NA,NA,"edge",1
102169,138,1,1,2,1.01335603250846e-05,1,1,1,0,1,2.7225,1.71480436369605e-08,0,82125,0,0,0,0,0,0,0,0,0,0,4.149377593361e-07,0,0,NA,NA,1,0,0,-0.0113912133891213,0,0,NA,NA,NA,NA,-4.20360514628882e-08,NA,NA,NA,NA,"edge",1
102226,138,60,167,240,0.00109915609237796,997,23,174,23.4093998214393,12,72,3.33894988260536e-05,39,82047,0.000621594939485904,6.08276253029822,6,5.5,18.6010752377383,12,8,4,0.000263157894736842,137.5,1.95020746887967e-05,0,0,0.171459249921785,23.7705703342816,0.888888888888889,0.0277777777777778,0.0833333333333333,0.0116213389121339,0.0254508892481097,0.0778287666850974,16.3407265617095,2.15426876547964,16.780343899385,1.61954442214001,2.51599191053176e-06,0.991071428571429,0.991071428571429,0.762445887445887,0.762445887445887,"edge",1
102163,78,1,1,3,1.02662026343076e-05,1,1,1,0,1,2.7225,2.31276909896809e-15,0,82182,0,0,0,0,0,0,0,0,0,0,4.149377593361e-07,0,0,NA,NA,1,0,0,-0.0113912133891213,0,0,NA,NA,NA,NA,-4.22380417768024e-08,NA,NA,NA,NA,"edge",1
102085,66,34,24,48,0.000575071272131067,131,11,18,4.12310562561766,6,5.445,6.80787761664289e-07,0,82101,0,0,0,0,0,0,0,0,0,4.5,3.3195020746888e-06,0,0,0.445307904030056,529.221835697617,1,0,0,-0.0227824267782427,-0.00418410041841004,-0.00418410041841004,NA,NA,NA,NA,-1.67669174634236e-07,NA,NA,NA,NA,"edge",1
102576,222,39,57,240,0.000620604054613157,340,13,54,21.540659228538,5,61,3.18263847843776e-06,2,82259,4.86268979686113e-05,0,1,2.7225,7,2,1,1,0,98,6.22406639004149e-06,0,0,0.12729776201526,60.7616848513343,1,0,0,0,-2.63645564329832e-18,0.0292887029288703,NA,NA,NA,NA,1.6135863460102e-07,NA,NA,NA,NA,"edge",1
102122,234,150,156,240,0.00274842728882917,1838,43,153,25.8069758011279,28,155.5,4.82647906757758e-05,24,82253,0.000401201171993727,1.4142135623731,4,1,15.6524758424985,9,6,5,0.000578947368421053,301,4.10788381742739e-05,0,0,0.113995290215576,23.6598804903419,0.924342105263158,0.0197368421052632,0.0559210526315789,-0.0072071129707113,0.00591721155804642,0.0654915307217512,14.9462978475939,0.51012333191342,14.9938392416162,0.47089463352588,1.63612865115833e-06,0.85,0.85,0.65462962962963,0.65462962962963,"edge",1
102166,114,123,94,225,0.00211717466691002,1889,44,114,22.2036033111745,22,89,4.51955552505652e-05,0,81775,2.44573524915928e-05,0,1,2.7225,2.82842712474619,2,0,1,5.26315789473684e-05,328.5,3.7344398340249e-05,0,0,0.230803650947563,46.5016178319065,1,0,0,-1.25386545350567e-17,7.42124913173832e-18,0.0118344231160928,NA,NA,NA,NA,1.79794071626112e-08,NA,NA,NA,NA,"edge",1
102169,174,71,96,201,0.00123358778625954,672,22,90,10.1980390271856,11,39.5,7.79173194762436e-06,0,82106,0,0,0,0,0,0,0,0,0,59.5,1.45228215767635e-05,0,0,0.166740207786129,75.7670227923907,1,0,0,-0.0113912133891213,-9.54129609720194e-19,0,NA,NA,NA,NA,-4.24790393552157e-08,NA,NA,NA,NA,"edge",1
102317,162,35,72,240,0.000829774252593044,194,15,72,8.94427190999916,6,10.5,5.50286020770603e-06,23,82236,0.000304003112991877,3.16227766016838,3,1.5,4.12310562561766,2,3,2,5.26315789473684e-05,15,4.5643153526971e-06,0,0,0.105586068710222,21.3099654140786,0.974358974358974,0.0153846153846154,0.0102564102564103,-0.00511506276150627,0.0132312872810392,0.0172514879732957,2.76865959399538,1.91547594742265,1.68816503408199,0.47449786780808,1.22949015995651e-06,0.763888888888889,0.436507936507937,0.730769230769231,0.417582417582418,"edge",1
102161,150,106,216,240,0.00191718259637811,846,31,198,14.8660687473185,19,90,3.84669247397394e-05,91,82006,0.00164622100821891,14.8660687473185,19,90,12.1655250605964,44,20,19,0.000473684210526316,103,1.86721991701245e-05,0,0,0.122277762057171,14.2308773538445,0.953571428571429,0.0178571428571429,0.0285714285714286,0.365177824267782,0.0622011244657678,0.0509017784962194,7.38166247775243,2.46880675435516,7.84237444473526,2.15141644126626,6.84576579610559e-06,0.577429372828754,0.300744465014976,0.410561917614549,0.213834332090911,"edge",1
102193,66,63,59,240,0.00102623747135087,373,23,54,13.4164078649987,10,29,5.2231313217172e-06,6,82231,8.51260473544041e-05,0,1,2.7225,5.09901951359278,1,1,1,0.000157894736842105,49,9.54356846473029e-06,0,0,0.119310903984779,52.9332352430111,0.978436657681941,0.00808625336927224,0.0134770889487871,0,0,0.0213348096803045,NA,NA,NA,NA,2.71215263955672e-07,NA,NA,NA,NA,"edge",1
102118,198,13,9,12,0.000205721215271011,25,8,8,2,3,5.445,7.33040592863641e-08,0,82021,0,0,0,0,0,0,0,0,0,0,1.2448132780083e-06,0,0,NA,NA,1,0,0,-0.0113912133891213,0,0,NA,NA,NA,NA,-1.26011938875137e-07,NA,NA,NA,NA,"edge",1
102265,102,0,1,-Inf,0,1,1,1,0,0,0,3.00620226592414e-08,0,81892,0,0,0,0,0,0,0,0,0,0,4.149377593361e-07,0,0,NA,NA,1,0,0,0,0,0,NA,NA,NA,NA,0,NA,NA,NA,NA,"edge",1
102166,234,77,168,230,0.00128796428045729,716,23,162,17.0293863659264,13,86,2.1512232606561e-05,0,82316,0,0,0,0,0,0,0,0,5.26315789473684e-05,228,1.61825726141079e-05,0,0,0.118921097827015,21.8032626367725,0.990196078431373,0,0.00980392156862745,-0.0113912133891213,-2.82583086283794e-18,1.88250037823873e-18,NA,NA,NA,NA,-8.45640110029613e-08,NA,NA,NA,NA,"edge",1
102293,234,12,166,180,0.00018992579327934,37,4,154,1.4142135623731,2,5.445,9.22189177387396e-07,0,82499,0,0,0,0,0,0,0,0,0,0,1.2448132780083e-06,0,0,NA,NA,1,0,0,-0.0113912133891213,0,0,NA,NA,NA,NA,-4.24988869541506e-08,NA,NA,NA,NA,"edge",1
102083,222,203,203,240,0.00305418117402724,2418,50,198,45.0998891351187,25,444.5,7.55725658722677e-05,39,81706,0.000624189166034318,45.0998891351187,12,391,38.8329756778952,12,12,8,0.00142105263157895,679.5,5.06224066390042e-05,0,0,0.0962646451748842,15.1807741916445,0.839779005524862,0.0423572744014733,0.117863720073665,1.62459205020921,0.188702465000497,0.162481069781988,24.465269243418,11.0104158918241,23.6693605478196,11.0294500608303,2.52777925407022e-06,0.701660092044707,0.0438537557527942,0.566081994928149,0.0353801246830093,"edge",1
102119,138,57,240,240,0.000866128284578037,242,22,234,5.3851648071345,5,5.445,1.28192299508712e-05,57,81974,0.000866128284578037,5.3851648071345,5,3.5,4,14,8,8,0,10.5,4.149377593361e-06,0,0,0.28087352871775,19.7762018927261,1,0,0,0.00325313807531381,0.0225320703227385,0.0167364016736402,1.86161527837402,0.946807299944346,1.86161527837402,0.946807299944346,3.49696384013267e-06,0.809821428571429,0.71984126984127,0.62609126984127,0.55652557319224,"edge",1
102451,210,1,1,1,9.99150721886397e-06,1,1,1,0,1,2.7225,4.32064488764203e-09,0,82200,0,0,0,0,0,0,0,0,0,0,4.149377593361e-07,0,0,NA,NA,1,0,0,-0.0113912133891213,0,0,NA,NA,NA,NA,-4.18054695349957e-08,NA,NA,NA,NA,"edge",1
102179,78,78,155,240,0.00123934053439454,915,26,42,12.7279220613579,13,38,1.68000294165928e-05,42,81756,0.000819511717794413,9.21954445729289,4,7,6.32455532033676,25,7,5,0,107,2.15767634854772e-05,0,0,0.210940119443212,62.1706177394542,1,0,0,0.017897489539749,0.0385754998213092,0.0264625745620785,5.13079840749408,0.770476882891506,5.20347452167706,0.641218932425286,3.34476182308231e-06,0.786514605842337,0.611733582321818,0.559245236556161,0.434968517321458,"edge",1
102162,90,37,36,240,0.000597684885890977,294,14,90,14.8660687473185,6,5.445,5.21376553510615e-06,6,82092,8.52701846708571e-05,2.23606797749979,3,0.5,5.65685424949238,1,2,1,5.26315789473684e-05,32,6.63900414937759e-06,0,0,0.171929972390168,41.3462064854875,0.996951219512195,0,0.00304878048780488,-0.00929916317991632,0.00935593296025017,0.0236688462321857,NA,NA,4.30277563773199,0.986024149136345,3.14742963896347e-07,0.696969696969697,0.696969696969697,0.666666666666667,0.666666666666667,"edge",1
102182,222,58,204,240,0.00102695763799743,716,21,198,13.4164078649987,10,47,2.75872196604382e-05,46,82196,0.000827290865735559,13.4164078649987,9,28.5,7.81024967590665,22,10,10,0.000578947368421053,68,1.36929460580913e-05,0,0,0.144882819441795,17.550556639592,0.955414012738854,0.0106157112526539,0.0339702760084926,0.107855648535565,0.056135597761501,0.0326788689368479,4.70290541581187,2.32920602827263,4.80290541581187,2.21913385675208,3.33570105693762e-06,0.747796143250689,0.432934609250399,0.487786960514233,0.282402977139819,"edge",1
102299,54,54,108,144,0.000926885785718641,521,17,92,8.60232526704263,11,17.5,6.89096612998486e-06,0,82261,0,0,0,0,0,0,0,0,0,30,9.95850622406639e-06,0,0,0.0663460793899679,23.4015190478334,1,0,0,-0.0113912133891213,0,0,NA,NA,NA,NA,-1.70005908555352e-07,NA,NA,NA,NA,"edge",1
102065,66,115,83,240,0.00184119397161391,1542,37,78,19.2353840616713,23,131.5,3.90250395361557e-05,91,82073,0.00164487712158688,19.2353840616713,22,131.5,11.4017542509914,44,24,19,0.000894736842105263,152,3.36099585062241e-05,0,0,0.175890984686198,35.8157400560745,0.875457875457875,0.021978021978022,0.102564102564103,0.538817991631799,0.0804827785007169,0.0477060847321815,8.01740381359119,3.53320350159624,8.33553183648904,2.95218280385051,6.75681682610833e-06,0.614970293565065,0.325572508357975,0.430981600099247,0.228166729464307,"edge",1
102293,162,78,36,240,0.001553022891802,685,28,33,13.4164078649987,12,26,1.43782877489388e-05,40,82324,0.000570914921529566,11.3137084989848,3,4,10.4403065089106,7,5,4,0.000263157894736842,76,1.36929460580913e-05,0,0,0.087219003874558,17.9848928365888,0.927680798004987,0.027431421446384,0.0448877805486284,0.00534518828451883,0.0473376924643714,0.0436832908322617,4.70039316803331,0.456514426067462,5.84837583620876,2.59723412461447,2.34684848832285e-06,0.9,0.5625,0.785726495726496,0.49107905982906,"edge",1
102136,114,8,11,12,0.000138937130948246,14,3,8,1,2,5.445,3.27443203732381e-08,0,81830,0,0,0,0,0,0,0,0,0,0,8.29875518672199e-07,0,0,NA,NA,1,0,0,-0.0113912133891213,0,0,NA,NA,NA,NA,-4.16431989889031e-08,NA,NA,NA,NA,"edge",1
102051,114,92,156,240,0.00163144053764488,1159,28,150,20.3960780543711,18,62.5,3.81558668399335e-05,24,81904,0.000427329556554014,19.1049731745428,9,30.5,17.464249196573,11,9,6,0.000842105263157895,125.5,2.73858921161826e-05,0,0,0.129777566909629,22.6856026545912,0.863636363636364,0.0265151515151515,0.109848484848485,0.116223849372385,0.0799371262533172,0.0730721723705982,14.540329520036,2.16669816507117,13.6923268348072,4.46768497993336,1.7027617312702e-06,0.568382352941176,0.270658263305322,0.409166666666667,0.19484126984127,"edge",1
102149,222,71,202,240,0.0011356836693573,789,26,198,10,13,26,2.34219939784916e-05,62,81889,0.0011356836693573,10,13,26,12.8062484748657,31,15,13,0.000157894736842105,86.5,1.78423236514523e-05,0,0,0.156575943263801,28.9102899751385,0.924657534246575,0.0273972602739726,0.0479452054794521,0.0973953974895398,0.0418410041841004,0.0535826296019485,6.87980359531917,1.37501310199315,7.26890879222603,1.91692600934945,4.70958414796063e-06,0.621174673077787,0.439998726763433,0.457545338168176,0.324094614535791,"edge",1
102136,54,52,71,180,0.000736974771965052,228,12,54,4.12310562561766,6,5.445,1.58968651598626e-06,0,82076,0,0,0,0,0,0,0,0,0,11.5,6.22406639004149e-06,0,0,0.0977208549632695,93.1569408570453,1,0,0,-0.0113912133891213,0,0,NA,NA,NA,NA,-4.23097967318898e-08,NA,NA,NA,NA,"edge",1
102071,78,57,204,240,0.000951428362323437,383,20,234,11.1803398874989,9,21.5,1.70105922448878e-05,46,81982,0.000951428362323437,11.1803398874989,9,20,7.21110255092798,32,10,11,0.000526315789473684,31.5,8.71369294605809e-06,0,0,0.377193026068362,46.4805908687829,0.919421487603306,0.0330578512396694,0.0475206611570248,0.0722907949790795,0.0467796648012508,0.0301719772005355,4.84782173443166,1.32230362409289,4.52019076756854,1.0892787750455,3.93874306538245e-06,0.683333333333333,0.431578947368421,0.41453823953824,0.26181362497152,"edge",1
102188,102,29,178,240,0.000415647921760391,237,13,19,4.47213595499958,6,5.445,5.11452792028404e-06,8,81895,0.000195372122840222,3.16227766016838,2,5.445,2.23606797749979,8,2,2,0,21,7.05394190871369e-06,0,0,0.333005347087804,111.852290625356,1,0,0,0.0113912133891213,0.0132312872810392,0.00935593296025017,1.61803398874989,0.874032048897642,1.61803398874989,0.874032048897642,7.33076751362781e-07,NA,NA,NA,NA,"edge",1
102274,42,1,1,9,1.05162423362884e-05,1,1,1,0,1,2.7225,4.67626672373299e-09,0,82043,0,0,0,0,0,0,0,0,0,0,4.149377593361e-07,0,0,NA,NA,1,0,0,-0.0113912133891213,0,0,NA,NA,NA,NA,-4.25321516483867e-08,NA,NA,NA,NA,"edge",1
102136,222,68,35,240,0.00103865864654789,502,19,30,5,8,6.5,1.06970492449915e-05,21,82094,0.000316710112797525,2.23606797749979,3,1,4.47213595499958,5,4,3,0.000368421052631579,28.5,9.12863070539419e-06,0,0,0.0372272910944253,7.70445637842334,0.955882352941177,0.00980392156862745,0.0343137254901961,-0.0072071129707113,0.00935593296025016,0.0187118659205003,3.82404531833319,0.751675531729603,3.36803398874989,0.73606797749979,1.28289821129138e-06,0.668181818181818,0.668181818181818,0.575,0.575,"edge",1
102167,66,53,35,240,0.000890906650068954,324,22,238,5,8,11,4.81186678698959e-06,23,81993,0.000719573622138475,2.23606797749979,5,1.5,3.60555127546399,36,7,8,0,13,6.22406639004149e-06,0,0,0.229784634139462,72.0376478316387,1,0,0,-0.00511506276150627,0.00935593296025017,0.0150859886002677,2.76960991977689,0.613431465282176,2.71351452829239,0.640035459072765,2.88386200234085e-06,0.482902499070977,0.482902499070977,0.188219992567819,0.188219992567819,"edge",1
102154,54,27,96,227,0.000414391575663027,198,8,97,4,7,5.445,2.10982805348517e-06,0,81938,0,0,0,0,0,0,0,0,5.26315789473684e-05,10.5,5.39419087136929e-06,0,0,0.441769378457979,275.844555455336,0.995983935742972,0.00401606425702811,0,-0.0113912133891213,0,0,NA,NA,NA,NA,-8.38774428099482e-08,NA,NA,NA,NA,"edge",1
102168,150,43,70,216,0.000627087917726065,330,13,31,5.3851648071345,5,5.445,5.79611875928482e-06,0,82039,0,0,0,0,0,0,0,0,0,29.5,6.63900414937759e-06,0,0,0.0623173560593979,17.3976627754292,1,0,0,-0.0113912133891213,-9.38089886223426e-19,-1.82446468974252e-18,NA,NA,NA,NA,-1.6925287886453e-07,NA,NA,NA,NA,"edge",1
102204,66,48,84,240,0.000952415839408037,688,15,20,18.7882942280559,8,26.5,9.36623919906992e-06,35,81874,0.000720619488482302,3.60555127546399,5,3,18.0277563773199,24,9,7,0.000210526315789474,93.5,1.45228215767635e-05,0,0,0.16714212295223,63.0642466739642,0.955263157894737,0.0184210526315789,0.0263157894736842,0.00116108786610879,0.0150859886002677,0.0754299430013387,16.6140793572758,0.983748762896494,16.6333083297541,0.865843957216674,2.84541941331755e-06,0.84045584045584,0.84045584045584,0.611026319359653,0.611026319359653,"edge",1
102253,90,279,240,240,0.00515659176167259,4492,100,234,42.5440947723653,52,518.5,0.000149056937384565,279,81837,0.00515659176167259,42.5440947723653,52,518.5,34.5398320783411,143,58,55,0.002,590.5,8.54771784232365e-05,0,0,0.103578776814024,14.0923672862269,0.742209631728045,0.0821529745042493,0.175637393767705,2.15806485355649,0.17800876473793,0.1445181258508,17.1025440005837,7.67953555084995,15.8180291975922,6.2503575106717,2.14058902002414e-05,0.699674350478751,0.20841363631282,0.487610889037249,0.1452457967345,"edge",1
102250,150,0,1,-Inf,1.36126652237242e-05,2,1,1,0,1,2.7225,5.87285861385702e-13,0,81911,0,0,0,0,0,0,0,0,0,0,4.149377593361e-07,0,0,NA,NA,1,0,0,0,0,0,NA,NA,NA,NA,0,NA,NA,NA,NA,"edge",1
102199,42,139,144,240,0.0025517990793988,2036,47,174,27.8028775489157,25,130,7.34223227308033e-05,96,82265,0.00142223302741141,27.8028775489157,10,89,20.0997512422418,21,16,7,0.00189473684210526,276.5,3.81742738589212e-05,0,0,0.0794921992328077,9.81940714874295,0.785100286532951,0.0974212034383954,0.117478510028653,0.360993723849372,0.116330031585421,0.0840993775826016,17.4795134394074,2.5581982413091,16.9138108480885,3.42313736720521,5.90844017239041e-06,0.925595238095238,0.510673234811166,0.825181878306878,0.455272760445174,"edge",1
102237,186,25,47,228,0.000400448502322601,240,8,12,5,6,5.445,8.57846501927205e-06,0,81946,0,0,0,0,0,0,0,0,0.000157894736842105,24,7.46887966804979e-06,0,0,0.0902865471805232,19.1916687724944,0.973684210526316,0.00292397660818713,0.0233918128654971,-0.0113912133891213,0,-9.38919347103621e-19,NA,NA,NA,NA,-8.3756551699213e-08,NA,NA,NA,NA,"edge",1
102071,126,148,216,240,0.00256849315068493,1447,48,210,18.4390889145858,25,136,4.96782672032784e-05,33,81892,0.000598349045083769,18.4390889145858,13,126.5,14.3178210632764,16,15,10,0.00121052631578947,184.5,2.73858921161826e-05,0,0,0.143923994758606,19.3335212626176,0.831196581196581,0.0811965811965812,0.0876068376068376,0.517897489539749,0.0771509996426183,0.0599072011015747,11.3232805726019,3.19432084142005,10.0790795444727,3.55751049634904,2.46149996148828e-06,0.614092117033293,0.200760884414731,0.468189327012856,0.153061895369588,"edge",1
102145,210,85,227,240,0.00155500048976393,1206,29,234,12.0830459735946,20,55,6.97594816086634e-05,79,81672,0.00155500048976393,10.0498756211209,16,44,17.2626765016321,48,21,18,0.001,92.5,2.15767634854772e-05,0,0,0.128993525216742,9.67903896261181,0.790502793296089,0.0642458100558659,0.145251396648045,0.17270920502092,0.0420496887913008,0.0722287719733559,12.1835876520655,3.43068724584683,11.9887225823968,3.35172453886751,6.42379305099083e-06,0.775879917184265,0.575652841781874,0.519391116130247,0.385354699064376,"edge",1
102201,210,58,214,240,0.000985209691544225,803,29,210,10.6301458127346,10,27,3.25248657289534e-05,6,82177,0.00010951969529187,6.08276253029822,3,7,6,3,3,1,0.000421052631578947,74.5,1.82572614107884e-05,0,0,0.0959735046752235,13.1391288855291,0.895674300254453,0.0508905852417303,0.0534351145038168,0.017897489539749,0.0254508892481097,0.0251046025104603,NA,NA,3.535183758488,2.50074262781759,3.73773846249854e-07,0.702380952380952,0.421428571428571,0.55952380952381,0.335714285714286,"edge",1
102161,126,0,1,-Inf,0,1,1,1,0,0,0,5.86315653595778e-13,0,82198,0,0,0,0,0,0,0,0,0,0,4.149377593361e-07,0,0,NA,NA,1,0,0,0,0,0,NA,NA,NA,NA,0,NA,NA,NA,NA,"edge",1
102066,78,420,239,240,0.00693630324345447,3505,144,234,47.8016736108685,60,615.5,0.000122517204503891,404,81888,0.00693630324345447,47.8016736108685,60,615.5,25.3179778023443,164,73,56,0.00252631578947368,625,7.42738589211618e-05,0,0,0.128509878902703,18.33837092109,0.612820512820513,0.107692307692308,0.279487179487179,2.56392259414226,0.200007002555935,0.105932961516085,17.2796779036367,6.42313003082388,15.9108997723157,5.88141918315964,2.89803361615616e-05,0.699054280772547,0.190447480338675,0.545158535135315,0.148520754764429,"edge",1
102239,78,1,1,7,1.03791503627513e-05,1,1,1,0,1,2.7225,8.4229813659881e-12,0,81818,0,0,0,0,0,0,0,0,0,0,4.149377593361e-07,0,0,NA,NA,1,0,0,-0.0113912133891213,0,0,NA,NA,NA,NA,-4.20086185722035e-08,NA,NA,NA,NA,"edge",1
102132,114,1,1,15,1.35118701779513e-05,1,1,1,0,1,2.7225,3.98227441881013e-08,0,81922,0,0,0,0,0,0,0,0,0,0,4.149377593361e-07,0,0,NA,NA,1,0,0,-0.0113912133891213,0,0,NA,NA,NA,NA,-4.22696181117536e-08,NA,NA,NA,NA,"edge",1
102131,90,34,60,240,0.000635409411390936,281,13,30,5.09901951359278,10,12,8.34994077830386e-06,3,81861,4.88633170862804e-05,0,1,2.7225,3.60555127546399,1,1,1,0.000210526315789474,21,9.12863070539419e-06,0,0,0.0587574564706643,15.6896681048966,0.943786982248521,0.00887573964497041,0.0473372781065089,0,0,0.0150859886002677,NA,NA,NA,NA,1.19312025772655e-07,NA,NA,NA,NA,"edge",1
102240,102,34,23,60,0.000732091218565833,152,10,20,3.16227766016838,7,5.445,7.22249951640772e-07,0,81788,0,0,0,0,0,0,0,0,0,4.5,3.3195020746888e-06,0,0,0.180844377325859,203.027229811318,1,0,0,-0.0113912133891213,0,0,NA,NA,NA,NA,-4.17762509950581e-08,NA,NA,NA,NA,"edge",1
102317,174,12,202,217,0.000183147946911515,49,5,198,1.4142135623731,2,5.445,2.64434301397774e-06,0,81588,0,0,0,0,0,0,0,0,0,4.5,2.0746887966805e-06,0,0,NA,NA,1,0,0,-0.0113912133891213,0,0,NA,NA,NA,NA,-4.20297176161971e-08,NA,NA,NA,NA,"edge",1
102179,162,1,1,2,1.02461116006476e-05,1,1,1,0,1,2.7225,7.24921660824382e-12,0,82200,0,0,0,0,0,0,0,0,0,0,4.149377593361e-07,0,0,NA,NA,1,0,0,-0.0113912133891213,0,0,NA,NA,NA,NA,-4.24984552873964e-08,NA,NA,NA,NA,"edge",1
102069,222,78,192,240,0.00130691811608364,1210,32,186,18.9736659610103,14,95.5,3.84965517953975e-05,68,81943,0.00113493525987577,18.9736659610103,12,49.5,11.0453610171873,25,13,14,0.000526315789473684,182,2.65560165975104e-05,0,0,0.113666948539206,19.0511546362857,0.859106529209622,0.0171821305841924,0.123711340206186,0.195721757322176,0.0793877236862355,0.0462148996535032,6.30019402896353,2.15381187600338,5.75486184760712,2.18823266767247,4.70666266428822e-06,0.657962290070133,0.382042620040722,0.518337671769044,0.300970261027187,"edge",1
102022,210,232,191,240,0.00419195242621433,4143,78,210,31.7804971641414,41,307.5,0.000149419067086231,130,81675,0.00228956228956229,30.4630924234556,30,298,22.4722050542442,57,31,23,0.00126315789473684,533,8.25726141078838e-05,0,0,0.103363148303344,13.745160194987,0.782258064516129,0.0564516129032258,0.161290322580645,1.23547071129707,0.127460637755044,0.0940259625700595,14.8198707126281,6.03603925450643,13.5886435799918,5.84754003929392,9.53780130803414e-06,0.758426358339853,0.230236573067455,0.564190682443278,0.171272171455995,"edge",1
102362,234,83,70,240,0.00131425701738452,550,31,66,10.6301458127346,8,18,1.13800351927713e-05,10,82507,0.000145442204903826,3.16227766016838,2,5.445,3.16227766016838,2,2,1,5.26315789473684e-05,28.5,9.95850622406639e-06,0,0,0.479757551416799,94.6313501296806,0.973404255319149,0,0.0265957446808511,0.0113912133891213,0.0132312872810392,0.0132312872810392,NA,NA,2.58113883008419,0.821854415126695,5.66083856574738e-07,NA,NA,NA,NA,"edge",1
102176,138,25,24,228,0.000438960152172853,144,10,20,2.82842712474619,5,5.445,4.54967357539031e-06,0,81876,0,0,0,0,0,0,0,0,5.26315789473684e-05,4,2.9045643153527e-06,0,0,0.0392863266307644,6.13685185218579,0.991097922848665,0.0029673590504451,0.00593471810089021,-0.0113912133891213,0,0,NA,NA,NA,NA,-1.26700056073221e-07,NA,NA,NA,NA,"edge",1
102235,222,119,84,240,0.00210885597610776,1579,36,102,19.2353840616713,22,145,3.70577346053859e-05,85,82102,0.00153467637816375,19.2353840616713,17,134.5,12.369316876853,41,17,17,0.000842105263157895,198,3.02904564315353e-05,0,0,0.140314385874726,26.8859004820365,0.871244635193133,0.0815450643776824,0.0472103004291846,0.551370292887029,0.0804827785007169,0.0517544639198869,6.71191177175469,3.70096344094238,5.86378214418494,3.86064277690697,6.29431196930555e-06,0.75490873015873,0.284871218927823,0.540338426279603,0.203901292935699,"edge",1
101988,222,41,71,240,0.000621216366006066,154,16,66,5.09901951359278,7,7,1.34129640758332e-06,3,82068,6.09250865136228e-05,0,1,2.7225,4.47213595499958,2,1,1,0,11,3.7344398340249e-06,0,0,0.320909630165878,217.755823020586,1,0,0,0,0,0.0187118659205003,NA,NA,NA,NA,1.70100681708313e-07,NA,NA,NA,NA,"edge",1
102182,162,108,228,240,0.00210328087359527,2129,37,154,25.2388589282479,20,228.5,6.56242660528885e-05,108,81708,0.00197043129191756,25.2388589282479,19,228.5,14.7648230602334,53,22,17,0.00147368421052632,264.5,3.94190871369295e-05,0,0,0.120210467219791,17.4153334963627,0.809322033898305,0.0444915254237288,0.146186440677966,0.944675732217573,0.105601920201874,0.0617775023440728,8.71209277081678,3.46130821001605,8.24953569753493,3.55764459969241,8.2023150132575e-06,0.721329131652661,0.185909570013572,0.547859230965113,0.141200832722967,"edge",1
102115,90,165,72,240,0.0027509311780315,2746,54,66,37.3363094051889,32,267.5,7.32203536786762e-05,48,81997,0.000914667609790602,19.4164878389476,13,91,23.4093998214393,27,15,11,0.000894736842105263,662,5.02074688796681e-05,0,0,0.136186223702954,22.7402426203911,0.810606060606061,0.0757575757575758,0.113636363636364,0.369361924686192,0.0812405348909941,0.0979472795876119,18.4206258076222,1.32234615026509,18.3349209707633,2.39732134650827,3.7852615062732e-06,0.755012307953484,0.251670769317828,0.558401239283592,0.186133746427864,"edge",1
102248,198,164,48,240,0.00281769168841941,1896,46,42,17.464249196573,22,72.5,5.18905127351733e-05,61,81918,0.000964379013159501,8.06225774829855,9,15,10.0498756211209,18,13,10,0.000684210526315789,145,3.48547717842324e-05,0,0,0.186022343819295,29.9798543929268,0.902877697841727,0.0251798561151079,0.0719424460431655,0.0513702928870293,0.0337332960179856,0.0420496887913008,7.81011347453323,1.2919096609776,8.00099959411941,1.28426604959514,3.9506302774399e-06,0.880701754385965,0.880701754385965,0.696905725853094,0.696905725853094,"edge",1
102237,30,0,1,-Inf,0,1,1,1,0,0,0,1.49873762295394e-09,0,82318,0,0,0,0,0,0,0,0,0,0,4.149377593361e-07,0,0,NA,NA,1,0,0,0,0,0,NA,NA,NA,NA,0,NA,NA,NA,NA,"edge",1
102101,102,43,213,240,0.000645719367926022,269,21,210,12.0415945787923,9,27,1.20274174896346e-05,33,82079,0.000645719367926022,12.0415945787923,9,27,11.1803398874989,20,9,8,0.000105263157894737,44.5,5.80912863070539e-06,0,0,0.121833889486273,14.336525231302,0.975,0.0113636363636364,0.0136363636363636,0.10157949790795,0.0503832409154489,0.0467796648012508,10.1363434724263,1.00259150433832,9.7310026038586,1.04691779245521,2.6594350382101e-06,0.68887741046832,0.360840548340548,0.490840220385675,0.257106782106782,"edge",1
102239,210,0,1,-Inf,1.13427553821374e-05,2,1,1,0,1,2.7225,3.22533202972137e-09,0,82317,0,0,0,0,0,0,0,0,0,0,4.149377593361e-07,0,0,NA,NA,1,0,0,0,0,0,NA,NA,NA,NA,0,NA,NA,NA,NA,"edge",1
101977,234,243,240,240,0.00463639018691589,4291,74,234,34.6554469023269,41,499,0.00013915840251033,243,82176,0.00463639018691589,34.6554469023269,41,488.5,29.4108823397055,138,49,48,0.00247368421052632,643,8.25726141078838e-05,0,0,0.13530354439703,19.0138558382865,0.690954773869347,0.0703517587939698,0.238693467336683,2.02115062761506,0.140817769465803,0.11887398468496,15.2798323019741,6.67686190707713,15.4325885720341,6.83880668250111,1.93141743914487e-05,0.707476019091636,0.200725754253906,0.498444209475524,0.141419054781428,"edge",1
102204,210,189,132,240,0.00323802541544477,1739,64,126,31.1448230047949,30,298.5,3.13348654902007e-05,9,82005,0.000121943783915615,2.23606797749979,2,5.445,3,1,2,1,0.000210526315789474,350,3.81742738589212e-05,0,0,0.0992554544880324,29.322975912741,0.987878787878788,0,0.0121212121212121,0.0113912133891213,0.00935593296025017,0.0125523012552301,NA,NA,2.20710678118655,1.12132034355964,4.25940393734104e-07,NA,NA,NA,NA,"edge",1
102109,198,361,227,240,0.00595128985347851,3213,107,222,35.1140997321589,62,325,0.000156265026546477,289,82174,0.00517195219899238,28.4429253066558,56,296.5,22.2036033111745,136,70,54,0.00510526315789474,359,6.72199170124481e-05,0,0,0.134561780225345,14.0393207685204,0.60828025477707,0.125796178343949,0.265923566878981,1.22919456066946,0.119008055676384,0.0929021059044959,10.8578348802552,5.05778080299019,10.0444541547476,4.82239018751197,2.15978555768523e-05,0.772976547474999,0.417073676695144,0.564570608499401,0.304624429046439,"edge",1
102259,210,9,12,12,0.000159681619417285,21,4,13,2.82842712474619,3,5.445,4.54323186404671e-10,0,82298,0,0,0,0,0,0,0,0,0,1,1.2448132780083e-06,0,0,NA,NA,1,0,0,-0.0113912133891213,0,0,NA,NA,NA,NA,-1.26829354907852e-07,NA,NA,NA,NA,"edge",1
102062,198,36,22,240,0.000623212845516533,132,10,20,4.47213595499958,8,6.5,7.6536308657212e-07,1,82142,3.65221202308198e-05,0,1,2.7225,4.24264068711928,2,1,1,0,8,4.149377593361e-06,0,0,0.0276787455239778,36.7088633918907,1,0,0,0,0,0.0177516346741393,NA,NA,NA,NA,6.83932324219925e-08,NA,NA,NA,NA,"edge",1
102298,30,26,21,240,0.00042411390487731,154,11,18,4,7,5.445,1.04603078303169e-06,1,82152,1.21725581848281e-05,0,1,2.7225,1.4142135623731,0,1,0,0,8.5,4.9792531120332e-06,0,0,0.0545309564386889,63.180870480304,1,0,0,0,0,0.00591721155804642,NA,NA,NA,NA,-7.44751788203498e-08,NA,NA,NA,NA,"edge",1
102117,186,22,21,48,0.000331172350119423,72,10,10,1.4142135623731,2,5.445,7.91457983794415e-08,0,82240,0,0,0,0,0,0,0,0,0,0.5,1.2448132780083e-06,0,0,NA,NA,1,0,0,-0.0113912133891213,0,0,NA,NA,NA,NA,-4.23333409392236e-08,NA,NA,NA,NA,"edge",1
102130,234,1,1,3,1.04165581608525e-05,1,1,1,0,1,2.7225,1.26698289782146e-20,0,82260,0,0,0,0,0,0,0,0,0,0,8.29875518672199e-07,0,0,NA,NA,1,0,0,-0.0113912133891213,0,0,NA,NA,NA,NA,-4.28659285353814e-08,NA,NA,NA,NA,"edge",1
102074,162,21,154,193,0.00036503844311104,120,10,150,2.23606797749979,3,5.445,5.80201852273936e-06,0,82235,0,0,0,0,0,0,0,0,0,2,2.0746887966805e-06,0,0,NA,NA,1,0,0,-0.0113912133891213,0,0,NA,NA,NA,NA,-1.27158267877202e-07,NA,NA,NA,NA,"edge",1
102233,78,198,238,240,0.00344840236252247,2187,75,234,20.6155281280883,33,215,8.23116969093696e-05,196,81955,0.00322127997071564,19.313207915828,33,206,14.8660687473185,68,34,31,0.00210526315789474,242,4.39834024896266e-05,0,0,0.10951137026395,13.8378017667123,0.831896551724138,0.0387931034482759,0.129310344827586,0.850533472803347,0.0808084013214559,0.0622011244657678,8.84578281375964,3.33824264529325,8.81834731187529,3.28932858287919,1.33528376279399e-05,0.752519221970442,0.350605546599865,0.574146706951585,0.267500170284261,"edge",1
102046,222,161,59,240,0.00284736649150678,2044,68,54,19.2353840616713,29,101,3.95859177620453e-05,13,82119,0.000170484297178485,7.81024967590665,2,5.445,15.1327459504216,1,2,1,0,249.5,4.48132780082988e-05,0,0,0.12191300582842,33.3316526227953,1,0,0,0.0113912133891213,0.0326788689368479,0.0633169286628517,NA,NA,12.3097894654633,3.99226334701698,6.29128664734205e-07,NA,NA,NA,NA,"edge",1
102242,222,204,204,240,0.00376924394840541,4212,66,174,33.6154726279432,45,486,0.000135205754644162,149,81904,0.00278374682555187,33.6154726279432,37,486,21.2132034355964,79,40,35,0.00210526315789474,573.5,8.17427385892116e-05,0,0,0.105908989768434,15.4898134224223,0.689274447949527,0.0962145110410095,0.214511041009464,2.02208158995816,0.140650513087629,0.0887581733706963,14.5139660525879,3.88839763554365,14.7725117667673,3.84279493647743,1.15631057861242e-05,0.6039062826231,0.145556898888645,0.417279311639038,0.100575013574537,"edge",1
102272,162,1,1,1,1.00158250035055e-05,1,1,1,0,1,2.7225,8.11943981683249e-11,0,82301,0,0,0,0,0,0,0,0,0,0,4.149377593361e-07,0,0,NA,NA,1,0,0,-0.0113912133891213,0,0,NA,NA,NA,NA,-4.19072175878893e-08,NA,NA,NA,NA,"edge",1
102105,102,61,179,240,0.000987022482178761,651,27,198,13.6014705087354,11,41,2.65733287524042e-05,3,81939,9.76336054870086e-05,1,2,5.445,7.21110255092798,5,1,2,0.000157894736842105,88,1.49377593360996e-05,0,0,0.0643799377334929,8.78559345890631,0.947521865889213,0.00291545189504373,0.0495626822157434,0.0227824267782427,0.00418410041841004,0.0301719772005355,6.95965324171367,0.355603023340215,NA,NA,4.08508809569073e-07,NA,NA,NA,NA,"edge",1
102140,186,112,240,240,0.00178417545605709,911,42,234,17.4928556845359,13,34.5,1.70692645115449e-05,112,82391,0.00178417545605709,17.4928556845359,13,33,13,35,17,12,0.000105263157894737,89.5,2.03319502074689e-05,0,0,0.186763938989427,49.7225797162756,0.967078189300412,0.0102880658436214,0.0226337448559671,0.12668410041841,0.0731918647888531,0.0543933054393305,8.28313418645011,2.99509078009541,7.99904663430623,3.09494850540059,7.42304561830363e-06,0.764635485287659,0.529363028276072,0.611671581236799,0.423464940856245,"edge",1
102316,66,129,153,240,0.00202276216703629,1915,48,150,24.8394846967484,24,167.5,7.72958130508053e-05,77,81803,0.00146693886532279,24.8394846967484,18,167.5,17.2046505340853,43,20,19,0.000789473684210526,220,3.7344398340249e-05,0,0,0.135712369190274,15.7943997593355,0.830645161290323,0.032258064516129,0.137096774193548,0.678054393305439,0.0997467978943449,0.0678018850798546,11.8060624452414,3.41337972984546,10.9707002708155,2.88256749004448,5.96923155481408e-06,0.656876770288535,0.200267308014797,0.495084542908072,0.150940409423193,"edge",1
102153,234,87,216,240,0.00136700727931376,565,36,210,9.05538513813742,11,17,2.88038718502386e-05,50,82393,0.000983093223938927,9.05538513813742,9,9,9.4339811320566,31,13,9,0.000526315789473684,43,9.95850622406639e-06,0,0,0.195521865932014,16.1598186941103,0.952380952380952,0.00793650793650794,0.0396825396825397,0.026265690376569,0.0378886407453448,0.0394727244019105,5.57306186448823,1.19733209111353,5.87342306149501,1.40052728252259,4.02932328268099e-06,0.738159109797765,0.607895737480513,0.518097308853611,0.426668371997092,"edge",1
102309,210,14,11,15,0.000215985053834275,26,5,6,1,2,5.445,6.95773628107444e-08,0,82062,0,0,0,0,0,0,0,0,0,0,8.29875518672199e-07,0,0,NA,NA,1,0,0,-0.0113912133891213,0,0,NA,NA,NA,NA,-1.26578678732934e-07,NA,NA,NA,NA,"edge",1
102132,18,3,22,24,3.64400500443354e-05,4,2,18,0,1,2.7225,3.55728574423208e-08,0,82171,0,0,0,0,0,0,0,0,0,0,4.149377593361e-07,0,0,NA,NA,1,0,0,-0.0113912133891213,0,0,NA,NA,NA,NA,-4.3173333248138e-08,NA,NA,NA,NA,"edge",1
102172,66,85,59,240,0.00141383045436406,835,28,54,9.89949493661167,13,26,1.62203804710543e-05,2,81905,4.88370673341066e-05,0,1,2.7225,6.40312423743285,2,1,1,0.000263157894736842,45,1.6597510373444e-05,0,0,0.135257093116158,33.7362808100885,0.938461538461538,0.00769230769230769,0.0538461538461538,0,0,0.0267913148009743,NA,NA,NA,NA,3.55523036455904e-08,NA,NA,NA,NA,"edge",1
102093,234,239,203,240,0.00416687032601789,2284,73,198,17.7200451466693,34,143.5,8.59007872573135e-05,59,82181,0.00111948017181587,16.6433169770932,11,129.5,13,33,15,13,0.000894736842105263,220.5,4.52282157676349e-05,0,0,0.135626341301455,17.3658341573932,0.813953488372093,0.0465116279069767,0.13953488372093,0.530449790794979,0.0696373095275868,0.0543933054393305,11.0162448945228,2.55523204280145,10.8450130418724,2.48977023931731,4.47370831137041e-06,0.76026936026936,0.237584175084175,0.505743145743146,0.158044733044733,"edge",1
102166,162,2,180,180,2.43246859074932e-05,4,1,1,0,1,2.7225,8.71291755764547e-09,0,81789,0,0,0,0,0,0,0,0,0,0,8.29875518672199e-07,0,0,NA,NA,1,0,0,-0.0113912133891213,0,0,NA,NA,NA,NA,-4.17504058035068e-08,NA,NA,NA,NA,"edge",1
102338,78,20,24,145,0.000379506641366224,80,6,21,3.16227766016838,5,5.445,2.6278854574527e-07,0,81846,0,0,0,0,0,0,0,0,0,2,2.4896265560166e-06,0,0,0.503693071450901,1164.53614302704,1,0,0,-0.0113912133891213,0,0,NA,NA,NA,NA,-1.25407637525778e-07,NA,NA,NA,NA,"edge",1
102231,114,21,24,168,0.000403107593081208,141,6,11,3.16227766016838,7,5.445,1.60806129324903e-06,0,82028,0,0,0,0,0,0,0,0,0,4.5,3.3195020746888e-06,0,0,0.148127226831175,74.6113274365229,1,0,0,-0.0113912133891213,0,0,NA,NA,NA,NA,-1.2572794910935e-07,NA,NA,NA,NA,"edge",1
102190,150,153,239,240,0.00249081207799661,2666,53,234,35.5105618091294,23,220,8.26738106707183e-05,148,81724,0.00225148059321619,20.6155281280883,21,76.5,30.0665927567458,36,23,17,0.00147368421052632,503,5.60165975103734e-05,0,0,0.116191330843821,17.5870159249268,0.764423076923077,0.0745192307692308,0.161057692307692,0.308692468619247,0.0862574398664783,0.125801643333665,22.4486938822859,5.74975233515616,22.4324547111641,5.41065631847398,9.37769023566654e-06,0.766402116402116,0.504703832752613,0.636377390462358,0.419077793719114,"edge",1
102237,102,59,143,240,0.000943861681360877,693,26,138,9.21954445729289,7,14.5,1.8002688871665e-05,2,82195,7.2997140945313e-05,0,1,2.7225,2.23606797749979,4,1,1,0.000157894736842105,32.5,1.16182572614108e-05,0,0,0.3648058052801,57.3734683839785,0.963087248322148,0.00671140939597315,0.0302013422818792,1.84064012594623e-18,0,0.00935593296025017,NA,NA,NA,NA,2.62830698878196e-07,NA,NA,NA,NA,"edge",1
102292,198,1,1,12,2.16745778875956e-05,2,1,1,0,1,2.7225,1.34847641252744e-08,0,82015,0,0,0,0,0,0,0,0,0,0,4.149377593361e-07,0,0,NA,NA,1,0,0,-0.0113912133891213,0,0,NA,NA,NA,NA,-4.16502460571586e-08,NA,NA,NA,NA,"edge",1
102087,198,101,48,240,0.00182410263943979,1371,28,66,26.0768096208106,20,126.5,1.75762981308489e-05,10,81714,0.000146853660327484,9.8488578017961,4,6,9.05538513813742,2,2,2,0,171,2.82157676348548e-05,0,0,0.220897008655124,85.8389146195319,1,0,0,0.0137133891213389,0.0412086100493561,0.0378886407453448,6.53112887414927,2.16534321956295,6.52769256906871,3.57469711268666,4.89207992200471e-07,0.433441558441558,0.288961038961039,0.375,0.25,"edge",1
102165,126,168,156,240,0.0026996846277503,1071,44,150,15.1327459504216,21,56.5,4.15874316983915e-05,9,82082,0.000170561146170902,0,1,2.7225,11.4017542509914,5,1,1,5.26315789473684e-05,97,2.15767634854772e-05,0,0,0.101573792826321,12.8526187418538,0.990936555891239,0,0.00906344410876133,0,0,0.0477060847321815,NA,NA,NA,NA,6.71531908541893e-07,NA,NA,NA,NA,"edge",1
102296,174,52,238,240,0.000794184128535647,254,21,234,4,5,5.445,7.29942355871751e-06,48,81845,0.000794184128535647,4,5,2,6.70820393249937,17,7,5,0.000105263157894737,17,5.80912863070539e-06,0,0,0.134379426687115,25.8768534279134,0.983333333333333,0.00416666666666667,0.0125,-0.00302301255230125,0.0167364016736402,0.0280677988807505,5.15450251941249,1.24051590949607,5.0486672100953,1.04695716339938,3.28055490198871e-06,0.79661696328363,0.79661696328363,0.628747795414462,0.628747795414462,"edge",1
102222,114,12,22,36,0.000170894265276727,48,3,11,2.23606797749979,6,5.445,1.51442498498067e-07,0,82114,0,0,0,0,0,0,0,0,0,2,2.0746887966805e-06,0,0,NA,NA,1,0,0,-0.0113912133891213,0,0,NA,NA,NA,NA,-4.17637412627643e-08,NA,NA,NA,NA,"edge",1
102105,198,32,35,108,0.000681397838995425,192,13,30,4.47213595499958,9,5.445,1.4939216023687e-06,0,81825,0,0,0,0,0,0,0,0,0,7,4.149377593361e-06,0,0,0.0979582657250668,66.2041844046542,1,0,0,-0.0113912133891213,0,0,NA,NA,NA,NA,-8.47078200692394e-08,NA,NA,NA,NA,"edge",1
102093,102,69,108,132,0.00120845921450151,241,18,102,4.24264068711928,9,5.5,3.46338797216246e-06,0,82138,0,0,0,0,0,0,0,0,0,7.5,4.5643153526971e-06,0,0,0.613413743471825,197.235339633192,1,0,0,-0.0113912133891213,0,0,NA,NA,NA,NA,-4.20889078513452e-08,NA,NA,NA,NA,"edge",1
102198,102,20,24,106,0.000273875683262772,50,9,18,1.4142135623731,3,5.445,3.46545202843078e-07,0,81539,0,0,0,0,0,0,0,0,0,1,1.6597510373444e-06,0,0,NA,NA,1,0,0,-0.0113912133891213,0,0,NA,NA,NA,NA,-4.21831091997101e-08,NA,NA,NA,NA,"edge",1
102498,102,7,119,120,0.000133883472693857,14,2,111,0,1,2.7225,2.70311497549363e-08,0,81925,0,0,0,0,0,0,0,0,0,0,8.29875518672199e-07,0,0,NA,NA,1,0,0,-0.0113912133891213,0,0,NA,NA,NA,NA,-4.21130545162756e-08,NA,NA,NA,NA,"edge",1
102040,90,348,155,240,0.0059074299634592,4351,89,150,36.6742416417845,59,519,0.000135265430828415,68,81924,0.00109857917093892,34.4383507154451,13,272.5,29.1547594742265,22,14,9,0.000578947368421053,733,8.00829875518672e-05,0,0,0.179340493705359,25.661920799795,0.888412017167382,0.0386266094420601,0.0729613733905579,1.12877615062762,0.144093517637846,0.121986441314755,21.7122019762077,5.28231208964463,19.42447630386,7.5887370211534,4.55470865897226e-06,0.758004807692308,0.149729344729345,0.626986451048951,0.123849175515842,"edge",1
102143,114,1,1,15,1.34810860362911e-05,1,1,1,0,1,2.7225,3.42695555094995e-13,0,82148,0,0,0,0,0,0,0,0,0,0,4.149377593361e-07,0,0,NA,NA,1,0,0,-0.0113912133891213,0,0,NA,NA,NA,NA,-4.23946786877626e-08,NA,NA,NA,NA,"edge",1
102300,198,43,204,240,0.000728296756651777,298,18,210,6,8,9.5,1.29229093691026e-05,4,81844,6.1091833243732e-05,0,1,2.7225,4.47213595499958,1,1,1,5.26315789473684e-05,18,7.05394190871369e-06,0,0,0.096049306539734,12.7833119886502,0.985835694050991,0.0056657223796034,0.0084985835694051,0,0,0.0187118659205003,NA,NA,NA,NA,2.13238578425402e-07,NA,NA,NA,NA,"edge",1
102151,30,16,22,36,0.000332520505431168,54,10,18,1,2,5.445,3.18559159550984e-07,0,82199,0,0,0,0,0,0,0,0,0,0,8.29875518672199e-07,0,0,NA,NA,1,0,0,-0.0113912133891213,0,0,NA,NA,NA,NA,-8.46452715585371e-08,NA,NA,NA,NA,"edge",1
102140,174,82,240,240,0.00128994572492516,657,22,222,11.4017542509914,13,32,2.55580646427995e-05,82,82174,0.00128994572492516,10.0498756211209,13,19,6.40312423743285,24,16,10,0.000473684210526316,53.5,1.28630705394191e-05,0,0,0.0810356177524501,9.56337059311025,0.936974789915966,0.0273109243697479,0.0357142857142857,0.0681066945606695,0.0420496887913008,0.0267913148009743,4.35060342042073,1.03936405675323,3.66109388805272,1.56081740733946,5.35554492706166e-06,0.778163580246914,0.700347222222222,0.648360975444309,0.583524877899878,"edge",1
102107,114,1,1,11,1.15659083286106e-05,1,1,1,0,1,2.7225,3.44135672956213e-10,0,81981,0,0,0,0,0,0,0,0,0,0,4.149377593361e-07,0,0,NA,NA,1,0,0,-0.0113912133891213,0,0,NA,NA,NA,NA,-4.17549889069521e-08,NA,NA,NA,NA,"edge",1
102233,174,1,1,5,1.03260981805415e-05,1,1,1,0,1,2.7225,5.34189410583451e-09,0,82033,0,0,0,0,0,0,0,0,0,0,4.149377593361e-07,0,0,NA,NA,1,0,0,-0.0113912133891213,0,0,NA,NA,NA,NA,-4.17666595301368e-08,NA,NA,NA,NA,"edge",1
102020,234,163,143,240,0.00276006797522782,2071,49,138,25.4950975679639,22,225.5,6.136408542702e-05,40,82133,0.00075487319347887,25.4950975679639,10,56,16.1554944214035,22,10,8,0.001,412.5,4.06639004149378e-05,0,0,0.0847321910920779,13.3605953627781,0.826771653543307,0.0570866141732283,0.116141732283465,0.222918410041841,0.106674048401523,0.0675962109682155,10.6619698776851,3.26407253549239,10.8792523671599,3.51850156421501,3.11632759141839e-06,0.703296703296703,0.366937410415671,0.421902403152403,0.22012299294908,"edge",1
102324,42,52,84,240,0.00109800285480742,432,22,81,10.4403065089106,9,16,4.44295522945009e-06,4,82197,0.000145990729588671,5.09901951359278,2,5.445,3,8,2,2,0.000210526315789474,39,9.95850622406639e-06,0,0,0.0326728998617407,17.8314048569479,0.989881956155143,0.00337268128161889,0.00674536256323777,0.0113912133891213,0.0213348096803045,0.0125523012552301,2.61803398874989,0.540181513475453,2.61803398874989,0.540181513475453,5.68612061823706e-07,NA,NA,NA,NA,"edge",1
102240,210,3,21,24,4.30237060620402e-05,5,2,18,0,1,2.7225,1.87381706146747e-08,0,81698,0,0,0,0,0,0,0,0,0,0,4.149377593361e-07,0,0,NA,NA,1,0,0,-0.0113912133891213,0,0,NA,NA,NA,NA,-4.19290552000205e-08,NA,NA,NA,NA,"edge",1
102103,174,1,1,6,1.04424464563558e-05,1,1,1,0,1,2.7225,4.3757692745999e-12,0,81792,0,0,0,0,0,0,0,0,0,0,4.149377593361e-07,0,0,NA,NA,1,0,0,-0.0113912133891213,0,0,NA,NA,NA,NA,-4.22802964643652e-08,NA,NA,NA,NA,"edge",1
102176,234,104,130,240,0.00143936667866139,1393,35,126,23.7697286480094,18,122,4.63004561316447e-05,78,82130,0.00133934007061975,19.1049731745428,15,122,17,32,17,14,0.000631578947368421,220.5,3.36099585062241e-05,0,0,0.195795314933658,34.5365028580757,0.89873417721519,0.0284810126582278,0.0727848101265823,0.499069037656904,0.0799371262533172,0.0711297071129707,9.36345812711025,3.86860267584227,9.23702960558515,3.79567047037016,5.56211116567222e-06,0.747060871132079,0.235913959304867,0.541168012414142,0.170895161814992,"edge",1
102112,54,56,228,240,0.001038789626769,605,19,223,9.8488578017961,11,17,2.30954342846036e-05,48,81942,0.000951892802225965,8.60232526704263,11,17,9,30,13,10,0.000684210526315789,62,1.2448132780083e-05,0,0,0.101441248419671,11.8192492030715,0.835227272727273,0.0482954545454545,0.116477272727273,0.0597384937238494,0.0359929927491323,0.0376569037656904,6.28007365303939,1.51315524370638,6.26863347566211,1.71160369540549,3.94055826086879e-06,0.716958450046685,0.632610397100016,0.521459694989107,0.460111495578624,"edge",1
102338,126,59,48,240,0.000998611686192367,466,16,43,8.06225774829855,11,13,5.50768245682419e-06,10,82063,0.000170600636096657,0,1,2.7225,2.23606797749979,4,1,1,0.000157894736842105,28,8.71369294605809e-06,0,0,0.181519065675285,69.4194868048252,0.975609756097561,0,0.024390243902439,0,-9.36197500645499e-19,0.00935593296025017,NA,NA,NA,NA,5.44982439515028e-07,NA,NA,NA,NA,"edge",1
102169,114,143,178,240,0.00223536022280312,1923,60,174,18.4390889145858,22,142,5.68590314557576e-05,64,82241,0.00126457606303425,17.6918060129541,15,67.5,9.4339811320566,40,18,14,0.000631578947368421,175.5,3.56846473029046e-05,0,0,0.137213498439483,20.7777098988275,0.838709677419355,0.0584677419354839,0.102822580645161,0.271035564853557,0.0740242929412307,0.0394727244019105,4.8914741046258,2.46558988374687,5.3054490400972,2.68262150859906,5.1230720115884e-06,0.702276524644946,0.342134717134717,0.480806182121972,0.234238909238909,"edge",1
102144,210,54,48,121,0.000829673011224988,262,23,44,3.16227766016838,5,5.445,2.06042728784485e-06,0,81726,0,0,0,0,0,0,0,0,0,8,4.5643153526971e-06,0,0,0.101299227674003,54.7934549669693,1,0,0,-0.0113912133891213,0,0,NA,NA,NA,NA,-4.22103447002271e-08,NA,NA,NA,NA,"edge",1
101976,66,14,20,240,0.0002008738010345,47,6,239,1.4142135623731,2,5.445,1.41352935562517e-07,5,82096,0.000146170337166244,1,2,5.445,1.4142135623731,7,1,3,5.26315789473684e-05,1,1.6597510373444e-06,0,0,NA,NA,0.997142857142857,0.00285714285714286,0,0,0,0.00173311113963638,1.2761423749154,0.2391463117381,NA,NA,5.28162982821886e-07,NA,NA,NA,NA,"edge",1
102051,42,27,202,204,0.000503201216248046,82,12,198,2.23606797749979,4,5.445,1.330007894063e-06,0,81559,0,0,0,0,0,0,0,0,0,0.5,1.2448132780083e-06,0,0,NA,NA,1,0,0,-0.0113912133891213,0,0,NA,NA,NA,NA,-4.19399825429017e-08,NA,NA,NA,NA,"edge",1
102142,54,1,1,4,1.0303860856663e-05,1,1,1,0,1,2.7225,2.45479458818211e-12,0,82209,0,0,0,0,0,0,0,0,0,0,4.149377593361e-07,0,0,NA,NA,1,0,0,-0.0113912133891213,0,0,NA,NA,NA,NA,-4.20812883405248e-08,NA,NA,NA,NA,"edge",1
102137,102,176,106,240,0.00268961152760199,1649,57,102,23.3238075793812,33,134,4.18487818388567e-05,3,82029,7.31448634019676e-05,13.0384048104053,2,5.445,7.07106781186548,3,2,1,0.000157894736842105,179.5,3.48547717842324e-05,0,0,0.202682132744051,41.1985914547091,0.941176470588235,0.00490196078431373,0.053921568627451,0.0113912133891213,0.0545539950226163,0.0295860577902321,NA,NA,6.69781156610112,0.527864045000421,2.22149510541809e-07,NA,NA,NA,NA,"edge",1
102216,174,93,179,240,0.00147218065238286,1263,35,174,16.2788205960997,18,75,2.39122613370207e-05,12,81950,0.000353874313605857,1.4142135623731,3,0.5,6.08276253029822,17,2,4,0,121.5,2.86307053941909e-05,0,0,0.0816678325597408,23.8232085977958,1,0,0,-0.00929916317991634,0.00591721155804642,0.0254508892481097,5.77069063257455,0.515272902601179,6,0,1.43829518315875e-06,0.520260167464115,0.520260167464115,0.213541666666667,0.213541666666667,"edge",1
102289,210,48,96,193,0.000866508823744783,365,19,90,7.21110255092798,9,8.5,3.78918524305898e-06,0,81893,0,0,0,0,0,0,0,0,0,29,7.88381742738589e-06,0,0,0.0904333869219403,45.8821520504123,1,0,0,-0.0113912133891213,-9.45894790432492e-19,0,NA,NA,NA,NA,-4.24200376986876e-08,NA,NA,NA,NA,"edge",1
102303,126,40,154,240,0.000705295798625889,680,16,150,9.48683298050514,10,21,1.19326305735158e-05,5,82008,8.53575260950151e-05,1.4142135623731,2,5.445,3.60555127546399,2,2,1,0,82,1.90871369294606e-05,0,0,0.0561885090986295,21.9338632507082,1,0,0,0.0113912133891213,0.00591721155804642,0.0150859886002677,NA,NA,2.92080962648189,0.968370926712203,3.14751500118395e-07,NA,NA,NA,NA,"edge",1
102268,138,348,156,240,0.00614223611585991,5114,121,162,42.4499705535822,58,544,0.000141692345774214,62,82045,0.00141385824852215,27.0185121722126,19,267.5,25.9422435421457,54,22,20,0.001,818,9.95850622406639e-05,0,0,0.0982771682914504,16.7727375616868,0.838827838827839,0.0567765567765568,0.104395604395604,1.10785564853556,0.113048168084572,0.108544952059187,13.0340128979903,4.90053786253385,12.8260928446096,6.84804293041167,5.79028341362086e-06,0.608540410067559,0.114652541027221,0.377296704050098,0.0710848862703083,"edge",1
102010,30,1,1,8,1.04856975085983e-05,2,1,1,0,1,2.7225,3.22446536546248e-09,0,81878,0,0,0,0,0,0,0,0,5.26315789473684e-05,0,8.29875518672199e-07,0,0,NA,NA,1,0,0,-0.0113912133891213,0,0,NA,NA,NA,NA,-4.24019824114033e-08,NA,NA,NA,NA,"edge",1
102324,210,56,72,108,0.000804387568555759,183,17,66,4,7,5.445,2.81958738901338e-06,0,81851,0,0,0,0,0,0,0,0,0,5,3.7344398340249e-06,0,0,0.119725205138392,38.6724277770164,1,0,0,-0.0113912133891213,0,0,NA,NA,NA,NA,-8.40012129775152e-08,NA,NA,NA,NA,"edge",1
102104,102,46,239,240,0.00082697897284347,281,16,234,4.47213595499958,10,10.5,5.60731792374085e-06,40,82118,0.000779366277795368,4.47213595499958,10,10.5,4.47213595499958,24,11,10,0.000421052631578947,15,6.63900414937759e-06,0,0,0.0887372544630899,25.2477365940475,0.879166666666667,0.0291666666666667,0.0916666666666667,0.0325418410041841,0.0187118659205003,0.0187118659205003,3.15888287989026,1.16497923259324,2.91819425349572,1.11020562453583,3.09294602947902e-06,0.628819861277845,0.628819861277845,0.462353274643191,0.462353274643191,"edge",1
102235,66,147,190,240,0.00211395823405061,1311,55,186,14.2126704035519,16,60.5,3.25239395541937e-05,38,82147,0.000803437739661826,14.2126704035519,8,60.5,20.6155281280883,28,8,11,0.000263157894736842,174.5,2.78008298755187e-05,0,0,0.0761785915675031,15.8275933699009,0.938967136150235,0.0187793427230047,0.0422535211267606,0.241746861924686,0.0594672401822255,0.0862574398664783,14.6075995811427,4.4135969372722,12.5307174829239,3.11331139521792,3.23597651929412e-06,0.595332204027856,0.272860593512767,0.376845530402843,0.172720868101303,"edge",1
102078,90,47,24,144,0.000760717528404211,193,17,18,2.82842712474619,7,5.445,9.53125406173484e-07,0,81894,0,0,0,0,0,0,0,0,0,7,4.149377593361e-06,0,0,0.305274355223592,323.906293844594,1,0,0,-0.0113912133891213,0,0,NA,NA,NA,NA,-1.68839675500274e-07,NA,NA,NA,NA,"edge",1
102068,174,48,129,240,0.000721562488534494,464,24,126,5,8,7.5,6.95449155787386e-06,13,81837,0.00018329117636277,1,2,5.445,3.16227766016838,2,3,1,0.000105263157894737,18.5,7.88381742738589e-06,0,0,0.0433521174429658,11.9635881090958,0.983333333333333,0.00333333333333333,0.0133333333333333,0.0113912133891213,0.00418410041841004,0.0132312872810392,NA,NA,3.10818510677892,0.0936910507816765,5.98551362756706e-07,NA,NA,NA,NA,"edge",1
102186,210,1,1,4,1.04068018857125e-05,1,1,1,0,1,2.7225,8.19763829430347e-08,0,82048,0,0,0,0,0,0,0,0,0,0,4.149377593361e-07,0,0,NA,NA,1,0,0,-0.0113912133891213,0,0,NA,NA,NA,NA,-4.24742959365138e-08,NA,NA,NA,NA,"edge",1
102198,126,1,1,240,4.87995315244974e-05,6,1,1,0,1,2.7225,4.18886350958395e-08,1,81968,4.87995315244974e-05,0,1,2.7225,1,3,1,1,0,0,8.29875518672199e-07,0,0,NA,NA,1,0,0,0,0,0.00418410041841004,NA,NA,NA,NA,1.61865924988149e-07,NA,NA,NA,NA,"edge",1
102115,66,160,167,240,0.00259174535189331,2266,47,150,25,31,215,7.28345465694265e-05,68,82064,0.00120637551179567,25,8,132,19.8494332412792,31,14,12,0.000789473684210526,350,4.64730290456432e-05,0,0,0.200337658685152,30.9265805768352,0.814814814814815,0.065843621399177,0.119341563786008,0.540910041841004,0.104602510460251,0.0830520219300385,14.2104475141765,4.18610447424254,13.1797557471955,4.08671899826111,4.92208833206579e-06,0.700917658730159,0.207679306290417,0.50512490981241,0.149666639944418,"edge",1
102306,66,54,48,228,0.000857799686617181,241,15,42,6.40312423743285,11,15,1.73783985894486e-06,0,82162,0,0,0,0,0,0,0,0,5.26315789473684e-05,21,7.88381742738589e-06,0,0,0.0751707348354161,83.1129438569321,0.987179487179487,0.0128205128205128,0,-0.0113912133891213,0,0,NA,NA,NA,NA,-1.26100553085432e-07,NA,NA,NA,NA,"edge",1
102306,54,14,34,240,0.000243724104313917,102,5,33,2,3,5.445,2.56858569806015e-06,4,81936,7.3227885178676e-05,1.4142135623731,3,0.5,3.16227766016838,2,2,2,0.000157894736842105,4,2.4896265560166e-06,0,0,0.45710070850646,108.105073712932,0.985815602836879,0.00709219858156028,0.00709219858156028,-0.00929916317991632,0.00591721155804642,0.0132312872810392,2.69917281883408,0.6549291474156,3.08113883008419,0.114747633940147,1.80037128422533e-07,0.347863247863248,0.347863247863248,0.255555555555556,0.255555555555556,"edge",1
102354,210,69,70,228,0.00132787564261872,824,20,69,13.8924439894498,10,51,8.89774746478515e-06,0,82166,0,0,0,0,0,0,0,0,0.000105263157894737,115,1.78423236514523e-05,0,0,0.192026208663503,94.0078992721724,0.979381443298969,0,0.0206185567010309,-0.0113912133891213,0,0,NA,NA,NA,NA,-8.52445408010848e-08,NA,NA,NA,NA,"edge",1
102178,78,208,120,240,0.00335928400662049,2220,56,114,25.3179778023443,23,130,5.98034607325401e-05,93,82016,0.00196303160358954,16.1245154965971,23,78.5,25.7099202643649,68,25,25,0.00110526315789474,281.5,4.10788381742739e-05,0,0,0.195001117849765,31.8473781672523,0.875305623471883,0.0342298288508557,0.0904645476772616,0.317060669456067,0.0674665920359711,0.107572888135418,19.3448964745074,4.33192850512687,18.6584894243837,4.1206760671238,8.13035910959008e-06,0.662876234473331,0.400487724994304,0.397037844958737,0.239877031329237,"edge",1
102127,186,2,8,12,3.06047498571778e-05,4,1,1,0,1,2.7225,9.98292742391665e-08,0,82159,0,0,0,0,0,0,0,0,0,0,4.149377593361e-07,0,0,NA,NA,1,0,0,-0.0113912133891213,0,-0.00836820083682008,NA,NA,NA,NA,-4.17008891964005e-08,NA,NA,NA,NA,"edge",1
102268,222,52,168,180,0.000948685826876999,401,17,165,5.3851648071345,8,6.5,7.0346556395795e-06,0,82076,0,0,0,0,0,0,0,0,0,17.5,7.46887966804979e-06,0,0,0.24403020900379,63.1719708835219,1,0,0,-0.0113912133891213,0,0,NA,NA,NA,NA,-4.2157183057028e-08,NA,NA,NA,NA,"edge",1
102273,138,106,120,240,0.00192532657438097,1612,31,114,24.8394846967484,18,267.5,3.94358426713115e-05,54,81826,0.00107545279006673,21.6333076527839,14,250.5,21.2132034355964,34,15,15,0.00126315789473684,325,2.73858921161826e-05,0,0,0.0677242211911719,11.272064930413,0.783783783783784,0.0653153153153153,0.150900900900901,1.03672594142259,0.0905159316016064,0.0887581733706963,13.5087320024986,3.7863702489518,14.141651662177,3.35096280391043,4.41658564258931e-06,0.700253128681107,0.0971153974083286,0.466600942916732,0.0647110796745833,"edge",1
102090,42,64,117,240,0.000916265545972097,634,19,114,7.61577310586391,8,10,1.06006872697725e-05,23,82073,0.000487370998988705,4.12310562561766,8,3,7.28010988928052,17,6,6,0.000526315789473684,73.5,1.6597510373444e-05,0,0,0.250433062797576,95.6398936736323,0.963917525773196,0.00859106529209622,0.0274914089347079,0.00116108786610879,0.0172514879732957,0.0304607108338097,6.47354301367987,0.558470249918408,6.55127678072123,0.544910130993567,1.99676635708168e-06,0.61349286678234,0.545326992695414,0.425984432234432,0.378652828652829,"edge",1
102080,42,66,167,216,0.00103804115527874,722,22,127,8.60232526704263,13,15,1.68029835430636e-05,0,82080,0,0,0,0,0,0,0,0,0,43,1.49377593360996e-05,0,0,0.158581405441605,34.3856853247896,1,0,0,-0.0113912133891213,-9.54498786244674e-19,-2.84194176432786e-18,NA,NA,NA,NA,-8.47584405633557e-08,NA,NA,NA,NA,"edge",1
102221,162,1,1,4,1.02031446091685e-05,1,1,1,0,1,2.7225,4.66758390968984e-15,0,82230,0,0,0,0,0,0,0,0,0,0,4.149377593361e-07,0,0,NA,NA,1,0,0,-0.0113912133891213,0,0,NA,NA,NA,NA,-4.1619173986751e-08,NA,NA,NA,NA,"edge",1
102082,54,67,60,240,0.00129145447013816,765,21,54,29.0688837074973,14,95.5,2.11057014638547e-05,20,82176,0.000340732087227414,13.1529464379659,6,13,10,8,5,6,0.000105263157894737,203.5,1.70124481327801e-05,0,0,0.118072531303799,22.7349530295184,0.928301886792453,0.0207547169811321,0.0509433962264151,0.0430020920502092,0.055033248694418,0.0418410041841004,7.3869788045338,2.95280425521944,7.53766276115244,2.64188382104885,1.25713550749786e-06,0.580602240896359,0.422256175197352,0.422058823529412,0.306951871657754,"edge",1
102061,210,96,167,240,0.00146303995318272,1119,31,162,26.6833281282527,19,88.5,2.87419023632493e-05,11,81967,0.000158600412361072,18.6815416922694,2,5.445,17.7200451466693,2,2,1,0.000315789473684211,159,2.65560165975104e-05,0,0,0.162480642669259,36.5961488132503,0.966796875,0.0078125,0.025390625,0.0113912133891213,0.0781654464111691,0.0741424483124241,NA,NA,9.36002257333467,11.8228573049551,5.79388351759012e-07,NA,NA,NA,NA,"edge",1
102158,102,56,84,228,0.000865041363597597,473,14,57,5.8309518948453,8,6,1.57519350330981e-05,0,82174,0,0,0,0,0,0,0,0,0.000210526315789474,28.5,8.71369294605809e-06,0,0,0.183235187087194,24.7241674681594,0.966666666666667,0.00333333333333333,0.03,-0.0113912133891213,-9.34084937808755e-19,-9.75210633211923e-19,NA,NA,NA,NA,-4.2113478389279e-08,NA,NA,NA,NA,"edge",1
102064,78,58,36,240,0.00115954057781738,514,20,31,18.6010752377383,12,66,2.0084008131547e-05,50,81747,0.00091746486109582,13.3416640641263,12,66,14.142135623731,25,13,12,0.000315789473684211,110,1.32780082987552e-05,0,0,0.136023817861133,19.066449524319,0.953571428571429,0.025,0.0214285714285714,0.264759414225941,0.0558228621929972,0.0591721155804642,11.1562243527566,3.32297646274509,11.9515611620967,1.26103182792945,3.79710242130756e-06,0.704341018458665,0.245700355276279,0.520132394838277,0.18144153308312,"edge",1
102065,150,74,82,162,0.00109544023004245,574,29,78,12.5299640861417,13,18.5,6.61113498344214e-06,0,81843,0,0,0,0,0,0,0,0,0,37,1.53526970954357e-05,0,0,0.0809241233966096,45.8962815149882,1,0,0,-0.0113912133891213,2.83132770198907e-18,0,NA,NA,NA,NA,-4.26088150309584e-08,NA,NA,NA,NA,"edge",1
102150,138,37,12,156,0.000788067727467637,176,16,7,1.4142135623731,4,5.445,1.66509683956931e-06,0,81878,0,0,0,0,0,0,0,0,0,2,2.0746887966805e-06,0,0,NA,NA,1,0,0,-0.0113912133891213,0,0,NA,NA,NA,NA,-1.24389821280436e-07,NA,NA,NA,NA,"edge",1
102225,54,13,11,24,0.000210029527680656,34,4,5,1.4142135623731,3,5.445,9.01097025920529e-08,0,81981,0,0,0,0,0,0,0,0,0,0,8.29875518672199e-07,0,0,NA,NA,1,0,0,-0.0113912133891213,0,-0.00418410041841004,NA,NA,NA,NA,-8.46812470837896e-08,NA,NA,NA,NA,"edge",1
102287,126,1,1,1,1.0173146961281e-05,1,1,1,0,1,2.7225,3.6122861895381e-19,0,82185,0,0,0,0,0,0,0,0,0,0,4.149377593361e-07,0,0,NA,NA,1,0,0,-0.0113912133891213,0,0,NA,NA,NA,NA,-4.25654684572427e-08,NA,NA,NA,NA,"edge",1
102149,174,127,192,240,0.00197635691541924,1587,38,162,16.0312195418814,21,88,5.54200643058135e-05,29,82054,0.000487483852097399,4,6,2.5,10.770329614269,11,7,6,0.000736842105263158,127.5,2.98755186721992e-05,0,0,0.290937505218386,37.8637817871921,0.896551724137931,0.0383141762452107,0.0651340996168582,-0.000930962343096233,0.0167364016736402,0.045064140645477,9.80609683295571,0.78010120063689,10.0100514529005,0.657278400171466,1.95470778233126e-06,0.777777777777778,0.777777777777778,0.600694444444444,0.600694444444444,"edge",1
102166,210,12,34,36,0.000181682163086459,44,4,13,1,2,5.445,8.34157712918343e-08,0,81686,0,0,0,0,0,0,0,0,0,0.5,1.2448132780083e-06,0,0,NA,NA,1,0,0,-0.0113912133891213,0,0,NA,NA,NA,NA,-8.42770040165577e-08,NA,NA,NA,NA,"edge",1
102166,78,10,69,78,0.000134504418470147,47,5,61,1.4142135623731,3,5.445,3.03829896162023e-07,0,81637,0,0,0,0,0,0,0,0,0,0.5,1.2448132780083e-06,0,0,NA,NA,1,0,0,-0.0113912133891213,0,0,NA,NA,NA,NA,-4.23226357792685e-08,NA,NA,NA,NA,"edge",1
102111,54,85,95,240,0.00150596877869605,1326,32,102,34.1760149812701,18,148.5,3.35654251290483e-05,36,81996,0.000707351578125762,15.52417469626,7,29.5,31.0161248385416,22,6,4,0,254.5,2.65560165975104e-05,0,0,0.167941509088725,31.8731144279938,1,0,0,0.112039748953975,0.0649547058420922,0.1297745809144,28.9739847293797,1.41807799582096,27.1442006706781,4.49787104527766,2.91782748815708e-06,0.672689075630252,0.313921568627451,0.496428571428571,0.231666666666667,"edge",1
102282,186,187,240,240,0.00333655174099559,1400,48,236,23.0867927612304,28,140,3.78921369676848e-05,187,81821,0.00333655174099559,23.0867927612304,28,140,15.0332963783729,86,34,31,0.000736842105263158,143.5,3.02904564315353e-05,0,0,0.0727238591987762,12.935448150218,0.86144578313253,0.0391566265060241,0.0993975903614458,0.574382845188285,0.09659745925201,0.0629008216668323,8.92346302002257,4.89396240156848,9.15970387947747,4.33587586681346,1.391817997472e-05,0.662655614313223,0.363098966746972,0.457575506778672,0.250726305084204,"edge",1
102107,78,2,10,24,4.03364056228949e-05,11,3,11,1,2,5.445,1.26787978359343e-09,0,81973,0,0,0,0,0,0,0,0,0,0,8.29875518672199e-07,0,0,NA,NA,1,0,0,-0.0113912133891213,0,0,NA,NA,NA,NA,-4.31181642079396e-08,NA,NA,NA,NA,"edge",1
102225,30,29,24,240,0.000548152118303408,195,12,21,4.47213595499958,7,5.445,2.23115140839145e-06,21,81945,0.000451522362560254,1.4142135623731,3,0.5,2.23606797749979,16,3,3,0.000105263157894737,8.5,4.5643153526971e-06,0,0,0.0469311248056133,23.1224826896736,1,0,0,-0.00929916317991632,0.00591721155804642,0.00935593296025017,2.07868932583326,0.136293910356554,1.66666666666667,0.577350269189626,1.6781014192683e-06,0.756944444444444,0.756944444444444,0.463541666666667,0.463541666666667,"edge",1
102081,198,55,35,156,0.000976038260699819,248,15,30,5.8309518948453,10,10,2.89992045950447e-06,0,82073,0,0,0,0,0,0,0,0,0,14.5,6.22406639004149e-06,0,0,0.0960998032677945,50.2754468276023,1,0,0,-0.0113912133891213,0,0,NA,NA,NA,NA,-4.25226421375657e-08,NA,NA,NA,NA,"edge",1
102370,30,26,21,84,0.000384245917387128,114,8,18,2.23606797749979,6,5.445,5.55455542810392e-07,0,82266,0,0,0,0,0,0,0,0,0,6.5,4.149377593361e-06,0,0,0.0785727060534634,143.113883967734,1,0,0,-0.0113912133891213,0,0,NA,NA,NA,NA,-8.44641463635272e-08,NA,NA,NA,NA,"edge",1
101976,162,10,12,24,0.000160159666867893,21,3,1,1,2,5.445,4.48304002013514e-08,0,81801,0,0,0,0,0,0,0,0,0,0,8.29875518672199e-07,0,0,NA,NA,1,0,0,-0.0113912133891213,0,0,NA,NA,NA,NA,-1.26057496336769e-07,NA,NA,NA,NA,"edge",1
102215,162,16,33,36,0.000271722722057847,38,5,31,2,3,5.445,3.31584750799662e-07,0,81834,0,0,0,0,0,0,0,0,0,1,1.6597510373444e-06,0,0,NA,NA,1,0,0,-0.0113912133891213,0,0,NA,NA,NA,NA,-4.21792820259485e-08,NA,NA,NA,NA,"edge",1
102219,54,25,35,144,0.000405071992340457,128,9,10,3.60555127546399,5,5.445,8.290073316667e-07,0,82078,0,0,0,0,0,0,0,0,0,2,2.4896265560166e-06,0,0,0.152324484091345,111.732098438573,1,0,0,-0.0113912133891213,0,0,NA,NA,NA,NA,-1.70047364142571e-07,NA,NA,NA,NA,"edge",1
102125,138,112,71,228,0.00175205413243113,714,42,66,10.1980390271856,11,33,7.43271827177038e-06,0,82006,0,0,0,0,0,0,0,0,0.000105263157894737,53.5,1.36929460580913e-05,0,0,0.141114718618561,63.4374343143022,0.996402877697842,0,0.00359712230215827,-0.0113912133891213,0,0,NA,NA,NA,NA,-8.45153295172412e-08,NA,NA,NA,NA,"edge",1
102384,126,9,7,12,0.000159473981206605,20,4,1,1,2,5.445,1.49871524511452e-07,0,81771,0,0,0,0,0,0,0,0,0,0,8.29875518672199e-07,0,0,NA,NA,1,0,0,-0.0113912133891213,0,0,NA,NA,NA,NA,-1.70546412799235e-07,NA,NA,NA,NA,"edge",1
102235,66,99,83,240,0.00144493873232226,942,23,80,15.556349186104,11,32.5,2.50963412369482e-05,25,81911,0.000402876292561439,4.24264068711928,4,2.5,14.2126704035519,8,7,4,0.000631578947368421,143.5,1.90871369294606e-05,0,0,0.145761735963828,26.9438288488125,0.881796690307329,0.0236406619385343,0.0945626477541371,-0.0123221757322176,0.0135675342557292,0.0552831397638155,11.3682405072553,1.91941232992455,11.3652474126899,1.72327492188628,1.6007521348284e-06,0.764705882352941,0.764705882352941,0.577205882352941,0.577205882352941,"edge",1
102142,210,246,142,240,0.00384160396112053,2734,90,138,25.7099202643649,40,257.5,8.74318090251969e-05,110,81698,0.0017625890474675,24.738633753706,20,254.5,24.0831891575846,34,18,17,0.00121052631578947,387,5.51867219917012e-05,0,0,0.0764536258290562,11.5564333898,0.756676557863502,0.0712166172106825,0.172106824925816,1.05346234309623,0.103508927839774,0.100766481830898,18.6732725238101,5.19766284783241,18.3746894092903,4.61885014986906,7.33275049950138e-06,0.727660003395297,0.155422524997054,0.568104199721847,0.121342644600783,"edge",1
102348,222,25,154,156,0.000394212533827697,183,12,151,2.23606797749979,6,5.445,2.62498861581025e-06,0,82174,0,0,0,0,0,0,0,0,0,6.5,4.5643153526971e-06,0,0,0.0601819168190291,25.5241031004853,1,0,0,-0.0113912133891213,0,0,NA,NA,NA,NA,-4.24648122764413e-08,NA,NA,NA,NA,"edge",1
102092,234,70,47,240,0.000982060271094312,507,20,44,8.60232526704263,11,23.5,5.44631747206137e-06,6,82222,0.000145946340395515,0,1,2.7225,0,6,1,1,0,44,1.20331950207469e-05,0,0,0.164563422470733,88.615775946969,1,0,0,3.74857477373785e-18,0,0,NA,NA,NA,NA,5.26152469302351e-07,NA,NA,NA,NA,"edge",1
102066,114,73,60,240,0.00120484860286243,949,25,54,10.295630140987,20,37,1.22753173719608e-05,26,81637,0.000575719342944988,1.4142135623731,4,1,5.65685424949238,21,4,6,0,78.5,2.15767634854772e-05,0,0,0.139890577659253,54.8843591944678,1,0,0,-0.0072071129707113,0.00591721155804642,0.0236688462321857,4.96649831220389,0.63298769170586,5.13908729652601,0.673084203434679,2.32402316737904e-06,0.750631313131313,0.750631313131313,0.418710918710919,0.418710918710919,"edge",1
102165,234,13,60,96,0.000292736476184668,76,6,58,2.23606797749979,3,5.445,4.47708906227865e-07,0,82355,0,0,0,0,0,0,0,0,0,2.5,2.0746887966805e-06,0,0,NA,NA,1,0,0,-0.0113912133891213,0,0,NA,NA,NA,NA,-4.23076576479574e-08,NA,NA,NA,NA,"edge",1
102171,66,37,81,240,0.000572730706895921,403,19,78,5.09901951359278,6,6,6.35688351338577e-06,8,81642,0.000159231767962568,1,2,5.445,2,5,1,2,0,20,7.46887966804979e-06,0,0,0.0580607902952571,16.6330869767072,1,0,0,0.0113912133891213,0.00418410041841004,0.00836820083682008,1.5,0.707106781186548,NA,NA,6.24039451465248e-07,NA,NA,NA,NA,"edge",1
102275,174,123,239,240,0.0019053900553296,753,32,234,13.4536240470737,14,42.5,1.88425525050971e-05,121,81873,0.0019053900553296,13.4536240470737,14,42.5,10,35,17,12,0.000473684210526316,73,1.74273858921162e-05,0,0,0.147688088174675,29.2875430707047,0.953002610966057,0.00783289817232376,0.0391644908616188,0.166433054393305,0.0562913140044925,0.0418410041841004,6.52225529666631,3.39146294715662,6.21828552584024,3.32283507551476,7.88766636505921e-06,0.807906445406445,0.661014364423455,0.625042087542088,0.511398071625344,"edge",1
102110,174,64,82,228,0.00118180267550379,721,23,90,7.07106781186548,11,11,1.70311591349915e-05,0,81928,0,0,0,0,0,0,0,0,5.26315789473684e-05,49,1.36929460580913e-05,0,0,0.0862076683011197,16.913533363257,0.995073891625616,0,0.00492610837438424,-0.0113912133891213,0,0,NA,NA,NA,NA,-1.26930673723899e-07,NA,NA,NA,NA,"edge",1
102065,198,64,128,240,0.00145928592275513,1399,31,126,24,12,90.5,4.23554224726834e-05,46,81909,0.00101331965962226,5.65685424949238,11,13.5,24.0208242989286,37,13,11,0.00105263157894737,155,2.9045643153527e-05,0,0,0.0984985500706206,16.4287883696568,0.834905660377358,0.0471698113207547,0.117924528301887,0.0450941422594142,0.0236688462321857,0.100505540999701,21.3250830298629,1.66280400119695,20.7760071215267,1.43317436487307,3.98358073961375e-06,0.725801878433457,0.604834898694548,0.516967038809144,0.430805865674287,"edge",1
102092,66,196,71,240,0.00350190294378716,2865,62,66,40.2616442783948,34,532.5,6.16096057988046e-05,45,81877,0.000818300621664204,24.5153013442625,9,117.5,17,22,13,12,0.000315789473684211,591.5,5.68464730290456e-05,0,0,0.130724572791396,28.5675259214518,0.922558922558923,0.0101010101010101,0.0673400673400673,0.480240585774059,0.102574482611977,0.0711297071129707,13.861559183824,3.81725893946463,13.5441370325655,3.9605615822353,3.25328817998788e-06,0.685882173382173,0.213385565052232,0.480541680541681,0.149501856168523,"edge",1
102454,126,44,225,232,0.000600027273966999,335,12,222,4.47213595499958,6,5.445,1.22373894856842e-05,0,81949,0,0,0,0,0,0,0,0,0.000578947368421053,16,7.46887966804979e-06,0,0,0.0762557606636863,11.3407501147668,0.947643979057592,0.00349040139616056,0.0488656195462478,-0.0113912133891213,0,0,NA,NA,NA,NA,-4.23157873178063e-08,NA,NA,NA,NA,"edge",1
102039,198,7,12,36,0.000172174191088756,26,3,5,2.23606797749979,3,5.445,1.55375851818816e-07,0,81814,0,0,0,0,0,0,0,0,0,0,1.2448132780083e-06,0,0,NA,NA,1,0,0,-0.0113912133891213,0,0,NA,NA,NA,NA,-4.26122865710361e-08,NA,NA,NA,NA,"edge",1
102083,90,370,156,240,0.00630465980595386,5742,102,150,65.5133574166368,61,1146.5,0.000176376687160947,141,81968,0.00254977552215499,63.5609943282828,26,1109,38.4837628097877,68,34,26,0.00268421052631579,1441,0.000109128630705394,0,0,0.119967916480159,17.5959107484049,0.684654300168634,0.0876897133220911,0.227655986509275,4.62877615062762,0.265945582963526,0.161019928074426,24.7984879373198,6.53577813756757,25.0906394198274,6.87250485662477,1.04979095683369e-05,0.707101832898402,0.051218643831675,0.497574157868276,0.0360415888999153,"edge",1
102163,222,141,190,240,0.00225868678729275,1593,53,186,23.7065391822594,23,86.5,6.64244175444938e-05,30,82292,0.000522529528994313,9.05538513813742,8,20,6,13,7,7,0.000894736842105263,181,3.11203319502075e-05,0,0,0.147977112314592,16.90261008696,0.867857142857143,0.0321428571428571,0.1,0.0722907949790795,0.0378886407453448,0.0251046025104603,5.29050495447169,0.715763145993299,5.42093764763382,0.618337171137751,2.14424869449657e-06,0.709722222222222,0.567777777777778,0.481646825396825,0.38531746031746,"edge",1
102248,78,71,107,240,0.00109963209839671,1066,24,78,15.8113883008419,11,26.5,2.72854358963517e-05,34,81958,0.000512457600234266,14.0356688476182,5,21,9.21954445729289,8,6,3,0.000157894736842105,101,2.24066390041494e-05,0,0,0.186447357706659,36.6924482715596,0.712121212121212,0.0909090909090909,0.196969696969697,0.0764748953974895,0.0587266478979841,0.0385754998213092,7.14573575186623,3.45075221462672,7.27564494260457,2.54518934521246,2.06205075157491e-06,0.841346153846154,0.458916083916084,0.726923076923077,0.396503496503497,"edge",1
102243,222,54,24,240,0.000901603391978167,367,17,235,4.47213595499958,11,9.5,1.42067013419645e-05,52,82076,0.000901603391978167,4.47213595499958,11,9.5,5.8309518948453,22,12,11,0.000368421052631579,16,7.05394190871369e-06,0,0,0.426553902789285,51.0764541954681,0.884180790960452,0.0310734463276836,0.0847457627118644,0.0283577405857741,0.0187118659205003,0.024397288262951,4.32790155392068,1.2634060920892,4.09078022858115,1.38781075004663,3.72968766579908e-06,0.650892857142857,0.650892857142857,0.487582853654282,0.487582853654282,"edge",1
101888,150,150,108,240,0.0024581442845088,1511,53,102,15.2643375224737,21,69.5,2.65976421613528e-05,19,82050,0.000268129189518586,2,2,5.445,15,3,4,3,0.000473684210526316,173.5,2.94605809128631e-05,0,0,0.185259873773436,50.073652154063,0.930656934306569,0.0145985401459854,0.0547445255474453,0.0113912133891213,0.00836820083682008,0.0627615062761506,13.8924439894498,0,14.1693329920874,0.553778005275098,9.94934659804785e-07,NA,NA,NA,NA,"edge",1
102235,114,20,238,240,0.000352952501149769,89,8,234,13.6014705087354,4,9.5,4.49832857749686e-06,20,81972,0.000317181476601766,13.6014705087354,4,9.5,13.8924439894498,6,3,4,0,2.5,2.4896265560166e-06,0,0,0.067915980876566,8.52556358560829,1,0,0,0.0283577405857741,0.0569099184465918,0.058127380708995,4.63568138233067,6.19251786395085,1.2761423749154,0.2391463117381,1.24292100597667e-06,0.506666666666667,0.253333333333333,0.403333333333333,0.201666666666667,"edge",1
102343,198,7,12,24,0.000160606846793423,28,4,10,1.4142135623731,2,5.445,1.25680573269557e-07,0,81815,0,0,0,0,0,0,0,0,0,0.5,1.2448132780083e-06,0,0,NA,NA,1,0,0,-0.0113912133891213,0,0,NA,NA,NA,NA,-4.19416641781279e-08,NA,NA,NA,NA,"edge",1
102211,150,155,240,240,0.0025897874419741,1862,57,234,30.0832179129826,27,360,7.497072721049e-05,155,81860,0.0025897874419741,30.0832179129826,27,360,19.6977156035922,57,33,30,0.001,415.5,4.02489626556017e-05,0,0,0.0909779474129185,11.8258479559855,0.756183745583039,0.106007067137809,0.137809187279152,1.49488493723849,0.125871204656831,0.0824172200987122,13.4696716364376,5.81329742085554,13.1206661169339,6.25246946559434,1.07515423807933e-05,0.78993828993829,0.168946339466571,0.57012402012402,0.121934038986062,"edge",1
102250,90,92,84,240,0.00171932348888537,1161,30,90,15,22,59.5,1.85596461419979e-05,30,81693,0.00056308374034495,12.7279220613579,7,29.5,7.21110255092798,16,7,6,0.000578947368421053,117,2.57261410788382e-05,0,0,0.164695247789278,42.7982943870732,0.884920634920635,0.0436507936507936,0.0714285714285714,0.112039748953975,0.0532549040224178,0.0301719772005355,5.62929159316299,1.54054905503634,5.22352100115,1.22500329617343,2.22921183383991e-06,0.698572261072261,0.508052553507099,0.484447843822844,0.352325704598432,"edge",1
102306,90,103,60,192,0.00225233451428711,1320,33,57,26.6270539113887,21,131,1.585725253177e-05,0,81991,0,0,0,0,0,0,0,0,0,148.5,2.61410788381743e-05,0,0,0.262428992048809,105.501558133879,1,0,0,-0.0113912133891213,0,-1.91822603656145e-18,NA,NA,NA,NA,-4.21588821555524e-08,NA,NA,NA,NA,"edge",1
102209,78,13,23,36,0.000216450216450216,51,8,18,2.23606797749979,4,5.445,1.90916093297311e-07,0,81785,0,0,0,0,0,0,0,0,0,1,1.6597510373444e-06,0,0,NA,NA,1,0,0,-0.0113912133891213,0,0,NA,NA,NA,NA,-1.67287064686646e-07,NA,NA,NA,NA,"edge",1
102189,126,45,24,108,0.000784842724875835,165,19,18,5.09901951359278,9,8,1.23279012737681e-06,0,82188,0,0,0,0,0,0,0,0,0,13,5.39419087136929e-06,0,0,0.240113255463831,255.987063444286,1,0,0,-0.0113912133891213,0,0,NA,NA,NA,NA,-8.43492106242388e-08,NA,NA,NA,NA,"edge",1
102123,54,72,58,180,0.00118485941803121,452,33,54,6.08276253029822,9,12,6.59237547018991e-06,0,81960,0,0,0,0,0,0,0,0,0,38,1.16182572614108e-05,0,0,0.0935054596375993,40.2087094176984,1,0,0,-0.0113912133891213,0,0,NA,NA,NA,NA,-1.6941221035965e-07,NA,NA,NA,NA,"edge",1
102271,126,1,1,1,1.00438918071975e-05,1,1,1,0,1,2.7225,1.31572383598594e-11,0,81902,0,0,0,0,0,0,0,0,0,0,4.149377593361e-07,0,0,NA,NA,1,0,0,-0.0113912133891213,0,0,NA,NA,NA,NA,-4.20246519129601e-08,NA,NA,NA,NA,"edge",1
102242,198,2,239,240,7.349878727001e-05,8,2,234,0,1,2.7225,5.39028972941288e-10,1,81634,7.349878727001e-05,0,1,2.7225,1.4142135623731,5,1,1,0,0,8.29875518672199e-07,0,0,NA,NA,1,0,0,0,0,0.00591721155804642,NA,NA,NA,NA,2.65758813173356e-07,NA,NA,NA,NA,"edge",1
102165,162,107,156,240,0.00206470214533548,896,39,153,18.1107702762748,18,50,2.00704819414425e-05,40,82133,0.000742697819390501,12.0415945787923,8,29,9.8488578017961,21,7,8,0.000210526315789474,102.5,2.0746887966805e-05,0,0,0.0896841085077566,22.5625043976474,0.94047619047619,0.0238095238095238,0.0357142857142857,0.10994769874477,0.0503832409154489,0.0412086100493561,6.47087274474873,2.90375243361669,6.68099742256998,3.0700139542922,3.06549802703788e-06,0.778413865546218,0.345961718020542,0.533219537815126,0.236986461251167,"edge",1
102168,210,36,36,148,0.000525935982582957,173,9,35,10.0498756211209,5,5.445,1.13724802811681e-06,0,82013,0,0,0,0,0,0,0,0,0,16,4.5643153526971e-06,0,0,0.049515596027615,48.4773373759279,1,0,0,-0.0113912133891213,0,0,NA,NA,NA,NA,-4.23672048685681e-08,NA,NA,NA,NA,"edge",1
102106,66,37,240,240,0.000636888066922238,521,15,235,14.8660687473185,7,20,2.05003196669437e-05,37,81647,0.000636888066922238,11.6619037896906,7,18.5,12.6491106406735,15,9,8,0.000210526315789474,93.5,1.36929460580913e-05,0,0,0.152891948818337,24.893858717303,0.969359331476323,0.011142061281337,0.0194986072423398,0.0660146443514644,0.0487945765259021,0.052925149124157,10.4881389879367,3.13941588192479,10.5194935019737,2.93816073754923,2.58075685593382e-06,0.72795954045954,0.330890700208882,0.533266733266733,0.242393969666697,"edge",1
102076,102,60,228,240,0.00121505206498098,240,18,227,16.2788205960997,11,39.5,1.15783516878934e-05,29,82086,0.000609117267256292,16.2788205960997,11,39.5,15.6524758424985,21,9,10,0.000368421052631579,42,6.22406639004149e-06,0,0,0.16753262886227,21.9452667230651,0.766871165644172,0.0674846625766871,0.165644171779141,0.153880753138075,0.0681122200673628,0.0654915307217512,4.72975815563272,4.00407955704426,4.88295846005886,4.11415924120677,2.50618390409834e-06,0.672291366041366,0.260241819112787,0.387136243386243,0.149859190988223,"edge",1
101943,162,104,240,240,0.00166440258961462,1100,37,234,15.556349186104,17,111.5,3.95398537819214e-05,104,81711,0.00166440258961462,15.556349186104,16,111.5,9.21954445729289,32,15,18,0.000578947368421053,105,2.28215767634855e-05,0,0,0.0800119096208724,11.0765810861686,0.907284768211921,0.0198675496688742,0.0728476821192053,0.455135983263598,0.0650893271385106,0.0385754998213092,7.43501460486264,1.9549340421945,7.87842985267812,1.46275537078031,6.92173787373069e-06,0.625255467571644,0.245198222577115,0.473240950226244,0.185584686363233,"edge",1
102191,126,162,228,240,0.00284326646165861,2067,54,234,30.364452901378,24,238,8.07727735292261e-05,160,81948,0.00284326646165861,30.364452901378,24,199.5,16.4012194668567,73,30,30,0.00168421052631579,290.5,4.35684647302905e-05,0,0,0.0748852969096824,9.27422653213206,0.777227722772277,0.0363036303630363,0.186468646864686,0.823336820083682,0.127047920089447,0.0686243492337101,8.04363702192154,3.98703547196797,7.5628170522714,3.85117065505429,1.17270778854724e-05,0.683777056277056,0.246723680099969,0.465869923727067,0.168097395159251,"edge",1
102214,30,191,192,240,0.0033942590625496,2878,61,186,34.0587727318528,32,415,0.000101534116106029,139,81918,0.002099660636246,29.4108823397055,19,388,28.0713376952364,33,28,16,0.002,510,5.60165975103734e-05,0,0,0.121143837536892,16.0982078753874,0.693581780538302,0.0890269151138716,0.217391304347826,1.61203974895397,0.12305808510337,0.117453295795968,12.9807816420443,5.22167870443384,15.4405602689776,5.15857703693571,8.70071486308239e-06,0.808292483660131,0.126172485254264,0.704009271978022,0.109894130259984,"edge",1
102134,162,199,131,240,0.00327180388709835,2996,66,126,49.3963561409139,38,516.5,0.000107454071228555,137,82232,0.00250510750072964,26.0768096208106,23,249.5,24.6981780704569,69,28,27,0.000578947368421053,774,6.30705394190871e-05,0,0,0.136716758951724,19.2363259718565,0.877076411960133,0.0332225913621262,0.0897009966777409,1.03254184100418,0.109107990045233,0.103339657198565,17.0854984519274,5.79560526980455,16.4233558154231,6.31181943975032,1.04392652881667e-05,0.648727366909185,0.178400025900026,0.460478999115363,0.126631724756725,"edge",1
102157,42,48,46,60,0.00068341855725461,181,16,42,3.60555127546399,5,5.445,1.28486450617495e-06,0,82300,0,0,0,0,0,0,0,0,0,5.5,3.3195020746888e-06,0,0,0.132820988008516,83.6041444870857,1,0,0,-0.0113912133891213,9.28745639282466e-19,0,NA,NA,NA,NA,-8.4172735415674e-08,NA,NA,NA,NA,"edge",1
102144,66,36,204,240,0.000648199107197456,344,13,199,7.07106781186548,6,8,8.98471909886299e-06,18,81925,0.000549282880683552,7.07106781186548,6,8,9.48683298050514,27,7,8,0.000210526315789474,58.5,1.03734439834025e-05,0,0,0.059427159710115,16.7116967139731,0.942934782608696,0.0135869565217391,0.0434782608695652,0.022081589958159,0.0295860577902321,0.0396938618431177,8.13746150881509,1.01796446334429,7.57341817616424,1.60744932022836,2.21316793960108e-06,0.430920314253648,0.35257116620753,0.20983645983646,0.171684376229831,"edge",1
102205,174,104,239,240,0.00175579779062111,1362,37,78,17.2046505340853,16,100.5,4.54996248519502e-05,103,82014,0.00175579779062111,12.8062484748657,16,60,7.21110255092798,41,19,18,0.000578947368421053,215.5,2.73858921161826e-05,0,0,0.153168461817132,21.2907404463872,0.905982905982906,0.0405982905982906,0.0534188034188034,0.239654811715481,0.0535826296019485,0.0301719772005355,4.66709155583832,1.37045753136355,4.61469122229561,1.34138969262165,7.17676272056736e-06,0.847174122174122,0.613470916057123,0.640323301037587,0.463682390406528,"edge",1
102065,186,25,35,132,0.000444961664841183,224,12,30,5,7,5.445,1.43290532049374e-06,0,81973,0,0,0,0,0,0,0,0,0,13.5,6.63900414937759e-06,0,0,0.0975806695935413,110.269941613691,1,0,0,-0.0227824267782427,-0.00418410041841004,-0.00418410041841004,NA,NA,NA,NA,-1.69886836254785e-07,NA,NA,NA,NA,"edge",1
102282,138,216,238,240,0.00332484867675894,2018,94,234,30.8058436014987,29,236,0.000120840220645749,198,81831,0.0028717723112268,23.7697286480094,24,168.5,15.1327459504216,37,33,23,0.00221052631578947,355.5,3.40248962655602e-05,0,0,0.181789142733454,12.1500159978522,0.711751662971175,0.104212860310421,0.184035476718404,0.693629707112971,0.0994549315816294,0.0633169286628517,11.0926591504128,2.53087299323556,11.6432092560953,2.58829928005137,1.19317707093167e-05,0.848805823805824,0.318302183927184,0.691058401475068,0.259146900553151,"edge",1
102158,174,87,34,240,0.00152682944704345,639,27,30,10.0498756211209,19,28.5,7.20956079575364e-06,30,81999,0.000707325699093891,8.54400374531753,7,14,15.0332963783729,28,8,9,0,84,1.82572614107884e-05,0,0,0.114151843656191,70.510038308091,1,0,0,0.0471861924686192,0.03574896964568,0.0629008216668323,9.55895645636414,2.97147192456887,10.0862415982511,2.88200930338702,2.79014383332326e-06,0.496386845477755,0.30334751668085,0.301237146691692,0.184089367422701,"edge",1
102256,222,190,155,240,0.00325872043351966,2547,70,150,24.7588368062799,26,179.5,9.47125081055753e-05,112,81987,0.00211009062412334,15.1327459504216,19,91,12.0415945787923,61,22,23,0.00226315789473684,361,4.9792531120332e-05,0,0,0.125181263041028,16.0399676937484,0.725457570715474,0.0565723793677205,0.217970049916805,0.369361924686192,0.0633169286628517,0.0503832409154489,7.70422572624422,2.10877858938171,7.83013643325606,1.89180180685876,8.78625693256255e-06,0.726109694227341,0.403394274570745,0.477832200479259,0.265462333599588,"edge",1
102246,102,54,203,240,0.000907634810464495,502,22,198,12.2065556157337,11,31,2.45855840193708e-05,11,82014,0.000170702562977053,3.16227766016838,3,0.5,12.0830459735946,3,2,2,0.000263157894736842,59,9.95850622406639e-06,0,0,0.0494957131893357,4.88231191279862,0.953678474114441,0.0136239782016349,0.0326975476839237,0.00209205020920502,0.0132312872810392,0.0505566777137848,11.6316929305468,0.638309594896583,10.0623058987491,1.58113883008419,7.14236665175953e-07,0.639880952380952,0.479910714285714,0.523809523809524,0.392857142857143,"edge",1
102015,198,156,216,240,0.00298981023857465,1987,50,234,39.3954312071844,30,297,9.1962951963992e-05,156,81910,0.00256378952508851,39.3954312071844,24,289,28.4253408071038,54,28,27,0.00157894736842105,496,4.02489626556017e-05,0,0,0.141166600042001,14.6796611216762,0.741854636591479,0.0451127819548872,0.213032581453634,1.19781380753138,0.164834440197424,0.118934480364451,10.7295788235542,6.55642882763141,11.8013747924848,7.394621379145,1.06427559749531e-05,0.730577523611579,0.155542311478594,0.544475248303,0.115920536735477,"edge",1
102098,150,1,1,1,1.01779098644302e-05,1,1,1,0,1,2.7225,1.63532101196771e-10,0,82021,0,0,0,0,0,0,0,0,0,0,4.149377593361e-07,0,0,NA,NA,1,0,0,-0.0113912133891213,0,0,NA,NA,NA,NA,-4.25853969223023e-08,NA,NA,NA,NA,"edge",1
102125,222,32,238,240,0.000547595144656384,461,15,234,10.6301458127346,7,8.5,7.66126816883567e-06,29,81907,0.000512776685753354,10.6301458127346,4,7,6.70820393249937,13,8,6,0.000105263157894737,35.5,9.95850622406639e-06,0,0,0.22221451315919,68.4330333663312,0.97583081570997,0.0151057401812689,0.00906344410876133,0.017897489539749,0.0444775975428228,0.0280677988807505,3.96548195179709,0.727972161532207,4.20792166293128,1.21579851650022,2.10318094362486e-06,0.855082417582418,0.684065934065934,0.577251221001221,0.461800976800977,"edge",1
102440,222,31,60,228,0.000534434592493623,227,13,42,6.08276253029822,7,5.445,3.50097855161971e-06,0,81855,0,0,0,0,0,0,0,0,0.000105263157894737,27,8.29875518672199e-06,0,0,0.0273393708839315,15.9011301904973,1,0,0,-0.0113912133891213,-9.4051373415022e-19,-9.57518631234126e-19,NA,NA,NA,NA,-4.25767300798807e-08,NA,NA,NA,NA,"edge",1
102141,234,1,1,11,1.14387682734323e-05,1,1,1,0,1,2.7225,1.74574135799292e-14,0,82208,0,0,0,0,0,0,0,0,0,0,4.149377593361e-07,0,0,NA,NA,1,0,0,-0.0113912133891213,0,0,NA,NA,NA,NA,-4.27686563401176e-08,NA,NA,NA,NA,"edge",1
102131,42,39,22,229,0.000599388379204893,149,13,18,4,7,5.445,1.36580732136652e-06,0,81873,0,0,0,0,0,0,0,0,5.26315789473684e-05,8,4.5643153526971e-06,0,0,0.114844080935534,93.6467206201723,1,0,0,-0.0113912133891213,0,0,NA,NA,NA,NA,-8.41956015375801e-08,NA,NA,NA,NA,"edge",1
102188,54,11,12,24,0.00019251033476534,36,7,18,3.16227766016838,2,5.445,3.2220217267524e-07,0,81970,0,0,0,0,0,0,0,0,0,0,4.149377593361e-07,0,0,NA,NA,1,0,0,-0.0113912133891213,0,0,NA,NA,NA,NA,-4.240284183846e-08,NA,NA,NA,NA,"edge",1
102146,198,10,9,12,0.000131665569453588,14,4,3,0,1,2.7225,1.02689740556515e-07,0,82047,0,0,0,0,0,0,0,0,0,0,4.149377593361e-07,0,0,NA,NA,1,0,0,-0.0113912133891213,0,0,NA,NA,NA,NA,-1.28123928296725e-07,NA,NA,NA,NA,"edge",1
102148,18,13,12,42,0.000206478568739145,45,5,21,2.23606797749979,4,5.445,1.25723945532253e-07,0,81794,0,0,0,0,0,0,0,0,0,1,1.6597510373444e-06,0,0,NA,NA,1,0,0,-0.0113912133891213,0,0,NA,NA,NA,NA,-4.27241115702576e-08,NA,NA,NA,NA,"edge",1
102217,174,19,10,24,0.000301903067550811,54,7,6,2,3,5.445,7.13736357652831e-08,0,82442,0,0,0,0,0,0,0,0,0,0,8.29875518672199e-07,0,0,NA,NA,1,0,0,-0.0113912133891213,0,0,NA,NA,NA,NA,-8.46538343869631e-08,NA,NA,NA,NA,"edge",1
102225,186,218,84,240,0.00361112471233413,2321,86,90,17.8044938147649,36,127.5,3.76025011784927e-05,3,82067,7.31109946750826e-05,6.32455532033676,3,3,7.81024967590665,3,2,3,0.000368421052631579,190,4.35684647302905e-05,0,0,0.164228791994816,46.407475048475,0.955729166666667,0.0260416666666667,0.0182291666666667,0.00116108786610879,0.0264625745620785,0.0326788689368479,6.93674989196888,0.906780791814922,6.90512483795333,1.28003982147434,2.22499471268419e-07,0.65,0.65,0.333333333333333,0.333333333333333,"edge",1
102198,114,23,59,60,0.000406943745381724,97,10,55,2.23606797749979,4,5.445,3.66949153734685e-07,0,81744,0,0,0,0,0,0,0,0,0,2,2.4896265560166e-06,0,0,0.0585649055156404,97.0191561206288,1,0,0,-0.0113912133891213,0,0,NA,NA,NA,NA,-4.23324843271385e-08,NA,NA,NA,NA,"edge",1
102347,42,110,130,240,0.00189829518490125,1484,42,126,21.9317121994613,21,75.5,3.30218638024167e-05,3,81868,0.000134362632530415,0,1,2.7225,4.47213595499958,8,1,1,0.000105263157894737,194.5,3.48547717842324e-05,0,0,0.100897983689101,25.9461262075066,0.981538461538462,0.00615384615384615,0.0123076923076923,0,0,0.0187118659205003,NA,NA,NA,NA,5.20014267113258e-07,NA,NA,NA,NA,"edge",1
101971,150,70,48,240,0.00112384256431556,382,19,30,24.0416305603426,13,45,4.66215196461138e-06,25,82064,0.000414310781828817,7.28010988928052,5,8.5,4.12310562561766,9,3,4,0,90.5,9.12863070539419e-06,0,0,0.102849755399509,42.8370379783813,1,0,0,0.024173640167364,0.0304607108338097,0.0172514879732956,3.32134582144651,0.9788850353743,2.51243972933025,1.42529642872085,1.60789566146868e-06,0.611237373737374,0.382023358585859,0.461111111111111,0.288194444444444,"edge",1
102137,234,53,36,240,0.000805015490449589,374,13,13,15.2643375224737,7,16.5,5.13814674629513e-06,1,82384,1.21382792775296e-05,0,1,2.7225,14.2126704035519,0,1,0,0,43.5,7.88381742738589e-06,0,0,0.188906852482423,70.676016683777,1,0,0,0,9.41421016302928e-19,0.0594672401822255,NA,NA,NA,NA,-7.46862982581234e-08,NA,NA,NA,NA,"edge",1
102262,234,1,1,5,1.0398361218272e-05,1,1,1,0,1,2.7225,2.30118374135741e-13,0,82463,0,0,0,0,0,0,0,0,0,0,4.149377593361e-07,0,0,NA,NA,1,0,0,-0.0113912133891213,0,0,NA,NA,NA,NA,-4.2071556312694e-08,NA,NA,NA,NA,"edge",1
102214,114,95,107,193,0.00143777948361784,657,38,102,8.06225774829855,11,14.5,1.01288345361297e-05,0,82307,0,0,0,0,0,0,0,0,0,32.5,1.12033195020747e-05,0,0,0.114198434710087,30.7654457895201,1,0,0,-0.0113912133891213,-9.64368801295049e-19,0,NA,NA,NA,NA,-4.26062117470781e-08,NA,NA,NA,NA,"edge",1
102006,126,304,204,240,0.00528229151417557,4557,96,200,56.4623768539724,56,1135.5,0.000207173117601325,144,81372,0.00250700486653886,54.561891462815,25,910.5,33.2415402771893,60,32,23,0.00347368421052632,1237.5,8.67219917012448e-05,0,0,0.13263898070335,13.1896147076776,0.739303482587065,0.0557213930348259,0.204975124378109,3.79823221757322,0.228292432898807,0.139085942582382,17.5468687637771,9.85916767991748,15.4653314497062,9.13051025112579,1.04469378406407e-05,0.832833832833833,0.069734890309053,0.620112030826316,0.0519232561696676,"edge",1
102138,210,361,240,240,0.00668416405023548,4472,116,234,29.0688837074973,62,452,0.000182141292493287,361,81536,0.00668416405023548,25.7099202643649,58,345.5,25.9615099714943,184,82,56,0.00431578947368421,557.5,8.67219917012448e-05,0,0,0.149065947104802,16.8353586087504,0.710179640718563,0.0934131736526946,0.196407185628743,1.43421548117155,0.107572888135418,0.108625564734286,18.467396210691,4.9899818237089,18.1718067887373,5.06550415353709,2.788280738563e-05,0.762964756034842,0.353074115824635,0.571934872862331,0.264671989037355,"edge",1
102301,138,12,11,12,0.000172318720705817,17,4,4,1,2,5.445,2.69087483083001e-09,0,82263,0,0,0,0,0,0,0,0,0,0,4.149377593361e-07,0,0,NA,NA,1,0,0,-0.0113912133891213,0,0,NA,NA,NA,NA,-8.44283550266363e-08,NA,NA,NA,NA,"edge",1
102245,150,80,215,240,0.0013454505424612,620,32,210,7.07106781186548,11,21,2.90440091945161e-05,26,82255,0.000449820679593946,6.40312423743285,5,6.5,6,11,5,5,0.000736842105263158,42.5,1.41078838174274e-05,0,0,0.0900052144111583,10.6750287851704,0.831884057971015,0.0608695652173913,0.107246376811594,0.0158054393305439,0.0267913148009743,0.0251046025104603,5.21061540681115,0.749572446717362,5.21061540681115,0.749572446717362,1.79772697414434e-06,0.554112554112554,0.554112554112554,0.365945165945166,0.365945165945166,"edge",1
102081,42,247,180,240,0.00425094022957527,2688,76,174,39.0512483795333,47,368.5,9.54789416586218e-05,59,81662,0.00112659498910142,39.0512483795333,11,173.5,32.2800247831379,33,12,13,0.001,515.5,5.10373443983402e-05,0,0,0.109645759943672,13.7072711872746,0.933583959899749,0.0263157894736842,0.0401002506265664,0.714550209205021,0.16339434468424,0.135062865201414,18.3915815490082,10.9876690947942,17.2562449124952,10.6500710123104,4.58619529828769e-06,0.682563666492238,0.130902620971114,0.428059254004632,0.0820935555625322,"edge",1
102121,186,90,120,240,0.00162498320036165,1357,29,34,13.6014705087354,19,43,2.66819995646506e-05,13,81767,0.000330206562549684,2,2,5.445,10.816653826392,14,3,4,0.000105263157894737,164.5,2.78008298755187e-05,0,0,0.161722921611099,40.9952772489515,0.985380116959064,0.0087719298245614,0.00584795321637427,0.0113912133891213,0.00836820083682008,0.0452579658008032,10.0180991418424,0.922091524174628,10.2842840366923,0.922091524174628,1.3396269261962e-06,NA,NA,NA,NA,"edge",1
102167,210,31,215,228,0.000572758624891846,338,13,211,4.47213595499958,7,5.5,1.27070168321576e-05,0,81679,0,0,0,0,0,0,0,0,0.000105263157894737,23.5,8.71369294605809e-06,0,0,0.166397676989765,27.8238965725924,0.972602739726027,0.0045662100456621,0.0228310502283105,-0.0113912133891213,0,0,NA,NA,NA,NA,-1.26572296893548e-07,NA,NA,NA,NA,"edge",1
102183,210,118,216,240,0.00203004959642128,1719,51,198,30.0832179129826,30,223,7.79357710326772e-05,78,81765,0.0015410016510732,30.0832179129826,30,209,26.0768096208106,48,27,21,0.000421052631578947,353,4.39834024896266e-05,0,0,0.109114443301963,14.8342510943696,0.923684210526316,0.0210526315789474,0.0552631578947368,0.863085774058577,0.125871204656831,0.109107990045233,13.4553343835487,5.54090926276885,12.6340342031458,5.20832120210242,6.36333177888981e-06,0.534871785558284,0.164960457228256,0.387952544531492,0.11964891560317,"edge",1
102077,234,59,226,240,0.000989373396848662,859,26,66,8.60232526704263,11,17,1.58091085278819e-05,39,82186,0.000705716302046577,6.40312423743285,10,10.5,10,19,8,10,0.000578947368421053,75,1.82572614107884e-05,0,0,0.111930423414767,29.4900702774825,0.901716068642746,0.0249609984399376,0.0733229329173167,0.0325418410041841,0.0267913148009743,0.0418410041841004,7.13702823547938,1.81439551181658,6.4639502675521,1.87992308007176,2.74200195938673e-06,0.554640457581634,0.469311156415229,0.356906729634002,0.301998001998002,"edge",1
102059,126,104,71,240,0.00185855424043823,1735,37,78,17.8044938147649,20,134.5,4.55300601316526e-05,58,82050,0.00102376599634369,17.8044938147649,11,110,11.4017542509914,26,14,11,0.000947368421052632,169.5,3.65145228215768e-05,0,0,0.124096467933547,24.1346981908297,0.903636363636364,0.0363636363636364,0.06,0.448859832635983,0.0744957900199366,0.0477060847321815,7.32677842388411,2.9749201199422,7.29934443681528,2.67573126019604,4.19875553064832e-06,0.770532852564103,0.300695747342089,0.61180173992674,0.238751898507996,"edge",1
102262,174,11,12,24,0.000196191433791522,40,6,13,3,4,5.445,2.27740950683901e-07,0,81885,0,0,0,0,0,0,0,0,0,2,2.4896265560166e-06,0,0,0.136136076819745,363.397731178963,1,0,0,-0.0113912133891213,0,0,NA,NA,NA,NA,-4.28378407380754e-08,NA,NA,NA,NA,"edge",1
102225,174,60,216,240,0.00106323173563415,353,18,227,8.06225774829855,9,8,1.62865721796418e-05,48,82025,0.000792441328863152,8.06225774829855,8,7,6.70820393249937,17,10,9,0.000473684210526316,19.5,7.46887966804979e-06,0,0,0.0932244908267664,9.90443562222334,0.909302325581395,0.0372093023255814,0.0534883720930233,0.017897489539749,0.0337332960179856,0.0280677988807505,5.4462431119378,1.83867899900412,4.78343979814404,1.60509733091234,3.23058546867362e-06,0.686200505843363,0.565106298929828,0.497231934731935,0.409485122720417,"edge",1
102157,162,37,72,240,0.000683852532086117,396,14,66,9.8488578017961,12,25.5,3.05535247965151e-06,3,81824,3.66640594446617e-05,1.4142135623731,2,5.445,2,0,2,0,0,36,1.12033195020747e-05,0,0,0.197247175279158,176.500277661215,1,0,0,0.0113912133891213,0.00591721155804642,0.00836820083682008,NA,NA,1.70710678118655,0.414213562373095,1.1173511990408e-07,NA,NA,NA,NA,"edge",1
102402,234,37,204,240,0.000743476300169415,483,23,200,4.47213595499958,6,5.445,1.24334441604549e-05,15,82397,0.00035195456145248,4.12310562561766,3,4,8.60232526704263,14,3,3,0.000263157894736842,38,9.95850622406639e-06,0,0,0.0555400091883127,10.8610407094339,0.885572139303483,0.0248756218905473,0.0895522388059701,0.00534518828451883,0.0172514879732956,0.0359929927491323,7.07269945763551,1.86155407467619,8.27347454664972,0.56958615582614,1.42987384175515e-06,0.535119047619048,0.428095238095238,0.288095238095238,0.23047619047619,"edge",1
102184,54,122,240,240,0.0022030475491096,2139,35,198,38.4707681233427,23,333,7.26650447996121e-05,122,81705,0.0022030475491096,38.0131556174964,23,333,25.4950975679639,58,26,29,0.00142105263157895,412.5,4.27385892116183e-05,0,0,0.0780904700100417,11.1805311449535,0.805555555555556,0.0648148148148148,0.12962962962963,1.38191422594142,0.159050860324253,0.106674048401523,12.3185526249222,5.85949953855053,12.7440643977645,5.71072460644506,9.13440695147652e-06,0.684262792008972,0.117194179846841,0.477639679888007,0.0818056910305427,"edge",1
102191,66,110,239,240,0.00196121693510823,1031,32,234,11.6619037896906,14,51,3.19083075243912e-05,107,81582,0.00196121693510823,11.6619037896906,14,51,10,53,24,16,0.000736842105263158,94.5,2.15767634854772e-05,0,0,0.131985616129736,21.0262160944843,0.836185819070905,0.0220048899755501,0.141809290953545,0.201997907949791,0.0487945765259021,0.0418410041841004,8.51171973018974,1.66953158610792,8.43389016638417,1.54452637840919,8.1218505829565e-06,0.803541478129713,0.608743544037662,0.571344394167924,0.432836662248427,"edge",1
102214,234,59,60,192,0.000930004894762604,367,25,30,16.5529453572468,9,13,3.84558588565259e-06,0,82350,0,0,0,0,0,0,0,0,0,35,7.88381742738589e-06,0,0,0.117404292180964,58.7254416183216,1,0,0,-0.0113912133891213,2.80557075886723e-18,3.73302190771424e-18,NA,NA,NA,NA,-8.54717876005566e-08,NA,NA,NA,NA,"edge",1
102127,162,67,72,132,0.00133919331864279,744,22,70,11.1803398874989,11,23,1.02328075215667e-05,0,82221,1.21623429537466e-05,0,1,2.7225,2.82842712474619,1,0,1,0,60.5,1.74273858921162e-05,0,0,0.165359800028662,68.7317466795265,1,0,0,-0.0113912133891213,-0.00418410041841004,0.0076503226976828,NA,NA,NA,NA,-1.56918019046356e-07,NA,NA,NA,NA,"edge",1
102197,138,96,131,240,0.00168134800248547,1043,36,126,23.7697286480094,13,75.5,2.3716826626085e-05,21,81703,0.000685409348493935,23.7697286480094,6,39.5,21.1896201004171,35,6,9,0,187.5,2.28215767634855e-05,0,0,0.125846346203874,29.4693229841802,1,0,0,0.153880753138075,0.0994549315816294,0.088659498328105,18.6840255688575,6.00171534730398,17.9449233664904,7.41455800738939,2.73978648137753e-06,0.501821435644965,0.188183038366862,0.187443058031293,0.070291146761735,"edge",1
102258,90,286,180,240,0.00460073905489073,3271,98,174,51.4003891035856,38,539.5,0.000107378986808589,115,82262,0.00203009895212856,22.2036033111745,21,177.5,52.1536192416212,52,27,21,0.00126315789473684,784,6.09958506224066e-05,0,0,0.109545812096453,14.8504085059326,0.628205128205128,0.132478632478632,0.239316239316239,0.731286610878661,0.0929021059044959,0.218215980090465,43.4040048381888,5.24375649766518,42.7074990607771,5.59490546868113,8.41025370579891e-06,0.787892581274934,0.302205373639701,0.59792022869754,0.229339265801796,"edge",1
102227,66,79,240,240,0.0012309417313622,632,27,234,10.770329614269,12,18.5,2.33718335512523e-05,79,82051,0.0012309417313622,8.06225774829855,12,18.5,7.61577310586391,22,18,9,0.000631578947368421,59,1.45228215767635e-05,0,0,0.0555164912180845,5.80802381810244,0.902777777777778,0.0305555555555556,0.0666666666666667,0.0546234309623431,0.0295491955995755,0.0276810590203511,4.52733243494487,2.07753908541649,5.46506938019933,1.75556761481091,5.06746301776514e-06,0.834429824561403,0.609775641025641,0.685685805422648,0.501078088578089,"edge",1
102143,186,35,45,124,0.00053611351918602,261,13,43,5,6,5.445,2.50584128786197e-06,0,82117,0,0,0,0,0,0,0,0,0,11.5,5.80912863070539e-06,0,0,0.100018687658798,56.5697719554858,1,0,0,-0.0113912133891213,0,0,NA,NA,NA,NA,-1.26001819466273e-07,NA,NA,NA,NA,"edge",1
102092,78,116,228,240,0.00204333834991252,1529,45,234,23.259406699226,17,153.5,5.89369038083214e-05,91,81877,0.00147782649584132,17.8885438199983,14,88.5,15.8113883008419,30,20,13,0.00157894736842105,253,2.57261410788382e-05,0,0,0.0963750497949484,9.63911238751954,0.804568527918782,0.0558375634517767,0.139593908629442,0.358901673640167,0.0748474636820013,0.0661564364051962,11.5029801707882,3.80634134784645,12.4501255408476,2.70367664236269,6.09948272187464e-06,0.781769135904474,0.469061481542685,0.65720161208883,0.394320967253298,"edge",1
102136,174,24,36,96,0.000456667922503454,161,12,46,2.23606797749979,5,5.445,1.09720904110213e-06,0,82005,0,0,0,0,0,0,0,0,0,2,2.4896265560166e-06,0,0,3.96410734068162,2193.73305782771,1,0,0,-0.0113912133891213,0,0,NA,NA,NA,NA,-8.41735820875923e-08,NA,NA,NA,NA,"edge",1
102195,138,55,155,240,0.000993434199257779,759,24,66,18.0277563773199,13,44,1.28895264538096e-05,40,81867,0.000720681104718629,11.1803398874989,10,39.5,16.0312195418814,19,10,9,0.000421052631578947,85.5,1.45228215767635e-05,0,0,0.433754678522241,114.685245535491,0.927230046948357,0.0328638497652582,0.039906103286385,0.153880753138075,0.0467796648012508,0.0670762323928092,10.3650779269067,4.95083876886476,8.52824335020066,4.76900471328,2.97338843138284e-06,0.693015236397589,0.259880713649096,0.526064213564214,0.19727408008658,"edge",1
102224,42,239,228,240,0.00412313113269875,2555,74,198,39.560080889705,44,461.5,0.000115977213489889,233,81734,0.00412313113269875,39.560080889705,44,461.5,31.1448230047949,104,56,40,0.003,664,5.4356846473029e-05,0,0,0.104848333336326,11.6430100012904,0.728515625,0.109375,0.162109375,1.91957112970711,0.16552335100295,0.130313066965669,17.0218356787103,6.30483006761655,17.1928857203412,6.82863238538226,1.72098451248643e-05,0.744019320934638,0.161513091021398,0.569505369015596,0.123629279394845,"edge",1
102037,126,44,71,96,0.000673477541236231,245,16,18,3.60555127546399,5,5.445,2.21797844567573e-06,0,81879,0,0,0,0,0,0,0,0,0,5.5,3.3195020746888e-06,0,0,0.598625736580291,218.561654335163,1,0,0,-0.0113912133891213,0,0,NA,NA,NA,NA,-1.26191829247312e-07,NA,NA,NA,NA,"edge",1
102062,138,6,162,172,0.000102361130066876,21,2,136,1,2,5.445,8.28171417508877e-07,0,81833,0,0,0,0,0,0,0,0,0,0,8.29875518672199e-07,0,0,NA,NA,1,0,0,-0.0113912133891213,0,0,NA,NA,NA,NA,-4.27822128671783e-08,NA,NA,NA,NA,"edge",1
102224,54,1,1,3,1.02377198550339e-05,1,1,1,0,1,2.7225,2.51944887552053e-09,0,82101,0,0,0,0,0,0,0,0,0,0,4.149377593361e-07,0,0,NA,NA,1,0,0,-0.0113912133891213,0,0,NA,NA,NA,NA,-4.21168696805077e-08,NA,NA,NA,NA,"edge",1
102284,66,53,227,240,0.000890754456822813,460,21,210,13.9283882771841,10,48.5,2.54446207903405e-05,45,81755,0.000795058406213687,12.2065556157337,10,33.5,10.295630140987,20,8,9,0.000473684210526316,53,1.07883817427386e-05,0,0,0.0318802120458334,3.21050596902807,0.879049676025918,0.0259179265658747,0.0950323974082073,0.128776150627615,0.0510734544591368,0.0430779503806987,7.12016275350305,3.44110340720551,7.39808133836263,3.27647764021418,3.24236707903721e-06,0.636628257363551,0.225900349387067,0.463203463203463,0.164362519201229,"edge",1
102295,114,151,168,240,0.00279674161282837,2233,40,55,19.723082923316,29,164,5.76566499714527e-05,78,81890,0.00140432287214556,16.4924225024706,11,42.5,14.422205101856,37,15,12,0.000473684210526316,261,4.5643153526971e-05,0,0,0.15138507804702,28.6458642548448,0.950226244343891,0.0180995475113122,0.0316742081447964,0.155041841004184,0.0648218514747726,0.0561598539826609,11.1543347654505,1.67792597309737,11.0593560746363,1.67672402141954,5.79235209384185e-06,0.69296525627795,0.406221012300867,0.514858670741024,0.301813703537841,"edge",1
102251,126,80,189,240,0.00126680958877412,1160,34,174,16.7630546142402,10,57.5,3.6688526451443e-05,40,82007,0.000646286292633556,16.1554944214035,10,57.5,11.6619037896906,13,11,8,0.000894736842105263,152,2.0746887966805e-05,0,0,0.138126499946852,18.4602591763581,0.86986301369863,0.0205479452054795,0.10958904109589,0.217803347280335,0.0634121105498055,0.0446104761074921,9.30972799353411,2.15909099560968,9.6769255879334,1.37579877967668,2.61863225583083e-06,0.716058941058941,0.358029470529471,0.564685314685315,0.282342657342657,"edge",1
102313,234,69,72,240,0.0012018641157714,669,26,66,9.21954445729289,9,19,1.5635522743576e-05,5,82361,7.28500139629193e-05,3,2,5.445,8.06225774829855,1,2,1,0.000105263157894737,44,1.2448132780083e-05,0,0,0.120561958086406,22.4680662363582,0.9125,0.009375,0.078125,0.0113912133891213,0.0125523012552301,0.0337332960179856,NA,NA,6.58063863094567,2.0953258500317,2.20408965551906e-07,NA,NA,NA,NA,"edge",1
102230,150,0,1,-Inf,1.0487676979549e-05,2,2,1,0,1,2.7225,6.73473496440789e-16,0,82009,0,0,0,0,0,0,0,0,0,0,4.149377593361e-07,0,0,NA,NA,1,0,0,-0.0113912133891213,0,0,NA,NA,NA,NA,-4.24962970851535e-08,NA,NA,NA,NA,"edge",1
102278,162,1,1,13,1.33598749515705e-05,1,1,1,0,1,2.7225,1.6148267306714e-10,0,81762,0,0,0,0,0,0,0,0,0,0,4.149377593361e-07,0,0,NA,NA,1,0,0,-0.0113912133891213,0,0,NA,NA,NA,NA,-4.21967225552411e-08,NA,NA,NA,NA,"edge",1
102149,90,52,24,228,0.000982994200334218,398,18,21,7.07106781186548,10,17.5,2.58711951249579e-06,0,82236,0,0,0,0,0,0,0,0,0.000157894736842105,20.5,8.71369294605809e-06,0,0,0.098649790286084,81.072207034082,0.984567901234568,0.00617283950617284,0.00925925925925926,-0.0113912133891213,0,0,NA,NA,NA,NA,-4.20728254523427e-08,NA,NA,NA,NA,"edge",1
101943,30,150,156,240,0.00275488809790824,3162,50,234,24.4131112314674,33,280,9.2662529819726e-05,136,81729,0.00247158291426544,24.4131112314674,27,152.5,14.422205101856,66,32,29,0.00131578947368421,395.5,6.22406639004149e-05,0,0,0.102530951772216,16.6909408212083,0.796610169491525,0.0932203389830508,0.110169491525424,0.62668410041841,0.102146908918274,0.0603439544010709,9.13052122722073,3.36140851354903,8.88078178756021,2.96329630613006,1.02993542933552e-05,0.792161850495184,0.459964945448816,0.552624381791048,0.320878673298028,"edge",1
102097,162,124,180,240,0.00242443440016569,2314,50,186,21.9317121994613,26,160.5,6.31450117497367e-05,79,81853,0.00153934492321601,16.4924225024706,13,102,12.0415945787923,47,14,15,5.26315789473684e-05,327.5,3.98340248962656e-05,0,0,0.151632800042349,23.3246446329036,0.970588235294118,0.0053475935828877,0.0240641711229947,0.415387029288703,0.0690059518931826,0.0503832409154489,7.89192660393751,2.26404216850794,8.44794748154938,2.33453284547413,6.35609163328884e-06,0.731829445064739,0.327397383318436,0.486237029105993,0.21752709196847,"edge",1
102243,102,7,12,36,0.000101300701000851,21,4,4,1,2,5.445,1.09220134230318e-07,0,82138,0,0,0,0,0,0,0,0,0,0,8.29875518672199e-07,0,0,NA,NA,1,0,0,-0.0113912133891213,0,0,NA,NA,NA,NA,-8.4693245722123e-08,NA,NA,NA,NA,"edge",1
102195,114,83,60,240,0.00167616903614163,796,32,45,12.8062484748657,16,46.5,1.86938026792265e-05,22,82071,0.000389906300642127,6.08276253029822,6,10,8,10,4,4,0.000210526315789474,72.5,1.57676348547718e-05,0,0,0.266056435467513,54.6757441117679,0.939130434782609,0.0144927536231884,0.0463768115942029,0.0304497907949791,0.0254508892481097,0.0334728033472803,6.77334218490847,1.07816859914664,6.15032037727858,1.25089794778626,1.54718694036914e-06,0.668137254901961,0.668137254901961,0.52827380952381,0.52827380952381,"edge",1
102119,66,1,1,9,1.23580370493951e-05,2,1,1,0,1,2.7225,2.02560778326476e-26,0,81865,0,0,0,0,0,0,0,0,0,0,4.149377593361e-07,0,0,NA,NA,1,0,0,-0.0113912133891213,0,0,NA,NA,NA,NA,-4.19757463298191e-08,NA,NA,NA,NA,"edge",1
102146,54,28,48,60,0.000511135450894487,139,11,34,5,6,5.5,5.80015340578453e-07,0,82071,0,0,0,0,0,0,0,0,0,6,3.7344398340249e-06,0,0,0.0389569055660056,61.124720285048,1,0,0,-0.0113912133891213,0,-9.26853253704538e-19,NA,NA,NA,NA,-4.20567553389893e-08,NA,NA,NA,NA,"edge",1
102197,42,130,130,216,0.00204503650218785,1183,40,126,17.1172427686237,21,101.5,2.58680224567568e-05,0,81985,0,0,0,0,0,0,0,0,0,147,2.73858921161826e-05,0,0,0.0939059139122695,24.2398771061646,1,0,0,-0.0113912133891213,-2.80746504252497e-18,0,NA,NA,NA,NA,-4.16718166086695e-08,NA,NA,NA,NA,"edge",1
102108,174,1,1,4,1.01904596916367e-05,1,1,1,0,1,2.7225,6.03046159184443e-09,0,81875,0,0,0,0,0,0,0,0,0,0,4.149377593361e-07,0,0,NA,NA,1,0,0,-0.0113912133891213,0,0,NA,NA,NA,NA,-4.15699679927874e-08,NA,NA,NA,NA,"edge",1
102181,222,1,1,2,1.02955862821608e-05,1,1,1,0,1,2.7225,4.78934927918536e-12,0,82223,0,0,0,0,0,0,0,0,0,0,4.149377593361e-07,0,0,NA,NA,1,0,0,-0.0113912133891213,0,0,NA,NA,NA,NA,-4.27180048231191e-08,NA,NA,NA,NA,"edge",1
102096,54,42,34,228,0.000591124045107312,334,20,30,4.47213595499958,6,5.445,7.75637639722272e-06,0,82202,0,0,0,0,0,0,0,0,0.000105263157894737,19,6.63900414937759e-06,0,0,0.0921037865787289,19.2464047017244,0.99609375,0,0.00390625,-0.0113912133891213,0,0,NA,NA,NA,NA,-4.23200673464623e-08,NA,NA,NA,NA,"edge",1
102275,186,201,131,240,0.00327928584441611,1338,53,127,19.1049731745428,27,144.5,3.09008218915986e-05,46,81734,0.000770793060415494,18.2482875908947,8,63,12,17,8,8,0.000105263157894737,188.5,2.57261410788382e-05,0,0,0.111893120807865,22.5078284360245,0.97972972972973,0.00675675675675676,0.0135135135135135,0.252207112970711,0.0763526677443291,0.0502092050209205,5.99353418720543,2.79336928085059,5.33205967876785,1.49059511875841,3.14074845582647e-06,0.749382716049383,0.354970760233918,0.552754036087369,0.26183085919928,"edge",1
102123,210,48,58,240,0.000902108984517859,256,18,57,3.60555127546399,10,5.445,1.35097654712414e-06,1,82170,1.2169891687964e-05,0,1,2.7225,3.16227766016838,0,1,0,0,10.5,5.80912863070539e-06,0,0,0.13215879953922,138.435969838865,1,0,0,0,0,0.0132312872810392,NA,NA,NA,NA,-3.36798685691657e-08,NA,NA,NA,NA,"edge",1
102193,114,1,1,7,1.05456309450994e-05,1,1,1,0,1,2.7225,8.70422147907118e-09,0,81694,0,0,0,0,0,0,0,0,0,0,4.149377593361e-07,0,0,NA,NA,1,0,0,-0.0113912133891213,0,0,NA,NA,NA,NA,-4.26683433618874e-08,NA,NA,NA,NA,"edge",1
102239,102,79,228,240,0.00149084110322242,603,25,223,13.0384048104053,15,60.5,2.2333771175698e-05,42,81721,0.000807625946819055,13.0384048104053,11,60.5,11.1803398874989,24,13,9,0.00105263157894737,64.5,1.45228215767635e-05,0,0,0.285623301845195,41.7814648752671,0.871304347826087,0.0330434782608696,0.0956521739130435,0.241746861924686,0.0545539950226163,0.0467796648012508,7.59780194019591,3.4903554815018,7.54323327818305,2.97622820924198,3.29437206373941e-06,0.77457264957265,0.433760683760684,0.567998667998668,0.318079254079254,"edge",1
102270,114,157,168,240,0.00260699543775798,1572,50,162,22.8473193175917,26,96.5,5.37800932547212e-05,50,81853,0.00100179590241042,21.2132034355964,9,87,16.2788205960997,32,11,12,0.000736842105263158,174,2.86307053941909e-05,0,0,0.174538568465513,22.511854184368,0.888178913738019,0.0287539936102236,0.0830670926517572,0.352625523012552,0.0887581733706963,0.0681122200673628,10.6719077846513,5.20772687133594,10.7436462666591,4.35103107166482,4.14993038311298e-06,0.658547008547009,0.356712962962963,0.430387667887668,0.233126653439153,"edge",1
102259,210,108,35,240,0.00190397148924744,711,33,30,8.94427190999916,16,27,5.7509906430992e-06,9,82076,0.000109654466591939,0,1,2.7225,3.16227766016838,0,1,0,0,34,1.28630705394191e-05,0,0,0.247003308845328,133.891809071609,1,0,0,0,0,0.0132312872810392,NA,NA,NA,NA,4.16365899827708e-07,NA,NA,NA,NA,"edge",1
101976,186,81,144,240,0.00139506695177871,1159,23,138,19.723082923316,16,58.5,2.56990849341844e-05,12,81722,0.000220258926604831,2.82842712474619,2,5.445,9.05538513813742,6,2,2,5.26315789473684e-05,116,2.57261410788382e-05,0,0,0.181342356332112,44.2717634309082,0.997826086956522,0,0.00217391304347826,0.0113912133891213,0.0118344231160928,0.0378886407453448,8.06322647500145,1.40312423743285,8.06322647500145,1.40312423743285,8.79713477509522e-07,NA,NA,NA,NA,"edge",1
102168,138,36,48,240,0.000802509666593711,470,15,46,7.81024967590665,10,17.5,7.68558441585965e-06,11,81960,0.000170815031722792,1,2,5.445,2,3,2,1,0.000210526315789474,46,1.41078838174274e-05,0,0,0.0912965276788616,40.8624403089171,0.95221843003413,0.0068259385665529,0.0409556313993174,0.0113912133891213,0.00418410041841004,0.00836820083682008,NA,NA,1.5,0.707106781186548,5.47252803566903e-07,NA,NA,NA,NA,"edge",1
102394,114,7,8,12,0.000122901457611287,13,3,6,1,2,5.445,1.15479395600875e-07,0,82178,0,0,0,0,0,0,0,0,0,0,8.29875518672199e-07,0,0,NA,NA,1,0,0,-0.0113912133891213,0,0,NA,NA,NA,NA,-4.24829211222577e-08,NA,NA,NA,NA,"edge",1
102217,138,78,167,240,0.00108243605081752,692,23,162,8,10,14.5,2.51719206181988e-05,38,81930,0.000634688148419382,7.07106781186548,8,13.5,9.05538513813742,14,7,8,0.000789473684210526,57,1.41078838174274e-05,0,0,0.183887259153051,25.1083786233143,0.87089715536105,0.0393873085339169,0.0897155361050328,0.0450941422594142,0.0295860577902321,0.0378886407453448,5.22790175922122,3.21497268523063,4.22936446792343,2.9940867662296,2.48661266228833e-06,0.548657314165336,0.402348697054579,0.418939393939394,0.307222222222222,"edge",1
102177,30,167,141,240,0.00305421848657366,2013,45,138,24.6981780704569,31,175.5,5.17908479909034e-05,21,82182,0.000316370981480129,18.0277563773199,5,35.5,15.2643375224737,5,5,4,0.000105263157894737,214.5,3.85892116182573e-05,0,0,0.0838181376435931,14.9931092003768,0.97972972972973,0,0.0202702702702703,0.137144351464435,0.0754299430013387,0.0638675210145345,11.9427632726635,5.01602836423656,12.2449354275456,4.39624219863392,1.28145919190725e-06,0.616111111111111,0.236965811965812,0.510619658119658,0.196392176199869,"edge",1
102209,78,1,1,8,1.03085344356593e-05,1,1,1,0,1,2.7225,1.19433245051334e-07,0,82078,0,0,0,0,0,0,0,0,0,0,4.149377593361e-07,0,0,NA,NA,1,0,0,-0.0113912133891213,0,0,NA,NA,NA,NA,-4.17587394673497e-08,NA,NA,NA,NA,"edge",1
102164,198,28,60,72,0.000537930191331988,212,11,20,6.32455532033676,6,5.5,1.51644849153852e-06,0,81940,0,0,0,0,0,0,0,0,0,21.5,5.39419087136929e-06,0,0,0.184791149041827,160.170781151065,1,0,0,-0.0113912133891213,0,0,NA,NA,NA,NA,-8.34983120816215e-08,NA,NA,NA,NA,"edge",1
102349,54,112,202,240,0.00165826833991291,1341,33,198,20,19,181,5.6927222717113e-05,86,81847,0.00161276528156194,20,18,178,13.6014705087354,46,21,18,0.000631578947368421,173.5,3.07053941908714e-05,0,0,0.0873780431930264,11.4471103982081,0.886274509803922,0.0235294117647059,0.0901960784313725,0.733378661087866,0.0836820083682008,0.0569099184465918,9.39621140981043,3.81792829993587,8.4348322691344,3.87895408855886,6.66435510210637e-06,0.665129275952805,0.263940188870161,0.481682206682207,0.191143732810399,"edge",1
102086,78,43,35,240,0.000645703634214983,331,16,42,7.07106781186548,6,7.5,6.49512484917417e-06,27,82032,0.000426662765749951,3,3,0,5.3851648071345,8,3,3,0,28.5,9.12863070539419e-06,0,0,0.0404501797057001,13.5229139088144,1,0,0,-0.0113912133891213,0.0125523012552301,0.0225320703227385,3.93971440244823,1.31071569789677,3.34650989189139,0.44867283761068,1.65739163310426e-06,NA,NA,NA,NA,"edge",1
102128,90,18,12,12,0.0003585141323958,44,6,2,1,2,5.445,4.48631153667914e-08,0,82079,0,0,0,0,0,0,0,0,0,0,8.29875518672199e-07,0,0,NA,NA,1,0,0,-0.0113912133891213,0,0,NA,NA,NA,NA,-1.66748713981809e-07,NA,NA,NA,NA,"edge",1
102147,90,18,11,12,0.000300654501722982,38,5,6,2,4,2.7225,4.37138145688867e-08,0,82085,0,0,0,0,0,0,0,0,0,1,1.6597510373444e-06,0,0,NA,NA,1,0,0,-0.0113912133891213,0,0,NA,NA,NA,NA,-1.25604655578427e-07,NA,NA,NA,NA,"edge",1
102115,54,228,132,240,0.00380288385358897,3237,72,126,31.1448230047949,38,324.5,6.80220866398751e-05,77,81783,0.0012594304439798,29,16,173.5,23.0217288664427,26,14,15,0.000210526315789474,400.5,6.6804979253112e-05,0,0,0.144897743892086,34.6163836289118,0.970703125,0.005859375,0.0234375,0.714550209205021,0.121338912133891,0.0963252253826053,15.282621127045,5.13129315578135,13.9804991581659,4.18457796823724,5.18445251069974e-06,0.585393407761829,0.176547218213885,0.466212322249474,0.140603716233968,"edge",1
102252,90,10,11,144,0.000184569952011812,45,6,1,1.4142135623731,2,5.445,6.33405261111098e-07,0,81756,0,0,0,0,0,0,0,0,0,1,1.6597510373444e-06,0,0,NA,NA,1,0,0,-0.0113912133891213,0,0,NA,NA,NA,NA,-2.5488717482928e-07,NA,NA,NA,NA,"edge",1
102054,66,13,12,24,0.000201645426681723,27,4,1,1,2,5.445,7.19135077397831e-08,0,81771,0,0,0,0,0,0,0,0,0,0,4.149377593361e-07,0,0,NA,NA,1,0,0,-0.0113912133891213,0,0,NA,NA,NA,NA,-1.71569177271322e-07,NA,NA,NA,NA,"edge",1
102121,186,49,46,240,0.000868640919845016,434,18,42,5.8309518948453,10,12,3.98528027179294e-06,1,81981,2.43958966101902e-05,0,1,2.7225,3,1,1,1,0,35,1.07883817427386e-05,0,0,0.0766094578595462,50.602113845525,1,0,0,0,-1.86925937343269e-18,0.0125523012552301,NA,NA,NA,NA,1.78894439310307e-08,NA,NA,NA,NA,"edge",1
102154,54,4,12,24,8.58832478590533e-05,16,3,1,0,1,2.7225,4.51789323664294e-09,0,82089,0,0,0,0,0,0,0,0,0,0,4.149377593361e-07,0,0,NA,NA,1,0,0,-0.0113912133891213,0,0,NA,NA,NA,NA,-1.24545331698468e-07,NA,NA,NA,NA,"edge",1
102095,150,68,71,205,0.00108522027532892,639,24,66,8.54400374531753,10,9.5,7.51743709911415e-06,0,82138,0,0,0,0,0,0,0,0,0,48.5,1.45228215767635e-05,0,0,0.107331750260596,50.5809574571101,1,0,0,-0.0113912133891213,1.87517758630328e-18,0,NA,NA,NA,NA,-1.26209592736789e-07,NA,NA,NA,NA,"edge",1
102159,210,90,105,240,0.00134876318416013,863,26,102,10.6301458127346,15,44,1.48941102022496e-05,7,81932,9.76419469804228e-05,0,1,2.7225,3.16227766016838,1,1,1,0,61.5,1.86721991701245e-05,0,0,0.184525129617739,56.3704052624381,1,0,0,3.7699091908852e-18,0,0.0132312872810392,NA,NA,NA,NA,3.24423436214202e-07,NA,NA,NA,NA,"edge",1
102219,102,69,167,240,0.00128726951745783,527,30,162,7.61577310586391,10,15.5,2.49227705565205e-05,9,82221,0.000170272801352453,2.82842712474619,2,5.445,10.770329614269,5,2,2,0.000894736842105263,45.5,9.12863070539419e-06,0,0,0.194632559339657,17.2369786703025,0.911764705882353,0.023109243697479,0.0651260504201681,0.0113912133891213,0.0118344231160928,0.045064140645477,9.50827043275216,1.78482121101861,9.50827043275216,1.78482121101861,6.70666419130961e-07,NA,NA,NA,NA,"edge",1
102158,114,55,201,240,0.000794485051458186,264,22,192,5,6,5.445,1.12753103462246e-05,3,81860,0.000109943806498901,0,1,2.7225,4,6,1,1,0.000210526315789474,14,5.80912863070539e-06,0,0,0.0663104705406742,8.34782399449877,0.973799126637555,0.0174672489082969,0.00873362445414847,0,0,0.0167364016736402,NA,NA,NA,NA,4.17951137912803e-07,NA,NA,NA,NA,"edge",1
102092,66,51,60,240,0.000936409295990466,751,15,30,19.7989898732233,13,34,1.34364261654164e-05,40,81882,0.00062284751227376,19.7989898732233,5,24,12.0415945787923,11,7,4,5.26315789473684e-05,91.5,1.82572614107884e-05,0,0,0.172780126310302,56.3908819350652,0.968127490039841,0.0119521912350598,0.0199203187250996,0.0890271966527197,0.0828409618126499,0.0503832409154489,6.52079728939615,6.42694356705724,5.12763411907018,5.39987003526677,2.52116309898576e-06,0.740079365079365,0.323784722222222,0.62296585300787,0.272547560690943,"edge",1
102195,174,42,228,240,0.000769305915107703,318,13,23,6.32455532033676,8,8,7.32777773905296e-06,16,81999,0.000353662849546946,6.32455532033676,4,4,4.12310562561766,13,4,4,0.000789473684210526,12.5,5.80912863070539e-06,0,0,0.193097124100944,36.8860348687033,0.926391382405745,0.0179533213644524,0.0556552962298025,0.00534518828451883,0.0264625745620785,0.0172514879732957,3.38036281582146,0.874183225196814,3.58979340077936,0.904347528863352,1.39653163546991e-06,0.70984126984127,0.591534391534392,0.484126984126984,0.403439153439153,"edge",1
102096,18,15,10,24,0.000213187147860515,34,7,6,1,2,5.445,7.26366207352707e-08,0,82021,0,0,0,0,0,0,0,0,0,0,8.29875518672199e-07,0,0,NA,NA,1,0,0,-0.0113912133891213,0,0,NA,NA,NA,NA,-2.11322472090852e-07,NA,NA,NA,NA,"edge",1
102129,210,83,24,240,0.00149573959418868,843,28,114,14.142135623731,11,21,1.33321854174809e-05,17,82107,0.000280122279464601,0,1,2.7225,1.4142135623731,6,2,2,0,87.5,1.28630705394191e-05,0,0,0.167929980048748,38.1543899465036,1,0,0,0,-3.71549883484019e-18,0.00591721155804642,1.4142135623731,0,1.4142135623731,0,1.08798595447377e-06,NA,NA,NA,NA,"edge",1
102149,114,1,1,131,3.65617344886841e-05,6,2,132,0,1,2.7225,9.39116411858067e-08,0,82106,0,0,0,0,0,0,0,0,0,0,8.29875518672199e-07,0,0,NA,NA,1,0,0,-0.0113912133891213,0,0,NA,NA,NA,NA,-4.24101483752969e-08,NA,NA,NA,NA,"edge",1
102229,198,10,23,48,0.000148447580875384,23,5,20,0,1,2.7225,2.16620506846626e-07,0,81804,0,0,0,0,0,0,0,0,0,0,4.149377593361e-07,0,0,NA,NA,1,0,0,-0.0113912133891213,0,0,NA,NA,NA,NA,-4.2192892910978e-08,NA,NA,NA,NA,"edge",1
102064,42,21,24,240,0.000390911311996091,242,8,22,5.09901951359278,7,5.445,6.65396259158678e-06,5,81858,9.77302157394512e-05,0,1,2.7225,2.23606797749979,3,1,1,0.000315789473684211,11,6.22406639004149e-06,0,0,0.0926151366838224,21.1411463299724,0.942953020134228,0.00335570469798658,0.0536912751677852,0,0,0.00935593296025017,NA,NA,NA,NA,3.66471484419762e-07,NA,NA,NA,NA,"edge",1
102263,162,56,60,240,0.000967236397472942,266,18,54,19.2353840616713,8,21.5,1.19389963751296e-05,25,82062,0.000329019521824962,19.2353840616713,5,21.5,16.1245154965971,2,4,2,5.26315789473684e-05,37.5,6.22406639004149e-06,0,0,0.099400064302646,12.2450341400384,1,0,0,0.0785669456066946,0.0804827785007169,0.0674665920359711,9.47647131067164,9.40175425099138,2.80669319060359,0.40410119824856,1.16588816272199e-06,0.626060606060606,0.208686868686869,0.574545454545455,0.191515151515151,"edge",1
102101,138,1,1,16,1.35644719351076e-05,1,1,1,0,1,2.7225,6.58951291382704e-08,0,82162,0,0,0,0,0,0,0,0,0,0,4.149377593361e-07,0,0,NA,NA,1,0,0,-0.0113912133891213,0,0,NA,NA,NA,NA,-4.26105507302894e-08,NA,NA,NA,NA,"edge",1
102026,102,50,36,108,0.00101015018377431,305,17,37,9.48683298050514,13,11,1.88471780203237e-06,0,81785,0,0,0,0,0,0,0,0,0,26.5,6.63900414937759e-06,0,0,0.140174913160512,120.218729287305,1,0,0,-0.0113912133891213,0,0,NA,NA,NA,NA,-8.44513602601709e-08,NA,NA,NA,NA,"edge",1
102516,42,16,22,36,0.000299878977412687,61,6,22,2.23606797749979,3,5.445,2.66027454378241e-07,0,82076,0,0,0,0,0,0,0,0,0,1.5,2.0746887966805e-06,0,0,NA,NA,1,0,0,-0.0227824267782427,-0.00418410041841004,-0.00418410041841004,NA,NA,NA,NA,-8.49072195462532e-08,NA,NA,NA,NA,"edge",1
102078,42,8,12,12,0.000147561545461253,17,5,6,1,2,5.445,3.10616451479606e-08,0,81838,0,0,0,0,0,0,0,0,0,0,8.29875518672199e-07,0,0,NA,NA,1,0,0,-0.0113912133891213,0,0,NA,NA,NA,NA,-1.26989744096617e-07,NA,NA,NA,NA,"edge",1
102048,162,4,10,24,8.62710420463491e-05,13,3,8,1,2,5.445,1.74516452892782e-08,0,82076,0,0,0,0,0,0,0,0,0,0,8.29875518672199e-07,0,0,NA,NA,1,0,0,-0.0113912133891213,0,0,NA,NA,NA,NA,-4.23860892924007e-08,NA,NA,NA,NA,"edge",1
102216,126,2,12,12,2.44765086708032e-05,3,1,1,0,1,2.7225,4.15377562354205e-12,0,81980,0,0,0,0,0,0,0,0,0,0,8.29875518672199e-07,0,0,NA,NA,1,0,0,-0.0113912133891213,0,0,NA,NA,NA,NA,-4.28835021206535e-08,NA,NA,NA,NA,"edge",1
102101,222,8,12,12,0.000149393090569561,16,3,5,2,3,5.445,3.71603191148683e-08,0,82018,0,0,0,0,0,0,0,0,0,0,1.2448132780083e-06,0,0,NA,NA,1,0,0,-0.0113912133891213,0,0,NA,NA,NA,NA,-8.2633390640967e-08,NA,NA,NA,NA,"edge",1
102214,54,0,1,-Inf,0,1,1,1,0,0,0,6.69684191308444e-13,0,81805,0,0,0,0,0,0,0,0,0,0,4.149377593361e-07,0,0,NA,NA,1,0,0,0,0,0,NA,NA,NA,NA,0,NA,NA,NA,NA,"edge",1
102320,186,10,11,24,0.000198044312414903,34,6,7,1.4142135623731,3,5.445,6.01232864841955e-08,0,81651,0,0,0,0,0,0,0,0,0,0.5,1.2448132780083e-06,0,0,NA,NA,1,0,0,-0.0113912133891213,0,0,NA,NA,NA,NA,-4.18799525399625e-08,NA,NA,NA,NA,"edge",1
102219,198,152,240,240,0.00249887245998757,1769,44,234,42.485291572496,29,330,6.78892941687461e-05,152,81890,0.00239345463426548,42.485291572496,28,330,31.0161248385416,44,31,20,0.002,419,3.81742738589212e-05,0,0,0.0976840676465158,13.0767901064273,0.752886836027714,0.0577367205542725,0.189376443418014,1.36936192468619,0.177762726244753,0.1297745809144,17.6759227517014,9.62517285563912,14.6368298962962,8.78191233576825,9.97204438830034e-06,0.689757769517831,0.139459221159343,0.575464584597712,0.116350763006095,"edge",1
102166,186,177,119,240,0.00295659185593334,3136,59,174,32.649655434629,29,210,9.95313258078566e-05,101,81968,0.00184218231504978,20.0249843945008,20,110.5,17.8044938147649,50,18,19,0.00157894736842105,414.5,6.43153526970954e-05,0,0,0.11905753099148,18.4783544735069,0.823874755381605,0.0352250489236791,0.140900195694716,0.450951882845188,0.0837865455836853,0.0744957900199366,13.1886127869141,3.30949276392143,14.1164384233211,3.11609665645712,7.66543295147947e-06,0.618865016562385,0.232074381210894,0.436386301929065,0.163644863223399,"edge",1
102185,78,134,192,240,0.00230887634684454,1586,40,199,20.591260281974,21,124.5,7.98975330242771e-05,120,82032,0.00187731616929979,20.591260281974,21,124.5,18,34,24,18,0.000947368421052632,182,2.94605809128631e-05,0,0,0.136163449966297,11.8994834688152,0.856031128404669,0.0311284046692607,0.11284046692607,0.509529288702929,0.0861559007613975,0.0753138075313808,9.90276189969612,2.37431750741981,9.37205693240616,2.25493827677701,7.77097585581095e-06,0.833369408369408,0.340923848878394,0.688757949869061,0.281764615855525,"edge",1
102184,54,1,1,10,1.07938906578876e-05,1,1,1,0,1,2.7225,2.85821238571279e-14,0,82326,0,0,0,0,0,0,0,0,0,0,4.149377593361e-07,0,0,NA,NA,1,0,0,-0.0113912133891213,0,0,NA,NA,NA,NA,-4.21873624296478e-08,NA,NA,NA,NA,"edge",1
102250,162,53,24,240,0.000854064738107149,732,17,18,15.8113883008419,12,46.5,1.61565530399887e-05,17,81569,0.000343267662960193,15,6,46.5,19.6977156035922,11,7,6,0,115,2.11618257261411e-05,0,0,0.12005271682713,37.9663167743061,1,0,0,0.183169456066946,0.0627615062761506,0.0824172200987122,15.0908624027468,4.25664731092843,13.803990992397,5.16637895068926,1.39421976010103e-06,0.567169140383426,0.120308605535878,0.353269944341373,0.0749360487996852,"edge",1
102041,66,153,203,240,0.00239415630420443,2647,51,198,31.4006369362152,26,220.5,9.33467484587628e-05,107,82036,0.00219415866205081,31.4006369362152,22,108.5,24.6981780704569,73,27,26,0.00168421052631579,405,5.47717842323651e-05,0,0,0.115414635618478,15.8012901213742,0.812606473594549,0.0511073253833049,0.136286201022147,0.442583682008368,0.13138341814316,0.103339657198565,13.0845685029479,8.50328347024439,13.490013251536,8.60126924171733,9.05469966273498e-06,0.702757996360937,0.305546954939538,0.457254782254782,0.198806427067297,"edge",1
102266,42,7,6,18,0.000118648592531071,15,3,4,1.4142135623731,2,5.445,1.27099112548934e-07,0,82005,0,0,0,0,0,0,0,0,0,0,8.29875518672199e-07,0,0,NA,NA,1,0,0,-0.0113912133891213,0,0,NA,NA,NA,NA,-8.46564035733299e-08,NA,NA,NA,NA,"edge",1
102490,54,61,60,120,0.00115120816267177,470,19,42,6.08276253029822,11,15,5.17543849643892e-06,0,81961,0,0,0,0,0,0,0,0,0,24,9.54356846473029e-06,0,0,0.173625559889485,78.1741532023009,1,0,0,-0.0227824267782427,-0.00418410041841004,-0.00418410041841004,NA,NA,NA,NA,-8.46144597142519e-08,NA,NA,NA,NA,"edge",1
102204,210,95,227,240,0.00162943687148121,1916,34,222,23.1948270094864,20,220.5,6.27046945705404e-05,35,82293,0.00065619189967555,22.0227155455452,9,87,19.0262975904404,19,9,7,0.001,300,4.23236514522822e-05,0,0,0.183098606768978,30.131407524162,0.788888888888889,0.0527777777777778,0.158333333333333,0.352625523012552,0.0921452533286412,0.0754238392905458,14.9803438177249,3.11247740873357,14.8367240174319,2.80277951048246,2.70343599743769e-06,0.717857142857143,0.121670702179177,0.482539682539683,0.0817863868711326,"edge",1
102188,42,60,166,204,0.000843080338085887,364,21,162,5,7,5.445,7.98542864849412e-06,0,82111,0,0,0,0,0,0,0,0,0,19.5,7.05394190871369e-06,0,0,0.101867639183489,21.9617004044324,1,0,0,-0.0113912133891213,0,0,NA,NA,NA,NA,-1.28568807604451e-07,NA,NA,NA,NA,"edge",1
102256,234,1,1,23,2.28775365468646e-05,2,1,1,0,1,2.7225,1.13081950236559e-09,0,82200,0,0,0,0,0,0,0,0,0,0,4.149377593361e-07,0,0,NA,NA,1,0,0,-0.0113912133891213,0,0,NA,NA,NA,NA,-4.21886385658833e-08,NA,NA,NA,NA,"edge",1
102238,138,10,9,25,0.000160207036786,21,4,2,2.23606797749979,2,5.445,1.89539772686383e-07,0,81815,0,0,0,0,0,0,0,0,0,0.5,1.2448132780083e-06,0,0,NA,NA,1,0,0,-0.0113912133891213,0,0,NA,NA,NA,NA,-1.26854989946742e-07,NA,NA,NA,NA,"edge",1
102147,66,29,12,36,0.000713951599005392,134,12,11,3.16227766016838,7,5.445,4.04390059969212e-07,0,82235,0,0,0,0,0,0,0,0,0,3,2.9045643153527e-06,0,0,0.102496115100542,179.476658386811,1,0,0,-0.0113912133891213,0,0,NA,NA,NA,NA,-8.48168579272676e-08,NA,NA,NA,NA,"edge",1
102169,150,1,1,2,1.01182827250559e-05,1,1,1,0,1,2.7225,1.38469088150991e-10,0,81983,0,0,0,0,0,0,0,0,0,0,4.149377593361e-07,0,0,NA,NA,1,0,0,-0.0113912133891213,0,0,NA,NA,NA,NA,-4.19727987722453e-08,NA,NA,NA,NA,"edge",1
102166,222,51,47,240,0.000820812148019791,328,17,43,10.0498756211209,10,6.5,6.83202679046377e-06,10,82286,0.000133680091388572,9.4339811320566,3,4,7.07106781186548,1,2,1,0,52,7.05394190871369e-06,0,0,0.0741825500024234,18.7061034442783,1,0,0,0.00534518828451883,0.0394727244019105,0.0295860577902321,NA,NA,7.03553390593274,0.0502525316941675,5.17118878225232e-07,0.433333333333333,0.1625,0.416666666666667,0.15625,"edge",1
102218,234,87,96,240,0.0014686624157049,1062,27,90,18.3575597506858,14,46.5,2.50753297580993e-05,4,82360,0.000109276347741622,3.16227766016838,3,2.5,13.0384048104053,5,2,2,0.000105263157894737,105.5,2.36514522821577e-05,0,0,0.0967327838251181,22.268227824292,0.954545454545455,0.00699300699300699,0.0384615384615385,-0.0123221757322176,0.0090471868626292,0.0503698946042063,13.0192024052026,0.0271563018677701,11.908326913196,1.54385888503594,3.3123530437547e-07,0.279365079365079,0.20952380952381,0.122222222222222,0.0916666666666667,"edge",1
102167,174,109,58,240,0.00178203078275092,976,27,55,25.4950975679639,20,111.5,3.13093791834246e-05,41,82037,0.000731377305362215,12.0415945787923,11,25.5,19.2353840616713,19,11,10,0.000736842105263158,232.5,2.36514522821577e-05,0,0,0.0626436286272099,11.4666053512436,0.899749373433584,0.0426065162907268,0.0576441102756892,0.0839121338912134,0.0461991404970389,0.0762986780823069,16.5981804138096,3.33340115774812,16.4729739693509,3.06679661301448,2.97607384955186e-06,0.618234444127301,0.332895469914701,0.44209262959263,0.238049877472954,"edge",1
102108,174,99,179,240,0.0017874513618677,979,34,174,13.3416640641263,14,55,3.5950930062504e-05,32,81999,0.000743911511115989,13.3416640641263,9,55,7.07106781186548,29,8,11,0.000894736842105263,73,2.0746887966805e-05,0,0,0.174002084619354,23.8458763327789,0.793893129770992,0.066793893129771,0.139312977099237,0.218734309623431,0.0558228621929972,0.0295860577902321,4.76629397811487,1.67651003146552,4.39501586502656,1.75135394029543,3.06967692916459e-06,0.648386462022826,0.445765692640693,0.311583366128821,0.214213564213564,"edge",1
102233,174,14,222,240,0.000217864923747277,58,5,8,1.4142135623731,2,5.445,1.12595726476206e-06,4,82028,6.09547959233433e-05,1,2,5.445,3.16227766016838,1,1,1,0.000105263157894737,1,1.6597510373444e-06,0,0,NA,NA,0.982658959537572,0,0.0173410404624277,0.0113912133891213,0.00418410041841004,0.0132312872810392,NA,NA,NA,NA,2.13126632822827e-07,NA,NA,NA,NA,"edge",1
102194,90,58,36,192,0.000938223467771415,409,25,30,7.28010988928052,10,9,5.01982183684159e-06,0,81555,0,0,0,0,0,0,0,0,0,25.5,9.12863070539419e-06,0,0,0.143206405009581,63.5149000912334,1,0,0,-0.0113912133891213,0,0,NA,NA,NA,NA,-4.2461364722699e-08,NA,NA,NA,NA,"edge",1
102051,150,203,204,240,0.00335927097712031,3508,71,210,38.4837628097877,38,243,0.000135614713759121,200,81787,0.00332571191020578,38.4837628097877,38,240,24.0831891575846,72,45,33,0.00184210526315789,457.5,7.0954356846473e-05,0,0,0.0887574850464605,11.2185847747638,0.786752827140549,0.0500807754442649,0.163166397415186,0.992792887029289,0.161019928074426,0.100766481830898,10.1695864454873,5.08098132873988,10.4353515369318,5.25628352011686,1.38308372884771e-05,0.769794151426805,0.333804543539057,0.594087491455913,0.257613160011856,"edge",1
102270,30,1,1,10,1.07998358424952e-05,1,1,1,0,1,2.7225,2.07407972877566e-08,0,82120,0,0,0,0,0,0,0,0,0,0,4.149377593361e-07,0,0,NA,NA,1,0,0,-0.0113912133891213,0,0,NA,NA,NA,NA,-4.21597317561771e-08,NA,NA,NA,NA,"edge",1
101922,54,16,57,108,0.00028045360321912,95,6,59,2.23606797749979,3,5.445,9.65222123353818e-07,0,81827,0,0,0,0,0,0,0,0,0,3.5,2.9045643153527e-06,0,0,0.101454694770878,74.5393787640091,1,0,0,-0.0113912133891213,0,0,NA,NA,NA,NA,-4.25958017918521e-08,NA,NA,NA,NA,"edge",1
102177,30,126,46,240,0.00225227967226287,766,37,43,9.21954445729289,21,32,7.46184496116221e-06,3,81398,0.000159709083761272,1,2,5.445,4.24264068711928,10,1,3,0,49.5,1.70124481327801e-05,0,0,0.222577122549912,123.805820574122,1,0,0,0.0113912133891213,0.00418410041841004,0.0177516346741393,3.81791441268242,0.367823743317045,NA,NA,5.83825819023282e-07,NA,NA,NA,NA,"edge",1
102322,234,63,227,240,0.000991227070753105,480,22,222,8.24621125123532,7,8.5,1.69542930697993e-05,32,82515,0.000678664485245107,5.3851648071345,6,6.5,9.4339811320566,24,10,7,0.000842105263157895,42.5,1.12033195020747e-05,0,0,0.10998270092092,16.3383806289117,0.86039886039886,0.0227920227920228,0.116809116809117,0.0158054393305439,0.0225320703227385,0.0394727244019105,7.93105698031771,1.81146102288898,7.91591484213728,1.57701976737793,2.67226144077507e-06,0.727805527805528,0.661641388914116,0.485556110556111,0.4414146459601,"edge",1
102305,30,171,192,240,0.00329240186813321,2826,52,186,25.0798724079689,32,278.5,7.10366457171249e-05,65,81460,0.00103118094770439,21.0237960416286,9,91.5,20.0249843945008,19,13,8,0.000263157894736842,377,5.68464730290456e-05,0,0,0.173344880230841,33.7987349677113,0.950953678474114,0.00817438692098093,0.0408719346049046,0.371453974895397,0.0879656738143458,0.0837865455836853,9.58284427818998,5.49483867330702,11.1274881350424,6.00227110807777,4.23029017693984e-06,0.758359162205316,0.365135892913671,0.599297390643544,0.28855059549504,"edge",1
102299,90,178,144,240,0.00300171526586621,2144,47,138,15.6204993518133,29,99.5,6.20505098591431e-05,64,81903,0.0011965373673736,12.6491106406735,15,64,24.3515913237718,34,13,13,0.000736842105263158,226,4.52282157676349e-05,0,0,0.128185292971412,22.1268189768811,0.872727272727273,0.0181818181818182,0.109090909090909,0.256391213389121,0.052925149124157,0.101889503446744,20.7655072679454,3.32061995672215,19.9716503265071,3.21106656819379,4.92190436447159e-06,0.598042806866336,0.442031639857727,0.419197469197469,0.309841607667695,"edge",1
102238,198,1,1,4,1.02782317330127e-05,1,1,1,0,1,2.7225,4.55854065105499e-08,0,82011,0,0,0,0,0,0,0,0,0,0,4.149377593361e-07,0,0,NA,NA,1,0,0,-0.0113912133891213,0,0,NA,NA,NA,NA,-4.19357790447415e-08,NA,NA,NA,NA,"edge",1
102120,210,58,71,240,0.00109518362578792,680,21,54,8.06225774829855,15,21.5,1.21028765338244e-05,16,81762,0.000391379858614026,2,3,0,4.12310562561766,16,3,5,0,63.5,1.41078838174274e-05,0,0,0.319187654074599,83.5502139581969,1,0,0,-0.0113912133891213,0.00836820083682008,0.0172514879732957,4.0738633753706,0.0674277281065786,4.04103520853922,0.0710750660891136,1.50922992847536e-06,NA,NA,NA,NA,"edge",1
102262,222,49,237,240,0.000754162979647655,240,23,174,6.40312423743285,5,8,8.93704710457736e-06,43,82105,0.000742951099202241,6.40312423743285,5,8,6.70820393249937,18,7,8,0,14.5,3.7344398340249e-06,0,0,0.128457978228254,10.263909986563,1,0,0,0.022081589958159,0.0267913148009743,0.0280677988807505,3.95288566249428,2.39038429408857,2.60734395705206,1.88910483330813,2.98258650936927e-06,0.613469994058229,0.438192852898735,0.461485442661913,0.329632459044224,"edge",1
102019,54,43,238,240,0.000768620752760324,227,18,234,3.60555127546399,7,5.5,6.20220064586601e-06,43,81965,0.000768620752760324,3.60555127546399,7,5.5,3.16227766016838,20,9,8,0.000368421052631579,7.5,4.5643153526971e-06,0,0,0.118250461470675,20.4380422579632,0.928909952606635,0.0118483412322275,0.0592417061611374,0.0116213389121339,0.0150859886002677,0.0132312872810392,2.59842450753136,0.532584081796766,2.32877432616719,0.723817245585939,3.17410939480317e-06,0.805075757575758,0.805075757575758,0.562564935064935,0.562564935064935,"edge",1
102145,222,1,1,1,1.01029490508279e-05,1,1,1,0,1,2.7225,5.2180869212101e-09,0,82106,0,0,0,0,0,0,0,0,0,0,4.149377593361e-07,0,0,NA,NA,1,0,0,-0.0113912133891213,0,0,NA,NA,NA,NA,-4.22717533507445e-08,NA,NA,NA,NA,"edge",1
102059,222,134,119,240,0.00236004793465235,2459,38,81,28.4253408071038,29,198,7.55470081087966e-05,44,82039,0.000902010019624813,21.6333076527839,11,43,17.8044938147649,30,11,11,0.000578947368421053,340.5,5.10373443983402e-05,0,0,0.0829910922615715,13.616617716156,0.926108374384236,0.0147783251231527,0.0591133004926108,0.16852510460251,0.0905159316016064,0.0744957900199366,11.6960159414881,4.57422476558603,11.3621907115306,4.15820688016935,3.69012120544947e-06,0.543485403485404,0.227913233719685,0.356029440644825,0.149302668657507,"edge",1
102178,186,109,70,217,0.00170308483290488,969,44,66,9.4339811320566,13,26.5,1.74960197376194e-05,0,81997,0,0,0,0,0,0,0,0,0,64.5,1.70124481327801e-05,0,0,0.0612826072216282,14.5411495928929,1,0,0,-0.0113912133891213,1.9157091827236e-18,0,NA,NA,NA,NA,-8.43781279235706e-08,NA,NA,NA,NA,"edge",1
102030,78,185,180,240,0.00329067641681901,2313,62,174,21.9317121994613,29,153.5,7.6160931477826e-05,23,81756,0.000525955281569548,17.4928556845359,10,79.5,9.48683298050514,20,11,9,0.000578947368421053,226.5,4.43983402489627e-05,0,0,0.138187930140456,19.3912818192858,0.880108991825613,0.0299727520435967,0.0899182561307902,0.321244769874477,0.0731918647888531,0.0396938618431177,7.28991063513882,1.79286176214208,7.54742410339258,1.68523836411397,2.02923165997356e-06,0.432582776700424,0.255617095322978,0.297504129857071,0.175797894915542,"edge",1
102206,174,0,1,-Inf,0,1,1,1,0,0,0,8.48686725961057e-09,0,82038,0,0,0,0,0,0,0,0,0,0,4.149377593361e-07,0,0,NA,NA,1,0,0,0,0,0,NA,NA,NA,NA,0,NA,NA,NA,NA,"edge",1
102249,78,4,9,13,6.72965624915879e-05,10,2,1,0,1,2.7225,4.39836520961798e-09,0,82079,0,0,0,0,0,0,0,0,0,0,4.149377593361e-07,0,0,NA,NA,1,0,0,-0.0113912133891213,0,0,NA,NA,NA,NA,-8.34117542843196e-08,NA,NA,NA,NA,"edge",1
102188,162,31,21,48,0.000553907509754927,109,9,6,4.12310562561766,8,5.445,4.83474356178497e-07,0,81931,0,0,0,0,0,0,0,0,0,4.5,3.7344398340249e-06,0,0,0.438780026010836,827.895938913766,1,0,0,-0.0113912133891213,0,0,NA,NA,NA,NA,-8.46555471605472e-08,NA,NA,NA,NA,"edge",1
102164,162,70,84,229,0.00118374967965537,915,23,118,11.4017542509914,18,24.5,1.64370921698752e-05,0,81881,0,0,0,0,0,0,0,0,5.26315789473684e-05,53,1.70124481327801e-05,0,0,0.134449870139383,33.9068648471447,0.994991652754591,0,0.00500834724540901,-0.0113912133891213,0,0,NA,NA,NA,NA,-8.39531771303317e-08,NA,NA,NA,NA,"edge",1
102210,54,1,1,132,1.2226284065484e-05,2,1,1,0,1,2.7225,4.6142311955297e-09,0,82053,0,0,0,0,0,0,0,0,0,0,8.29875518672199e-07,0,0,NA,NA,1,0,0,-0.0113912133891213,0,0,NA,NA,NA,NA,-4.1546027389634e-08,NA,NA,NA,NA,"edge",1
102128,174,69,106,240,0.00113258558328158,843,30,102,10.0498756211209,10,32,2.15871672633744e-05,10,82017,0.000158503724837534,10.0498756211209,6,32,7.07106781186548,3,4,3,0.000210526315789474,58,1.6597510373444e-05,0,0,0.14427769498067,27.0337977073403,0.943181818181818,0.00757575757575758,0.0492424242424242,0.1225,0.0420496887913008,0.0295860577902321,3.84433263793432,1.15397567278059,6.06028878433093,1.16784693661038,5.77989151443126e-07,0.361332417582418,0.154856750392465,0.306471306471306,0.13134484563056,"edge",1
102072,78,20,11,60,0.000310828626244654,67,10,18,2,3,5.445,3.40836726510391e-07,0,81975,0,0,0,0,0,0,0,0,0,1,1.6597510373444e-06,0,0,NA,NA,1,0,0,-0.0113912133891213,0,0,NA,NA,NA,NA,-1.26320092334935e-07,NA,NA,NA,NA,"edge",1
102445,78,64,132,156,0.00142325377709656,382,26,128,5,10,8.5,9.72717514142298e-06,0,82132,0,0,0,0,0,0,0,0,0,23,7.46887966804979e-06,0,0,0.348428239728284,65.2386736160888,1,0,0,-0.0113912133891213,0,0,NA,NA,NA,NA,-8.48417957156336e-08,NA,NA,NA,NA,"edge",1
101977,210,96,107,204,0.00151892776535775,1028,40,102,17.8885438199983,18,54.5,1.52358927263086e-05,0,81921,0,0,0,0,0,0,0,0,0,114,2.19917012448133e-05,0,0,0.102780609527651,36.1577837685725,1,0,0,-0.0113912133891213,-3.80347863053538e-18,0,NA,NA,NA,NA,-1.27551074639062e-07,NA,NA,NA,NA,"edge",1
102333,138,58,117,132,0.000955414012738854,472,15,72,6.08276253029822,10,11,6.13606954908336e-06,0,81802,0,0,0,0,0,0,0,0,0,32.5,1.07883817427386e-05,0,0,0.10081154030922,43.2657033481481,1,0,0,-0.0113912133891213,0,0,NA,NA,NA,NA,-8.51283388451801e-08,NA,NA,NA,NA,"edge",1
102197,102,4,11,12,9.89327628210677e-05,14,3,12,1,2,5.445,1.14170151422331e-08,0,81930,1.22055413157574e-05,0,1,2.7225,1,1,0,1,0,0,8.29875518672199e-07,0,0,NA,NA,1,0,0,0,0,0,NA,NA,NA,NA,9.08209116671002e-09,NA,NA,NA,NA,"edge",1
101928,174,152,226,240,0.00253830322433112,896,68,222,40.7921561087423,21,300.5,6.16054508709117e-05,54,81685,0.000979371977719287,40.7921561087423,14,256.5,34.928498393146,26,16,12,0.00242105263157895,358,1.61825726141079e-05,0,0,0.203931210717432,12.960675814332,0.721789883268482,0.0700389105058366,0.208171206225681,1.06183054393305,0.170678477442436,0.146144344741196,11.7316651978419,9.03737884480064,15.7401400414188,12.1270162959248,4.05562757125321e-06,0.786445988651871,0.0791099515211941,0.58596746390864,0.0589434727008692,"edge",1
102415,186,94,216,240,0.00163898601398601,772,34,210,8.54400374531753,13,31.5,3.59966300001012e-05,24,81889,0.000464042789629865,5.3851648071345,7,11.5,8.06225774829855,14,5,6,0.00105263157894737,58.5,1.6597510373444e-05,0,0,0.108072248252401,11.9722001030789,0.837988826815642,0.0409683426443203,0.121042830540037,0.0367259414225941,0.0225320703227385,0.0337332960179856,6.06112150647673,1.52163310310674,6.31175014507305,1.20509859875151,1.89921296450495e-06,0.606926103774843,0.531060340802988,0.395958383353341,0.346463585434174,"edge",1
102390,186,14,240,240,0.000280415991026688,67,7,31,1.4142135623731,4,5.445,2.43919783685923e-07,14,81929,0.000195291044685032,0,1,2.7225,3,2,1,1,0,2,2.4896265560166e-06,0,0,0.054735113764147,136.405811478022,1,0,0,0,0,0.0125523012552301,NA,NA,NA,NA,7.75475386142218e-07,NA,NA,NA,NA,"edge",1
102145,42,3,20,25,5.74758888646213e-05,7,2,19,2.23606797749979,3,5.445,7.00976910350267e-09,0,82075,0,0,0,0,0,0,0,0,0,0,8.29875518672199e-07,0,0,NA,NA,1,0,0,-0.0113912133891213,0,0,NA,NA,NA,NA,-4.14974056651926e-08,NA,NA,NA,NA,"edge",1
102466,210,7,8,12,0.000123031496062992,16,4,1,0,1,2.7225,3.26346206009659e-08,0,82180,0,0,0,0,0,0,0,0,0,0,4.149377593361e-07,0,0,NA,NA,1,0,0,-0.0113912133891213,0,0,NA,NA,NA,NA,-1.69429360642635e-07,NA,NA,NA,NA,"edge",1
102004,126,186,131,240,0.00311807264134857,1666,46,126,19.313207915828,28,91.5,4.93284755939351e-05,12,81945,0.000280676063213131,12.0830459735946,5,10.5,17,11,5,5,0.000315789473684211,132,3.23651452282158e-05,0,0,0.125065116259955,20.0233360302374,0.960144927536232,0.0072463768115942,0.0326086956521739,0.0325418410041841,0.0505566777137848,0.0711297071129707,12.3307591460372,4.26502914445184,13.9749531192322,3.62296241273326,1.00772110364335e-06,0.637621637621638,0.637621637621638,0.396705146705147,0.396705146705147,"edge",1
102121,54,204,192,240,0.00352323746375836,3280,75,186,39.9249295553543,37,466,0.000108815407749014,162,81621,0.00263412602148957,39.9249295553543,30,466,25.2388589282479,53,32,26,0.00105263157894737,556.5,6.92946058091286e-05,0,0,0.108323639841149,16.5103581152053,0.905063291139241,0.0221518987341772,0.0727848101265823,1.93839958158996,0.167049914457549,0.105601920201874,13.2453940803184,4.68422000800004,13.7718762840119,4.73059211929051,1.08940093767764e-05,0.703845869287046,0.134238645173303,0.550310851046145,0.10495619324076,"edge",1
102421,126,32,119,240,0.000633620899741678,479,11,93,12.8062484748657,9,38.5,8.30642419959297e-06,26,82068,0.000633620899741678,12.8062484748657,9,38.5,12.0415945787923,26,7,11,0.000105263157894737,71.5,1.12033195020747e-05,0,0,0.0811067031710671,24.6111481387426,0.958333333333333,0.0189393939393939,0.0227272727272727,0.149696652719665,0.0535826296019485,0.0503832409154489,7.63469982770766,2.27650925648914,6.38701178210807,0.86048082164269,2.52549487165814e-06,0.376755651755652,0.145840897453801,0.191832010582011,0.0742575524833589,"edge",1
102090,54,52,178,216,0.000747559751382986,130,20,174,2,4,5.445,4.11479960635256e-06,0,81620,0,0,0,0,0,0,0,0,0,4,3.3195020746888e-06,0,0,0.0780873828427923,15.3154690560388,1,0,0,-0.0227824267782427,-0.00418410041841004,-0.00418410041841004,NA,NA,NA,NA,-1.68958989598209e-07,NA,NA,NA,NA,"edge",1
102340,234,78,132,240,0.0013378739965945,810,24,107,14.142135623731,11,28.5,1.66269999137343e-05,23,82335,0.00041294710633388,4.47213595499958,6,5,5,11,5,6,0.000105263157894737,90,1.45228215767635e-05,0,0,0.0651188275598189,13.8521556719839,0.944444444444444,0.0333333333333333,0.0222222222222222,0.00952928870292887,0.0187118659205003,0.0209205020920502,3.20666081510532,1.50359293036435,2.84799297812639,1.36424704349266,1.60043969971141e-06,0.577188291584576,0.494732821358208,0.402246145667198,0.344782410571884,"edge",1
102265,90,101,45,141,0.00151335782369381,482,28,42,5.8309518948453,15,13,4.26144015625426e-06,0,82150,0,0,0,0,0,0,0,0,0,16,8.29875518672199e-06,0,0,0.405673746583752,192.665937807665,1,0,0,-0.0113912133891213,0,0,NA,NA,NA,NA,-4.21780064556813e-08,NA,NA,NA,NA,"edge",1
102256,186,123,153,228,0.00171291538198013,944,47,150,13,13,55.5,2.75453405883943e-05,0,82014,0,0,0,0,0,0,0,0,0.000157894736842105,81.5,1.6597510373444e-05,0,0,0.0689743285893989,10.1321438501855,0.949101796407186,0.00598802395209581,0.0449101796407186,-0.0227824267782427,-0.00418410041841004,-0.00418410041841004,NA,NA,NA,NA,-8.37146570844636e-08,NA,NA,NA,NA,"edge",1
102287,126,94,238,240,0.0016944193870834,956,34,234,11.1803398874989,13,37,4.22872766197869e-05,93,82034,0.0016944193870834,10.4403065089106,10,37,7.81024967590665,46,17,14,0.000473684210526316,70,1.78423236514523e-05,0,0,0.176439166860538,16.8805393813483,0.902061855670103,0.0335051546391753,0.0644329896907216,0.14342050209205,0.0436832908322617,0.0326788689368479,6.40563236696221,1.42909965498899,5.98635872930447,1.38698539532152,7.0474326532792e-06,0.83423721340388,0.600650793650794,0.614927364708066,0.442747702589808,"edge",1
102056,150,71,226,240,0.00134438170663147,1221,30,222,16.1245154965971,16,96,3.93741276162148e-05,28,81819,0.000488884000048888,16.1245154965971,7,96,13.4164078649987,12,7,6,0.00115789473684211,143,2.73858921161826e-05,0,0,0.116570007298835,19.3121017160037,0.913738019169329,0.012779552715655,0.073482428115016,0.390282426778243,0.0674665920359711,0.056135597761501,6.89100813432723,3.06868184586855,8.16797888459999,4.20295226765466,1.96091844430647e-06,0.630674962292609,0.203443536223422,0.5125,0.165322580645161,"edge",1
102024,78,203,239,240,0.00339394236424231,2771,72,234,25,34,188,0.000124396521307405,191,81616,0.00339394236424231,20.6155281280883,34,188,17.2626765016321,86,41,37,0.00173684210526316,304.5,5.68464730290456e-05,0,0,0.189055187372819,20.2696248037971,0.613293051359517,0.169184290030211,0.217522658610272,0.775219665271967,0.0862574398664783,0.0722287719733559,11.345439119382,3.20328570017775,11.1036395393107,3.12680647075918,1.41583814887725e-05,0.720011270192747,0.417784317272335,0.518264894610326,0.300721605514634,"edge",1
102085,162,28,48,57,0.000488973644320571,111,14,44,3.60555127546399,7,5.445,8.68374423088278e-07,0,82195,0,0,0,0,0,0,0,0,0,4,3.3195020746888e-06,0,0,0.0972202285479764,90.6844267436402,1,0,0,-0.0113912133891213,0,0,NA,NA,NA,NA,-4.24924128734505e-08,NA,NA,NA,NA,"edge",1
101976,186,91,82,240,0.0015402669796098,756,39,78,11.7046999107196,15,42.5,1.03075130121696e-05,2,81676,8.5704490915324e-05,3.60555127546399,2,5.445,2.23606797749979,5,2,3,0,55,1.6597510373444e-05,0,0,0.221633666882485,87.055697747749,1,0,0,0.0113912133891213,0.0150859886002677,0.00935593296025017,2.15737865166653,0.136293910356554,2.11803398874989,0.166925267711095,2.31827042968896e-07,NA,NA,NA,NA,"edge",1
102178,186,107,228,240,0.00167586147842787,814,37,222,11.1803398874989,12,38,2.80142217623331e-05,30,82030,0.000585151773741314,8.06225774829855,8,24,5.3851648071345,18,9,7,0.000947368421052632,81.5,1.61825726141079e-05,0,0,0.215078885831316,30.2416204821582,0.753986332574032,0.0523917995444191,0.193621867881549,0.0890271966527197,0.0337332960179856,0.0225320703227385,3.83638830840389,2.19753169222476,4.2280841317792,1.73600623455722,2.36462749815408e-06,0.746239316239316,0.621866096866097,0.525821123321123,0.438184269434269,"edge",1
102332,150,180,96,240,0.00323028914135258,3199,65,114,26.9072480941474,32,275.5,7.87680888820781e-05,88,81819,0.00158887300015889,26.9072480941474,14,250,17.1172427686237,42,16,16,0.00142105263157895,484.5,6.51452282157676e-05,0,0,0.14077415365479,28.2329279794007,0.787234042553192,0.0911854103343465,0.121580547112462,1.03463389121339,0.112582628008985,0.0716202626302246,11.0466192223682,4.19170021269071,11.3730858447941,4.41547803279254,6.60606041835341e-06,0.815386002886003,0.15613774523349,0.581430470401059,0.111337749651267,"edge",1
102188,138,99,192,240,0.0018620387498783,1383,28,198,17.2626765016321,16,78,4.69384648754755e-05,23,82007,0.00045118099674418,14.3178210632764,6,26.5,8.60232526704263,14,5,6,0.000578947368421053,168.5,3.48547717842324e-05,0,0,0.187555446362822,33.8892535485512,0.911487758945386,0.0207156308851224,0.0677966101694915,0.0994874476987448,0.0599072011015747,0.0359929927491323,6.91766701474189,1.40536816805503,7.03628935362292,1.5372996341364,1.80306505557131e-06,0.72562358276644,0.36281179138322,0.401927437641723,0.200963718820862,"edge",1
102298,126,50,93,240,0.000779375768720241,447,19,55,8,7,5.445,7.94915494308647e-06,5,81986,0.000134169248408265,7.61577310586391,2,5.445,4.12310562561766,6,2,3,0,24,9.54356846473029e-06,0,0,0.0754527200602893,22.0046490370251,1,0,0,0.0113912133891213,0.0318651594387611,0.0172514879732957,3.77806939218188,0.298810143381484,3.86432845054082,0.365966190626258,4.77060693666618e-07,NA,NA,NA,NA,"edge",1
102280,90,59,239,240,0.000888423717262195,186,19,234,2.82842712474619,4,5.445,5.48330805080861e-06,54,82168,0.000888423717262195,2.23606797749979,4,1,8.06225774829855,19,6,6,0,9.5,4.9792531120332e-06,0,0,0.0802429977797917,16.6369260694643,1,0,0,-0.0072071129707113,0.00935593296025017,0.0337332960179856,6.53601468174371,0.858262486676916,6.19230505702728,0.431775053537386,3.6747758702855e-06,0.801211393648368,0.701059969442322,0.617208421830271,0.540057369101487,"edge",1
102272,150,87,237,240,0.00147429727194083,1197,22,162,10.816653826392,17,55.5,3.19605929528382e-05,80,81729,0.00126026257509574,7.61577310586391,10,21,10.0498756211209,23,12,13,5.26315789473684e-05,116,2.61410788381743e-05,0,0,0.0939299445076198,18.1905879679409,1,0,0,0.0764748953974895,0.0318651594387611,0.0420496887913008,8.17394424357148,1.61828771491149,8.03331188123653,1.66762767332978,5.23093515167011e-06,0.748447712418301,0.570245876128229,0.58014739549666,0.442017063235551,"edge",1
102083,66,124,144,228,0.00191151045851901,1157,39,138,16.5529453572468,22,62.5,2.78015282708968e-05,0,81993,0,0,0,0,0,0,0,0,0.000210526315789474,101,1.95020746887967e-05,0,0,0.163547730472308,27.9959071781079,0.96039603960396,0.00247524752475248,0.0371287128712871,-0.0113912133891213,0,0,NA,NA,NA,NA,-8.36585839646906e-08,NA,NA,NA,NA,"edge",1
102114,222,30,22,216,0.000526804017453246,270,11,95,3.16227766016838,9,5.445,3.90428539560871e-06,0,82060,0,0,0,0,0,0,0,0,0,15.5,7.46887966804979e-06,0,0,0.533807692387953,248.987927315849,1,0,0,-0.0113912133891213,0,0,NA,NA,NA,NA,-1.25920922667932e-07,NA,NA,NA,NA,"edge",1
102459,186,71,84,240,0.00120394016782196,1039,25,78,34.2052627529741,10,165.5,3.44482264309073e-05,37,81805,0.000696778925493552,34.2052627529741,10,152,20.0249843945008,20,8,10,0.00110526315789474,250.5,2.32365145228216e-05,0,0,0.0663501438285139,10.9005891193045,0.883720930232558,0.0203488372093023,0.0959302325581395,0.624592050209205,0.143118254196545,0.0837865455836853,16.7135944847987,5.45239594609635,16.1678510169486,5.9857538963065,2.78978833811844e-06,0.573953823953824,0.0830722639933166,0.404304407713499,0.0585177432216906,"edge",1
102169,222,24,23,72,0.000434573774616317,169,9,20,5.8309518948453,7,5.445,1.0188719066359e-06,0,82250,0,0,0,0,0,0,0,0,0,6.5,4.149377593361e-06,0,0,0.105255578260922,104.67784747961,1,0,0,-0.0113912133891213,0,0,NA,NA,NA,NA,-8.36335009376572e-08,NA,NA,NA,NA,"edge",1
102048,42,24,35,96,0.000415120140652471,170,9,56,11.6619037896906,6,19,2.25890703616436e-06,0,81753,0,0,0,0,0,0,0,0,0,30,4.149377593361e-06,0,0,0.146500549900108,65.6317797775578,1,0,0,-0.0113912133891213,0,0,NA,NA,NA,NA,-4.21448686873363e-08,NA,NA,NA,NA,"edge",1
102198,90,40,240,240,0.000683285693136395,162,15,234,4,5,5.445,2.66697560049801e-06,40,82073,0.00067013512360947,4,5,0,5,15,6,6,0,6,3.7344398340249e-06,0,0,0.528786120949448,173.284744527793,1,0,0,-0.0113912133891213,0.0167364016736402,0.0209205020920502,3,1.4142135623731,2.5,1.04880884817015,2.76148788208003e-06,NA,NA,NA,NA,"edge",1
102182,174,107,60,240,0.00178046609187693,1987,39,54,20.8086520466848,20,151.5,4.65448065343812e-05,67,81808,0.00111236064932525,20.2484567313166,8,109,15.52417469626,24,11,8,0.000421052631578947,242.5,4.19087136929461e-05,0,0,0.120251464569427,26.377355607716,0.933510638297872,0.023936170212766,0.0425531914893617,0.444675732217573,0.0847215762816594,0.0649547058420921,11.9854192702004,0.73657502188657,10.9038869507109,3.3489960141403,4.5708642682225e-06,0.811805555555556,0.221401515151515,0.638320707070707,0.174087465564738,"edge",1
102159,90,80,239,240,0.00140108919455646,1071,24,224,20.6155281280883,17,84.5,3.1147475756961e-05,75,82079,0.00140108919455646,20.6155281280883,17,84.5,14.422205101856,40,20,17,0.00110526315789474,112.5,2.19917012448133e-05,0,0,0.109128540474102,18.6664928067434,0.889097744360902,0.037593984962406,0.0733082706766917,0.342165271966527,0.0862574398664783,0.0603439544010709,7.19528837721153,3.15112110871869,6.62372210866797,2.49764213591501,5.81962823641041e-06,0.714052492341966,0.439416918364287,0.535956209969368,0.329819206134996,"edge",1
102210,126,99,108,240,0.00179634132929258,1210,29,114,10.295630140987,18,34.5,2.21251675915995e-05,21,82009,0.00034142594105525,9.21954445729289,5,18,10.1980390271856,7,6,4,0.000315789473684211,95,2.61410788381743e-05,0,0,0.124714602315835,35.9019606980626,0.940677966101695,0.0282485875706215,0.0310734463276836,0.0639225941422594,0.0385754998213092,0.0426696193606091,7.12378042089934,4.20345136204543,7.39751315025589,3.42522393868626,1.38649817119765e-06,0.832467532467532,0.832467532467532,0.646536796536797,0.646536796536797,"edge",1
102101,66,42,24,108,0.000784890851116017,239,12,18,5.09901951359278,5,5.445,1.02165117231808e-06,0,81938,0,0,0,0,0,0,0,0,0,20,6.63900414937759e-06,0,0,0.231003437725558,366.349723473577,1,0,0,-0.0113912133891213,9.38790277676039e-19,0,NA,NA,NA,NA,-8.44002545342875e-08,NA,NA,NA,NA,"edge",1
102403,186,160,119,240,0.00247827229017485,1512,51,114,31.04834939252,20,184,3.23612255305339e-05,9,82010,0.000195098158761127,15.52417469626,4,4,10.0498756211209,7,3,3,0.000578947368421053,365,3.02904564315353e-05,0,0,0.0662100383290909,14.9221304904794,0.823529411764706,0.0766488413547237,0.0998217468805704,0.0053451882845188,0.0649547058420922,0.0420496887913008,6.9602758386554,2.70773713176609,8.3120708847012,2.20549686273952,7.33090151093445e-07,0.568218954248366,0.568218954248366,0.433006535947712,0.433006535947712,"edge",1
102093,150,125,167,240,0.00216521707218614,2014,39,162,18.3575597506858,20,174.5,5.28846411236267e-05,27,81697,0.000526335116344541,14.3178210632764,8,18,10.770329614269,16,8,7,0.000578947368421053,214,3.81742738589212e-05,0,0,0.0779297414678601,13.6398551643835,0.956403269754768,0.00272479564032698,0.0408719346049046,0.0525313807531381,0.0557231006831647,0.040880040227067,6.31180986195168,3.93969952039464,7.32374446921984,3.8340976885344,2.03361194730591e-06,0.722454212454212,0.656776556776557,0.445311355311355,0.404828504828505,"edge",1
102127,198,15,35,233,0.000306755994012123,75,6,31,2,4,5.445,1.24700344983492e-06,0,81856,0,0,0,0,0,0,0,0,0.000105263157894737,2.5,2.4896265560166e-06,0,0,0.068656854092195,33.4121201022064,0.967857142857143,0.00714285714285714,0.025,-0.0113912133891213,0,0,NA,NA,NA,NA,-4.22576647586204e-08,NA,NA,NA,NA,"edge",1
102153,126,20,46,76,0.000293366255546456,109,6,25,2.23606797749979,5,5.445,5.28982739297347e-07,0,82101,0,0,0,0,0,0,0,0,0,3.5,2.9045643153527e-06,0,0,0.22761628368316,304.953552438778,1,0,0,-0.0113912133891213,0,0,NA,NA,NA,NA,-4.20368961200198e-08,NA,NA,NA,NA,"edge",1
102213,210,36,23,72,0.000491204021018963,219,10,66,4.12310562561766,6,5.445,6.91005040514097e-07,0,81997,0,0,0,0,0,0,0,0,0,11,5.39419087136929e-06,0,0,0.15126598735968,288.082206773266,1,0,0,-0.0113912133891213,0,0,NA,NA,NA,NA,-4.18368205020501e-08,NA,NA,NA,NA,"edge",1
102146,162,1,1,1,9.95807649794366e-06,1,1,1,0,1,2.7225,1.7815273715158e-09,0,81868,0,0,0,0,0,0,0,0,0,0,4.149377593361e-07,0,0,NA,NA,1,0,0,-0.0113912133891213,0,0,NA,NA,NA,NA,-4.16655920416053e-08,NA,NA,NA,NA,"edge",1
102085,198,13,35,36,0.000184877056757256,45,7,30,1.4142135623731,2,5.445,2.48302505809887e-07,0,81920,0,0,0,0,0,0,0,0,0,0.5,1.2448132780083e-06,0,0,NA,NA,1,0,0,-0.0113912133891213,0,0,NA,NA,NA,NA,-4.22146034244064e-08,NA,NA,NA,NA,"edge",1
102065,138,0,1,-Inf,0,1,1,1,0,0,0,2.27193387605705e-08,0,81710,0,0,0,0,0,0,0,0,0,0,4.149377593361e-07,0,0,NA,NA,1,0,0,0,0,0,NA,NA,NA,NA,0,NA,NA,NA,NA,"edge",1
102247,174,50,35,240,0.000771084337349398,235,15,30,4,9,5.5,2.41597962897298e-06,5,82224,0.000109457092819615,0,1,2.7225,2.23606797749979,4,1,1,0,10.5,4.9792531120332e-06,0,0,0.38226267433906,191.970338959713,1,0,0,0,0,0.00935593296025017,NA,NA,NA,NA,2.88979531746473e-07,NA,NA,NA,NA,"edge",1
102171,66,58,167,240,0.000953067533387911,931,20,42,12.1655250605964,12,45,1.65148287405749e-05,5,82082,0.000121829390122073,11.1803398874989,5,41.5,19.1049731745428,5,3,4,0.000157894736842105,158.5,2.44813278008299e-05,0,0,0.0513150071435332,18.5402767682039,0.933333333333333,0.0313725490196078,0.0352941176470588,0.162248953974895,0.0467796648012508,0.0799371262533172,12.6270316848323,5.0738638570937,12.2793391354278,5.94363067457329,4.67802215300571e-07,0.32093253968254,0.0534887566137566,0.21875,0.0364583333333333,"edge",1
102107,174,63,228,240,0.0011331928011795,812,25,222,18.6010752377383,13,31,1.76401837584471e-05,39,82090,0.000803995614569375,6.32455532033676,8,15.5,9.21954445729289,27,11,11,0.000842105263157895,108,1.86721991701245e-05,0,0,0.10104722889196,25.8918787849926,0.93909626719057,0.0275049115913556,0.0333988212180747,0.0534623430962343,0.0264625745620785,0.0385754998213091,7.72886785914716,1.26137297316307,7.77044250715598,1.13236282492928,3.19706838857988e-06,0.665426170468187,0.547998022738507,0.414965986394558,0.341736694677871,"edge",1
102140,66,100,108,198,0.00147867530245631,1098,48,90,12.1655250605964,14,53.5,2.56660235031616e-05,0,81974,0,0,0,0,0,0,0,0,0,79.5,1.99170124481328e-05,0,0,0.116864512078781,22.1334524591402,1,0,0,-0.0113912133891213,2.8876627109689e-18,0,NA,NA,NA,NA,-8.36585839646905e-08,NA,NA,NA,NA,"edge",1
101895,54,97,180,240,0.00167262871305261,1388,33,235,22.2036033111745,21,197.5,6.1143524992033e-05,87,81744,0.00134566451360344,17.0293863659264,16,90,21.2602916254693,23,18,14,0.00115789473684211,231,2.73858921161826e-05,0,0,0.167032135981431,18.0690020074806,0.938931297709924,0.0254452926208651,0.0356234096692112,0.365177824267782,0.0712526626189389,0.0889551950856456,15.5054180372113,4.49912949596068,15.6288293670273,4.10390393115276,5.58755936793485e-06,0.792802287581699,0.466354286812764,0.6378139589169,0.375184681715824,"edge",1
102185,126,40,46,192,0.000757251908396947,436,15,69,6.70820393249937,13,16,3.66525260676385e-06,0,82203,0,0,0,0,0,0,0,0,0,39,1.36929460580913e-05,0,0,0.0706385634168377,64.455953347232,1,0,0,-0.0113912133891213,0,0,NA,NA,NA,NA,-1.27156979741986e-07,NA,NA,NA,NA,"edge",1
102265,90,48,33,120,0.000733406674000733,236,12,30,5,9,7.5,1.72323125353795e-06,0,81837,0,0,0,0,0,0,0,0,0,12,6.22406639004149e-06,0,0,0.116506690757233,102.526768257191,1,0,0,-0.0113912133891213,0,0,NA,NA,NA,NA,-8.52723374618643e-08,NA,NA,NA,NA,"edge",1
102278,210,24,228,240,0.000379334818041653,109,8,239,3,6,5.445,3.08872191014589e-06,16,81722,0.000379334818041653,3,6,3,2.23606797749979,15,5,5,0.000105263157894737,4,2.9045643153527e-06,0,0,0.0101947893392011,2.30846440866043,0.952662721893491,0.0177514792899408,0.029585798816568,0.00116108786610879,0.0125523012552301,0.00517183254184012,1.82448349897449,0.582301427494592,1.37726990347454,0.937501741987212,1.41830122284166e-06,0.696588635454182,0.609515056022409,0.417827130852341,0.365598739495798,"edge",1
102067,234,41,36,240,0.000856331963202192,446,19,33,7.61577310586391,7,7,6.9091614793723e-06,5,82162,0.000121710766534408,5.3851648071345,3,1.5,6.40312423743285,5,4,2,0.000105263157894737,31.5,1.03734439834025e-05,0,0,0.0906800125564867,33.2009015634485,0.965753424657534,0.0136986301369863,0.0205479452054795,-0.00511506276150627,0.0225320703227385,0.0267913148009743,6.40312423743285,0,4.99213153375852,1.66478136688828,4.25285098863449e-07,0.610323886639676,0.610323886639676,0.532388663967611,0.532388663967611,"edge",1
102117,114,31,216,240,0.000489248758531275,196,11,198,23.3452350598575,5,5.445,1.40656839676786e-05,13,81771,0.000232356214305805,2.23606797749979,4,1.5,2,6,3,4,0.000105263157894737,18.5,3.7344398340249e-06,0,0,0.0499621241438808,3.23940407774883,0.985507246376812,0.0062111801242236,0.0082815734989648,-0.00511506276150627,0.00935593296025017,0.00836820083682008,1.10355339059327,0.84235377691331,1.1380711874577,1.02819791792142,8.87682135916872e-07,0.611111111111111,0.611111111111111,0.4375,0.4375,"edge",1
102067,234,13,24,49,0.000293941138287058,62,8,22,2,4,5.445,6.18677270855207e-07,0,82156,0,0,0,0,0,0,0,0,0,2,2.4896265560166e-06,0,0,0.0674072915312185,66.1551324344023,1,0,0,-0.0113912133891213,0,0,NA,NA,NA,NA,-4.21508126571304e-08,NA,NA,NA,NA,"edge",1
102086,222,54,48,240,0.000939826681313316,312,25,45,5.09901951359278,8,5.5,2.55551015671244e-06,5,81970,0.00013419543735513,0,1,2.7225,2.23606797749979,6,1,1,0,14.5,7.05394190871369e-06,0,0,0.100886594700796,67.9370816741335,1,0,0,0,0,0.00935593296025017,NA,NA,NA,NA,5.19474348900171e-07,NA,NA,NA,NA,"edge",1
102371,102,13,12,24,0.000197677291821102,26,4,6,1.4142135623731,3,5.445,2.03559057365053e-07,0,81838,0,0,0,0,0,0,0,0,0,0,8.29875518672199e-07,0,0,NA,NA,1,0,0,-0.0113912133891213,0,0,NA,NA,NA,NA,-1.2594745547726e-07,NA,NA,NA,NA,"edge",1
102177,78,15,11,24,0.000270482934985738,43,8,6,2.23606797749979,5,5.445,4.17590592660966e-07,0,81926,0,0,0,0,0,0,0,0,0,1,1.6597510373444e-06,0,0,NA,NA,1,0,0,-0.0113912133891213,0,0,NA,NA,NA,NA,-8.48202967505938e-08,NA,NA,NA,NA,"edge",1
102264,138,128,48,240,0.00215333706416215,1460,49,42,25.7099202643649,21,139.5,3.6373333063782e-05,34,82031,0.000499811047043191,6.32455532033676,4,2,5,7,6,5,0.00110526315789474,227.5,3.40248962655602e-05,0,0,0.0810014663800375,18.44580744467,0.861356932153392,0.0265486725663717,0.112094395280236,-0.00302301255230128,0.0264625745620785,0.0209205020920502,3.74690829599119,0.975114237815497,3.95575691332599,1.01113040267235,1.96550647025941e-06,0.72008547008547,0.617216117216117,0.587423687423687,0.503506017791732,"edge",1
102070,42,157,216,240,0.0027819991176038,2102,49,211,31.8904374382039,26,247,8.36446210996057e-05,70,81783,0.00135725028428891,31.8904374382039,19,247,20.8806130178211,41,21,17,0.00157894736842105,407,4.48132780082988e-05,0,0,0.0976141871313885,12.4468938205696,0.772213247172859,0.0516962843295638,0.176090468497577,1.02208158995816,0.133432792628468,0.0873665816645234,12.7630610527997,6.17339368562088,12.8192328346798,6.07458912246581,5.63701373509737e-06,0.689535464535465,0.134400980375557,0.479789051528182,0.0935182049588829,"edge",1
102037,126,161,154,240,0.00259987549891977,2120,53,150,27.2946881279124,27,185,6.5803251443989e-05,43,81775,0.000733720574747784,14.8660687473185,9,84.5,15.1327459504216,17,11,8,0.000578947368421053,273.5,4.149377593361e-05,0,0,0.121067593941359,18.5982142705187,0.920792079207921,0.0198019801980198,0.0594059405940594,0.342165271966527,0.0622011244657678,0.0633169286628517,11.0147645306308,4.09528821030184,11.387258256936,4.57857885471322,2.94434333832685e-06,0.60521978021978,0.196696428571429,0.465613553113553,0.151324404761905,"edge",1
102209,162,77,35,60,0.00139309805455079,370,27,42,7.07106781186548,14,18,1.77499496228676e-06,0,81937,0,0,0,0,0,0,0,0,0,29,9.12863070539419e-06,0,0,0.203249995627157,255.025625115638,1,0,0,-0.0227824267782427,-0.00418410041841004,-0.00418410041841004,NA,NA,NA,NA,-8.39119270483132e-08,NA,NA,NA,NA,"edge",1
102199,54,44,47,192,0.000855139387720198,524,18,47,10,12,20,7.73022779424917e-06,0,82061,1.21860567139079e-05,0,1,2.7225,2.82842712474619,1,0,1,0,47.5,1.03734439834025e-05,0,0,0.344283153083165,112.741875200432,1,0,0,0,-9.52762043211772e-19,0.00591721155804642,NA,NA,NA,NA,-3.35191096888891e-08,NA,NA,NA,NA,"edge",1
102336,102,86,203,240,0.00130878135384896,965,25,193,16.5529453572468,12,27,3.47124619205647e-05,36,82089,0.00071873210783418,16.5529453572468,8,11,12.369316876853,23,10,9,0.000421052631578947,87.5,1.95020746887967e-05,0,0,0.142175543171563,19.4587575567873,0.895569620253165,0.0284810126582278,0.0759493670886076,0.0346338912133891,0.0692591855951751,0.051754463919887,10.0596461959366,2.29759835788376,9.33929031972097,2.51167414817867,2.88074007424301e-06,0.511426388737313,0.421174673077787,0.379792826221398,0.312770562770563,"edge",1
102146,54,19,36,216,0.000511914193430435,222,12,35,14.0356688476182,8,22,7.1528388692973e-06,0,81907,0,0,0,0,0,0,0,0,0,9,4.149377593361e-06,0,0,0.15736321117987,22.2709987571637,1,0,0,-0.0113912133891213,0,0,NA,NA,NA,NA,-4.15765771534048e-08,NA,NA,NA,NA,"edge",1
102182,126,9,11,12,0.000222279850331567,28,6,10,1,2,5.445,4.52871746197537e-09,0,81974,0,0,0,0,0,0,0,0,0,0,8.29875518672199e-07,0,0,NA,NA,1,0,0,-0.0113912133891213,0,0,NA,NA,NA,NA,-8.43075705416196e-08,NA,NA,NA,NA,"edge",1
102162,114,155,240,240,0.00265141795877473,2460,64,198,17.464249196573,28,134,8.44157675056852e-05,155,81915,0.00263687969236404,17.0293863659264,28,105,17.0293863659264,61,34,29,0.00121052631578947,229.5,4.43983402489627e-05,0,0,0.10421729898466,13.1744748473404,0.773809523809524,0.0535714285714286,0.172619047619048,0.427939330543933,0.0712526626189389,0.0712526626189389,12.4458154116642,3.08769842291667,11.9601996453776,2.88372250510127,1.0865254883992e-05,0.757965097767729,0.450041776799589,0.577682033738535,0.342998707532255,"edge",1
102000,138,19,46,48,0.000298835608397281,44,5,42,1,2,5.445,1.95568624108841e-07,0,82139,0,0,0,0,0,0,0,0,0,0.5,1.2448132780083e-06,0,0,NA,NA,1,0,0,-0.0113912133891213,0,0,NA,NA,NA,NA,-4.25140008170341e-08,NA,NA,NA,NA,"edge",1
102138,210,39,106,240,0.000684353957643378,344,11,61,5.3851648071345,8,11,3.67512959981769e-06,4,82021,6.09599980492801e-05,0,1,2.7225,6.08276253029822,1,1,1,0,23.5,8.71369294605809e-06,0,0,0.11744686510835,67.9794332698375,1,0,0,0,0,0.0254508892481097,NA,NA,NA,NA,2.12648305829772e-07,NA,NA,NA,NA,"edge",1
101985,18,105,60,203,0.00199476221944832,827,29,54,26.1725046566048,18,107,9.42888217311928e-06,0,82073,0,0,0,0,0,0,0,0,0,141,1.53526970954357e-05,0,0,0.260943843132459,103.604316140818,1,0,0,-0.0227824267782427,-0.00418410041841003,-0.00418410041841004,NA,NA,NA,NA,-8.53245050912065e-08,NA,NA,NA,NA,"edge",1
102071,150,137,227,240,0.0021218218401317,1083,39,222,14.3178210632764,23,70.5,3.60010572692045e-05,102,81929,0.00198952751772877,13.4164078649987,23,70.5,8.24621125123532,61,25,25,0.00178947368421053,166,2.28215767634855e-05,0,0,0.140620022793252,20.9727430078571,0.814049586776859,0.0413223140495868,0.144628099173554,0.283587866108787,0.056135597761501,0.0345029759465913,6.12409720095949,1.68801951052611,6.14777600863418,1.26031169576466,8.2818113876997e-06,0.688561204378142,0.520619447212742,0.471506290351791,0.356504756119647,"edge",1
101962,222,51,47,240,0.000841915173995803,438,20,54,9.21954445729289,8,18,6.65664008149773e-06,1,81853,4.88680928005082e-05,0,1,2.7225,5,3,1,1,0,35.5,8.71369294605809e-06,0,0,0.119468484638177,38.1468034523278,1,0,0,0,0,0.0209205020920502,NA,NA,NA,NA,1.62662284861998e-07,NA,NA,NA,NA,"edge",1
102264,78,0,1,-Inf,1.14054997319708e-05,2,1,1,0,1,2.7225,2.59403279229284e-13,0,82216,0,0,0,0,0,0,0,0,0,0,8.29875518672199e-07,0,0,NA,NA,1,0,0,0,0,0,NA,NA,NA,NA,0,NA,NA,NA,NA,"edge",1
102235,78,0,1,-Inf,0,1,1,1,0,0,0,1.92710771093271e-17,0,81504,0,0,0,0,0,0,0,0,0,0,4.149377593361e-07,0,0,NA,NA,1,0,0,0,0,0,NA,NA,NA,NA,0,NA,NA,NA,NA,"edge",1
102122,150,65,119,240,0.000883584361916155,615,18,106,14.3178210632764,10,28.5,1.0198718124464e-05,9,81884,0.000268672756582483,8.24621125123532,3,2,9.05538513813742,13,3,4,0,56.5,1.41078838174274e-05,0,0,0.111904616270859,37.0382531791897,1,0,0,-0.00302301255230125,0.0345029759465913,0.0378886407453448,6.15293358106037,3.29472474258668,5.18544972870135,3.2659863237109,1.03924312753125e-06,0.403125,0.3225,0.157738095238095,0.126190476190476,"edge",1
102224,138,0,1,-Inf,0,1,1,1,0,0,0,1.75236925581586e-11,0,81693,0,0,0,0,0,0,0,0,0,0,4.149377593361e-07,0,0,NA,NA,1,0,0,0,0,0,NA,NA,NA,NA,0,NA,NA,NA,NA,"edge",1
102174,198,104,240,240,0.00162454653165423,442,27,234,10.0498756211209,18,20.5,2.47867066564376e-05,104,81869,0.00162454653165423,10.0498756211209,18,20.5,9.05538513813742,29,23,16,0.000736842105263158,31.5,9.95850622406639e-06,0,0,0.0900908227297185,7.91097830387037,0.857638888888889,0.0416666666666667,0.100694444444444,0.0743828451882845,0.0420496887913008,0.0319714291872984,5.38128865189153,2.7406534393629,5.56153302988097,2.51897398145544,6.75510524142999e-06,0.812716912716913,0.750200227123304,0.661207311207311,0.61034521034521,"edge",1
102267,174,22,23,240,0.000403738866594891,86,9,19,4.24264068711928,6,5.445,4.65665245399706e-07,1,82228,1.21613075837914e-05,0,1,2.7225,1,0,1,0,0,4.5,3.3195020746888e-06,0,0,0.199530242907442,345.838819463664,1,0,0,-0.0113912133891213,-0.00418410041841004,0,NA,NA,NA,NA,-2.03211034960167e-07,NA,NA,NA,NA,"edge",1
102204,54,57,60,240,0.00105794369793883,613,20,78,10.1980390271856,13,26.5,1.93288565470226e-05,14,81943,0.000280682913732717,6.08276253029822,4,5.5,8.48528137423857,9,4,4,0,47.5,1.28630705394191e-05,0,0,0.311669305041527,50.4273985771275,1,0,0,0.0116213389121339,0.0254508892481097,0.0355032693482785,7.26040764008565,1.64781912429161,6.73986835588422,1.44875787963367,1.13185474608374e-06,0.692307692307692,0.576923076923077,0.521153846153846,0.434294871794872,"edge",1
102164,138,6,21,36,0.000103241792277514,19,2,10,0,1,2.7225,6.69855464542595e-08,0,81967,0,0,0,0,0,0,0,0,0,0,4.149377593361e-07,0,0,NA,NA,1,0,0,-0.0113912133891213,0,0,NA,NA,NA,NA,-4.20626744786027e-08,NA,NA,NA,NA,"edge",1
102261,150,1,1,4,1.04146054426728e-05,1,1,1,0,1,2.7225,1.71399573282417e-11,0,81998,0,0,0,0,0,0,0,0,0,0,4.149377593361e-07,0,0,NA,NA,1,0,0,-0.0113912133891213,0,0,NA,NA,NA,NA,-4.24872350288898e-08,NA,NA,NA,NA,"edge",1
102250,174,109,240,240,0.00186265080775739,1069,29,126,14.142135623731,18,61.5,3.6707843015328e-05,109,82141,0.00186265080775739,13.0384048104053,18,61.5,15.6524758424985,44,20,18,0.000473684210526316,106,2.40663900414938e-05,0,0,0.0896797398479872,13.8277074555096,0.96505376344086,0.021505376344086,0.0134408602150538,0.245930962343096,0.0545539950226163,0.0654915307217512,10.4825399396813,3.61446778633546,9.61451959482958,2.84900960827444,7.75162633095672e-06,0.718087121212121,0.420343680709534,0.556618708089296,0.325825585223003,"edge",1
102190,222,54,72,240,0.000980604554109987,636,19,66,8.24621125123532,9,12,1.05802807718268e-05,33,81912,0.00061041117296611,6.32455532033676,8,10.5,8.24621125123532,17,10,8,0.000263157894736842,44,1.45228215767635e-05,0,0,0.183138854500904,55.839642875675,0.85,0.0708333333333333,0.0791666666666667,0.0325418410041841,0.0264625745620785,0.0345029759465913,6.29847678384544,1.44585721617119,5.84655015012271,1.60480228692237,2.51197841207902e-06,0.715833333333333,0.650757575757576,0.484166666666667,0.440151515151515,"edge",1
102093,186,108,59,240,0.00168238417872185,1105,33,66,12.0830459735946,19,45.5,1.66555018188026e-05,6,81978,0.000134182341603845,7.61577310586391,4,3,11.4017542509914,5,3,4,0.000105263157894737,108,2.15767634854772e-05,0,0,0.168852305482203,53.1184860187159,0.981865284974093,0.00518134715025907,0.0129533678756477,0.00116108786610879,0.0318651594387611,0.0477060847321815,9.10088273883432,3.14620053906031,10.6437983334459,0.751222706926169,4.76854705584272e-07,0.398333333333333,0.28452380952381,0.24,0.171428571428571,"edge",1
102033,54,1,1,1,1.01919137356421e-05,1,1,1,0,1,2.7225,1.98841244146493e-19,0,82011,0,0,0,0,0,0,0,0,0,0,4.149377593361e-07,0,0,NA,NA,1,0,0,-0.0113912133891213,0,0,NA,NA,NA,NA,-4.26439905256993e-08,NA,NA,NA,NA,"edge",1
102361,150,1,1,3,1.02296557720833e-05,1,1,1,0,1,2.7225,1.40885149960061e-19,0,82398,0,0,0,0,0,0,0,0,0,0,4.149377593361e-07,0,0,NA,NA,1,0,0,-0.0113912133891213,0,0,NA,NA,NA,NA,-4.21011895354294e-08,NA,NA,NA,NA,"edge",1
102224,102,15,119,240,0.000281939745448687,46,5,114,3,4,5.445,1.59880859521883e-07,1,81793,1.22259851087501e-05,0,1,2.7225,1,0,1,0,0,0,1.2448132780083e-06,0,0,NA,NA,1,0,0,0,0,0.00418410041841004,NA,NA,NA,NA,9.31792890694618e-09,NA,NA,NA,NA,"edge",1
101986,138,287,107,240,0.00503287902722163,4798,96,102,46.0977222864644,48,625.5,0.000180747918781064,261,81816,0.00454678791434438,35.4682957019364,47,530.5,21.540659228538,111,58,41,0.00263157894736842,789,9.37759336099585e-05,0,0,0.129758897199438,16.2479056824062,0.766192733017378,0.101105845181675,0.132701421800948,2.20827405857741,0.148402910886763,0.090128281290954,13.3713067647484,4.63824959311903,12.1058802039078,4.93815176083061,1.89823875046677e-05,0.745485601000307,0.197521825906064,0.570400498721182,0.151131756071424,"edge",1
102227,186,85,107,240,0.00127753253715681,1035,23,90,12.0830459735946,13,37,2.40341821425615e-05,23,82162,0.000292105839682578,3.16227766016838,4,1.5,2,1,4,1,0.000263157894736842,82,1.86721991701245e-05,0,0,0.203078507670452,38.3537021078275,0.918032786885246,0.039344262295082,0.0426229508196721,-0.00511506276150627,0.0132312872810392,0.00836820083682008,NA,NA,1.10355339059327,0.84235377691331,1.09535799490382e-06,0.84375,0.84375,0.79375,0.79375,"edge",1
101879,42,453,216,240,0.00734707895350121,5782,159,210,42.190046219458,71,728.5,0.000249203054874997,225,81469,0.00382967754606046,32.6955654485436,50,566.5,24.5967477524977,87,54,39,0.00494736842105263,949,0.00011701244813278,0,0,0.128534363336415,14.502449265474,0.657439446366782,0.0645905420991926,0.277970011534025,2.35890167364017,0.136801529073404,0.102915262562752,15.8791831256778,5.17638917837099,14.7501167949205,4.99138681707212,1.58978168128819e-05,0.718507195602054,0.180366003834261,0.557596142923885,0.139972694314226,"edge",1
102129,210,67,36,228,0.00124455507156192,750,29,78,8.06225774829855,13,22,1.75354569814401e-05,0,81873,0,0,0,0,0,0,0,0,5.26315789473684e-05,45.5,1.53526970954357e-05,0,0,0.0877112507397473,18.7844547724807,0.993265993265993,0,0.00673400673400673,-0.0227824267782427,-0.00418410041841004,-0.00418410041841004,NA,NA,NA,NA,-8.52393309445577e-08,NA,NA,NA,NA,"edge",1
102204,78,70,227,240,0.00121832358674464,522,31,222,10.816653826392,9,17,1.2791724177993e-05,62,81835,0.000879819148286186,10.295630140987,6,16,11.3137084989848,10,10,5,0.00131578947368421,41.5,1.12033195020747e-05,0,0,0.0577644959313376,12.2246178628098,0.863134657836645,0.033112582781457,0.103752759381898,0.0555543933054393,0.0430779503806987,0.0473376924643714,7.22801680459516,3.83336879788684,8.80900503947132,3.18004720694676,3.63930285383683e-06,0.905,0.646428571428571,0.818409090909091,0.584577922077922,"edge",1
101954,234,76,48,204,0.00119639129320132,375,35,42,6.70820393249937,11,14,2.86934121715234e-06,0,82038,1.21894731709696e-05,0,1,2.7225,4,1,0,1,0,23.5,7.46887966804979e-06,0,0,0.301865386895115,191.960670199751,1,0,0,1.82493541353723e-18,0,0.0167364016736402,NA,NA,NA,NA,-3.39259208761938e-08,NA,NA,NA,NA,"edge",1
102236,90,211,240,240,0.00367624681980304,2278,66,234,23.7697286480094,31,170.5,8.31550890561897e-05,211,82149,0.00367624681980304,23.7697286480094,31,159.5,20.591260281974,91,40,34,0.00152631578947368,303.5,4.9792531120332e-05,0,0,0.0772654928142298,11.209234301354,0.665105386416862,0.0913348946135831,0.243559718969555,0.65597280334728,0.0994549315816294,0.0819718003429875,13.8569162333913,5.09164397165925,13.9226200265974,4.72425835666306,1.5339129258572e-05,0.762561875954733,0.432805389055389,0.557208283468788,0.316253350076879,"edge",1
102160,210,38,70,91,0.000560654259144149,218,11,57,4,6,5.445,1.83150724358868e-06,0,81876,0,0,0,0,0,0,0,0,0,5.5,3.7344398340249e-06,0,0,0.716645131084784,356.434449302978,1,0,0,-0.0113912133891213,0,0,NA,NA,NA,NA,-8.36276503954437e-08,NA,NA,NA,NA,"edge",1
102126,78,1,1,10,1.08122134763429e-05,1,1,1,0,1,2.7225,1.49243497301553e-09,0,81852,0,0,0,0,0,0,0,0,0,0,4.149377593361e-07,0,0,NA,NA,1,0,0,-0.0113912133891213,0,0,NA,NA,NA,NA,-4.18430963389174e-08,NA,NA,NA,NA,"edge",1
102123,186,124,118,240,0.00199916599210145,1758,38,174,26.3058928759318,20,130,5.41412636804129e-05,50,81958,0.000805290514653847,24.738633753706,11,56.5,20.0249843945008,16,10,5,0.000263157894736842,226,3.40248962655602e-05,0,0,0.105834407879195,15.5659336100836,0.935975609756098,0.0365853658536585,0.0274390243902439,0.225010460251046,0.103508927839774,0.0837865455836853,12.5989259977462,7.55538414835026,14.7946623193575,5.93651289864329,3.28491129138021e-06,0.715893910011557,0.29166048185656,0.616336426496854,0.25110002560983,"edge",1
102136,234,163,132,240,0.00282527156705149,2084,62,126,27.6586333718787,30,308.5,6.43702569034803e-05,61,82256,0.00109414510795565,27.0185121722126,13,214.5,29.6141857899217,29,14,13,0.000947368421052632,504,4.23236514522822e-05,0,0,0.0986866172821172,15.694702727884,0.863414634146341,0.0292682926829268,0.107317073170732,0.886098326359833,0.113048168084572,0.123908727154484,23.3641668571515,7.23132187043168,24.3574475185035,6.4391023345165,4.45034257482758e-06,0.667244520185697,0.0961284478233631,0.480152363975893,0.0691744931151711,"edge",1
102025,102,49,166,169,0.000683877585912122,118,11,157,3.16227766016838,7,4,2.44927556525973e-06,0,82224,0,0,0,0,0,0,0,0,0,3.5,3.3195020746888e-06,0,0,0.0510764037179162,16.8436021354822,1,0,0,-0.0113912133891213,0,0,NA,NA,NA,NA,-4.24213279504628e-08,NA,NA,NA,NA,"edge",1
102075,222,120,143,240,0.00216111938658397,1655,43,102,21.6333076527839,20,96,2.94505218371906e-05,19,82085,0.000280197356398855,2,2,5.445,6.32455532033676,4,2,2,0.000157894736842105,150.5,3.19502074688797e-05,0,0,0.161510072464505,42.6751684711685,0.971428571428571,0.0114285714285714,0.0171428571428571,0.0113912133891213,0.00836820083682009,0.0264625745620785,5.39834563766817,1.3098582948312,5.39834563766817,1.3098582948312,1.13031585256003e-06,NA,NA,NA,NA,"edge",1
102154,150,81,237,240,0.00157578422749927,757,29,227,19.313207915828,17,63,2.61607498984537e-05,75,81691,0.00113843630265268,19.313207915828,7,63,12.1655250605964,18,11,12,0.000894736842105263,137.5,1.49377593360996e-05,0,0,0.0807425199508237,11.1526747858057,0.756,0.092,0.152,0.252207112970711,0.0808084013214559,0.0509017784962194,7.67370314586597,1.01673990369941,8.21336615357485,1.70137534660704,4.7209864731127e-06,0.539983367327117,0.179994455775706,0.43617086038961,0.145390286796537,"edge",1
102229,162,5,12,24,0.000110791048083315,22,3,8,1,2,5.445,1.8496246523883e-08,0,82160,0,0,0,0,0,0,0,0,0,0,8.29875518672199e-07,0,0,NA,NA,1,0,0,-0.0113912133891213,0,0,NA,NA,NA,NA,-4.24536097731266e-08,NA,NA,NA,NA,"edge",1
102130,198,22,22,72,0.000493309490041315,155,12,11,3.16227766016838,5,5.445,7.6455067005285e-07,0,82006,0,0,0,0,0,0,0,0,0,5.5,2.9045643153527e-06,0,0,0.661705437773885,612.549620858572,1,0,0,-0.0113912133891213,0,0,NA,NA,NA,NA,-8.39094028499241e-08,NA,NA,NA,NA,"edge",1
102087,30,36,142,228,0.000535167325188163,243,16,138,3.60555127546399,7,5.445,7.09723642274145e-06,0,81760,0,0,0,0,0,0,0,0,0.000105263157894737,15,5.80912863070539e-06,0,0,0.190040115652198,37.9280378093091,0.958637469586375,0.0170316301703163,0.024330900243309,-0.0113912133891213,9.303001666529e-19,0,NA,NA,NA,NA,-1.26113222433289e-07,NA,NA,NA,NA,"edge",1
102111,210,98,240,240,0.00160603010771109,613,30,234,11.4017542509914,14,32,1.55657869655592e-05,98,81863,0.00150251029158472,11.4017542509914,14,32,12.6491106406735,25,17,13,0.000315789473684211,64.5,1.53526970954357e-05,0,0,0.0693253956540495,14.8946342182459,0.913934426229508,0.0573770491803279,0.0286885245901639,0.1225,0.0477060847321815,0.052925149124157,8.27023297077859,2.28841659081863,7.78459256150012,2.30220026651719,6.11746607779748e-06,0.802028380975749,0.491565781888363,0.68068481226376,0.417193917193917,"edge",1
101984,150,97,190,216,0.00180787647806117,1335,39,198,20.6155281280883,17,135.5,3.71136715972181e-05,0,81812,0,0,0,0,0,0,0,0,0,169,2.82157676348548e-05,0,0,0.0680670414365525,12.6384875324399,1,0,0,-0.0113912133891213,0,0,NA,NA,NA,NA,-4.23294864578233e-08,NA,NA,NA,NA,"edge",1
102221,78,32,119,192,0.000573667443762282,461,14,115,7.28010988928052,8,14,7.49286864855071e-06,0,81910,0,0,0,0,0,0,0,0,0,30.5,9.54356846473029e-06,0,0,0.662025617718214,205.505969995661,1,0,0,-0.0113912133891213,-9.33192840294586e-19,0,NA,NA,NA,NA,-4.16394691533981e-08,NA,NA,NA,NA,"edge",1
101943,162,65,47,240,0.00099046221570066,415,19,23,5,10,8,4.96839194965361e-06,9,81909,0.000195338729565738,2,4,1,5.3851648071345,7,3,4,5.26315789473684e-05,19,9.12863070539419e-06,0,0,0.0947547290512444,42.4432432377163,0.981707317073171,0.00609756097560976,0.0121951219512195,-0.0072071129707113,0.00836820083682008,0.0225320703227385,4.61571300939952,0.77044871329206,4.18327439515438,0.500322898005479,7.33257424875294e-07,0.626515151515151,0.626515151515151,0.425,0.425,"edge",1
102306,114,174,120,240,0.00273519650867361,1988,51,102,21.6333076527839,26,202.5,4.67913387053492e-05,22,82240,0.000486381322957198,1.4142135623731,4,1,15.0332963783729,18,4,5,0.000315789473684211,312.5,3.77593360995851e-05,0,0,0.155359022724648,30.4974330161429,0.953667953667954,0.00772200772200772,0.0386100386100386,-0.00720711297071129,0.00591721155804643,0.0629008216668323,14.6137930451982,0.544349189532888,14.5089172119045,0.567240499376766,1.9924116985476e-06,0.778711484593838,0.778711484593838,0.423862150920974,0.423862150920974,"edge",1
102129,186,32,214,240,0.00063444809116531,344,13,201,5.8309518948453,8,5.5,8.5416124999471e-06,17,82125,0.000243531202435312,3.16227766016838,4,1.5,4.12310562561766,3,5,3,0.000263157894736842,20,7.46887966804979e-06,0,0,0.0797190026527022,16.3164047798835,0.962441314553991,0.0234741784037559,0.0140845070422535,-0.00511506276150627,0.0132312872810392,0.0172514879732957,3.48255364865147,0.554734284497063,3.1723749016655,1.08168704073937,9.34453918080903e-07,0.9,0.9,0.768333333333333,0.768333333333333,"edge",1
102238,90,11,8,156,0.000186451211932878,60,5,3,2.23606797749979,3,5.445,1.61679731034565e-06,0,82116,0,0,0,0,0,0,0,0,0,5.5,2.9045643153527e-06,0,0,0.157790135755848,69.1611539753564,1,0,0,-0.0113912133891213,0,0,NA,NA,NA,NA,-4.1435352087167e-08,NA,NA,NA,NA,"edge",1
102187,114,127,240,240,0.00242736210387646,703,46,234,14.7648230602334,25,91,2.98201696718218e-05,127,81982,0.00242736210387646,14.560219778561,25,91,17.8885438199983,72,31,26,0.000947368421052632,74,1.86721991701245e-05,0,0,0.0355961900472331,5.18206619469592,0.821212121212121,0.0454545454545455,0.133333333333333,0.357970711297071,0.0567373212492094,0.0706633632635913,9.33881585147993,2.5880454462457,8.78739066190255,1.92557113612509,1.00719214321389e-05,0.638282438849666,0.328527725878504,0.436920313579977,0.224885455519106,"edge",1
102208,90,345,227,240,0.00604525374157152,4811,108,222,32.2490309931942,62,494.5,0.000222997921404438,261,81859,0.00454439951624134,32.2490309931942,49,482,20.1246117974981,111,60,48,0.00378947368421053,536.5,9.12863070539419e-05,0,0,0.100775302971829,9.97947852656816,0.661409043112513,0.0977917981072555,0.240799158780231,2.00534518828452,0.134933184071942,0.0842033966422515,11.5979751498519,3.79914513431329,11.6936665330039,4.03898330237365,1.89292606630856e-05,0.720483601970033,0.295583016192834,0.540582738259548,0.221777533644943,"edge",1
102310,66,37,24,168,0.0006593165085528,335,16,21,4.12310562561766,8,6,2.84476587259951e-06,0,81800,0,0,0,0,0,0,0,0,0,19,9.12863070539419e-06,0,0,0.162942093951268,127.434335157053,1,0,0,-0.0113912133891213,0,0,NA,NA,NA,NA,-8.44121736704498e-08,NA,NA,NA,NA,"edge",1
102169,150,1,1,10,1.07936576467668e-05,1,1,1,0,1,2.7225,1.38506845922559e-13,0,81561,0,0,0,0,0,0,0,0,0,0,4.149377593361e-07,0,0,NA,NA,1,0,0,-0.0113912133891213,0,0,NA,NA,NA,NA,-4.20542190748097e-08,NA,NA,NA,NA,"edge",1
102160,198,25,156,240,0.000402203588143526,197,8,36,3.16227766016838,5,5.445,4.58580564475931e-06,17,82117,0.000267910420497583,2.23606797749979,3,0.5,1.4142135623731,5,2,3,5.26315789473684e-05,7,4.149377593361e-06,0,0,0.312517243170786,65.764857785287,0.942105263157895,0.0157894736842105,0.0421052631578947,-0.00929916317991632,0.00935593296025017,0.00591721155804642,0.804737854124365,0.727045720164123,0.707106781186548,1,1.07904974819621e-06,0.714285714285714,0.714285714285714,0.542424242424242,0.542424242424242,"edge",1
102213,66,219,167,240,0.00369317491556722,3324,82,162,26.4196896272458,38,235.5,0.000102524418445515,97,81823,0.00171101035161263,26.4196896272458,21,183.5,19.1049731745428,43,24,19,0.00121052631578947,469.5,6.18257261410788e-05,0,0,0.170825221428787,24.9614024185284,0.821052631578947,0.0842105263157895,0.0947368421052632,0.756391213389121,0.110542634423623,0.0799371262533172,13.8323098990949,5.05896813288938,12.4461572288773,5.12129435752481,7.03286886206934e-06,0.811623365950289,0.458743641624076,0.604972591511053,0.341941029984508,"edge",1
102108,186,58,215,240,0.000842655463826877,334,14,186,20.2237484161567,9,76.5,1.87275107475062e-05,25,82136,0.000474822246030973,20.2237484161567,9,76.5,11.1803398874989,14,7,8,0.000368421052631579,76,5.39419087136929e-06,0,0,0.0792715571287485,5.49233668698991,0.802721088435374,0.0952380952380952,0.102040816326531,0.308692468619247,0.0846181942098606,0.0467796648012508,5.45502463508239,4.22478486088183,4.51094859379971,4.48254762920736,1.94417050955917e-06,0.604589528828659,0.123385618128298,0.436587301587302,0.0890994493035309,"edge",1
102210,54,77,96,240,0.00133183451039808,1076,29,138,11.1803398874989,17,52,1.95971430084765e-05,19,82264,0.000316055625790139,2.82842712474619,4,2,10,7,3,4,0,97.5,2.78008298755187e-05,0,0,0.0682530458902512,22.0966430485779,1,0,0,-0.0144142259414226,0.00765032269768281,0.0376569037656904,8.55440805230642,1.19560465853617,8.07254406974189,0.866630465142109,1.1964205681768e-06,0.343015873015873,0.245011337868481,0.210643274853801,0.150459482038429,"edge",1
102192,198,88,167,216,0.00141694853277265,379,25,174,4.47213595499958,10,7,8.31271096035861e-06,0,81978,0,0,0,0,0,0,0,0,0,12,6.22406639004149e-06,0,0,0.159518715902668,29.1154057267624,1,0,0,-0.0113912133891213,0,0,NA,NA,NA,NA,-4.20119929955926e-08,NA,NA,NA,NA,"edge",1
102058,186,39,72,132,0.00069552922933081,329,26,69,4.47213595499958,7,5.5,3.80460426718507e-06,0,81959,0,0,0,0,0,0,0,0,0,27,7.88381742738589e-06,0,0,0.280222524007041,141.64393782274,1,0,0,-0.0113912133891213,0,0,NA,NA,NA,NA,-8.50271376863996e-08,NA,NA,NA,NA,"edge",1
102262,78,0,1,-Inf,0,1,1,1,0,0,0,1.70452103950581e-24,0,82162,0,0,0,0,0,0,0,0,0,0,4.149377593361e-07,0,0,NA,NA,1,0,0,0,0,0,NA,NA,NA,NA,0,NA,NA,NA,NA,"edge",1
102131,234,135,204,240,0.00234074977141116,1726,40,198,18.0277563773199,25,95,6.71933075883846e-05,108,82105,0.00170513367030023,18.0277563773199,17,95,14.422205101856,32,20,15,0.00142105263157895,149.5,3.48547717842324e-05,0,0,0.0538698734234549,6.73150043030448,0.814004376367615,0.0656455142231947,0.12035010940919,0.386098326359833,0.0754299430013387,0.0603439544010709,10.6647316312217,2.92712058063753,9.9537993223054,2.9508034679732,7.09180303554802e-06,0.687434123847167,0.439194023569024,0.52697230305926,0.336676749176749,"edge",1
102288,210,1,1,6,1.03343150932672e-05,1,1,1,0,1,2.7225,2.26351588689805e-09,0,81561,0,0,0,0,0,0,0,0,0,0,4.149377593361e-07,0,0,NA,NA,1,0,0,-0.0113912133891213,0,0,NA,NA,NA,NA,-4.18096469488887e-08,NA,NA,NA,NA,"edge",1
102165,90,91,132,204,0.00192082516544093,460,29,127,6.32455532033676,13,14,9.93512060486698e-06,0,81889,0,0,0,0,0,0,0,0,0,19,8.29875518672199e-06,0,0,0.113803812025617,23.180412669088,1,0,0,-0.0227824267782427,-0.00418410041841004,-0.00418410041841004,NA,NA,NA,NA,-8.40138631275549e-08,NA,NA,NA,NA,"edge",1
102072,150,2,21,24,2.28211506424154e-05,4,2,22,0,1,2.7225,1.75280713633244e-08,0,81980,0,0,0,0,0,0,0,0,0,0,4.149377593361e-07,0,0,NA,NA,1,0,0,-0.0113912133891213,0,0,NA,NA,NA,NA,-4.20952595517932e-08,NA,NA,NA,NA,"edge",1
102167,30,1,1,7,1.03821675889492e-05,1,1,1,0,1,2.7225,9.52440363051386e-11,0,82039,0,0,0,0,0,0,0,0,0,0,4.149377593361e-07,0,0,NA,NA,1,0,0,-0.0113912133891213,0,0,NA,NA,NA,NA,-4.20643659673872e-08,NA,NA,NA,NA,"edge",1
102158,186,24,24,192,0.000441198097945978,145,8,22,3,5,5.445,2.87578258882829e-06,0,81950,0,0,0,0,0,0,0,0,0,4.5,2.0746887966805e-06,0,0,NA,NA,1,0,0,-0.0113912133891213,0,0,NA,NA,NA,NA,-4.2375786611133e-08,NA,NA,NA,NA,"edge",1
102349,90,1,1,12,2.47050830708418e-05,2,1,1,0,1,2.7225,2.13261886263419e-12,0,81739,0,0,0,0,0,0,0,0,0,0,4.149377593361e-07,0,0,NA,NA,1,0,0,-0.0113912133891213,0,0,NA,NA,NA,NA,-4.19749041282696e-08,NA,NA,NA,NA,"edge",1
102201,42,196,132,240,0.00321098106501624,2886,56,90,39.1152144312159,30,211,7.74794627613476e-05,39,81905,0.000744765276845125,16.6433169770932,8,96,15.8113883008419,22,11,8,0.000789473684210526,372.5,5.47717842323651e-05,0,0,0.131568433746094,22.3428507460766,0.769230769230769,0.0695970695970696,0.161172161172161,0.390282426778243,0.0696373095275868,0.0661564364051962,10.6979775589754,2.18521686342147,11.4227281711078,2.87635346261154,3.03241280138504e-06,0.636617927527018,0.233426573426573,0.437009455191273,0.1602368002368,"edge",1
102122,90,79,168,240,0.00123892936875935,957,23,162,11.1803398874989,14,17,2.18885280453886e-05,19,81686,0.00036725999559288,7.81024967590665,5,11,8.60232526704263,11,5,5,0.000263157894736842,81,2.11618257261411e-05,0,0,0.206353621432963,48.6017414694126,0.969230769230769,0.00769230769230769,0.0230769230769231,0.0346338912133891,0.0326788689368479,0.0359929927491323,3.74508617853206,3.11735655551465,2.09442719099992,1.23155122792365,1.49462551661351e-06,0.534615384615385,0.475213675213675,0.367708333333333,0.326851851851852,"edge",1
102041,126,18,22,36,0.000273741360038324,55,6,6,1.4142135623731,3,5.445,2.02959459416326e-07,0,81788,0,0,0,0,0,0,0,0,0,0,8.29875518672199e-07,0,0,NA,NA,1,0,0,-0.0113912133891213,0,0,NA,NA,NA,NA,-1.27274307016853e-07,NA,NA,NA,NA,"edge",1
102247,78,54,108,156,0.000939861095853626,487,26,102,6.70820393249937,10,14.5,4.9008714653252e-06,0,81968,0,0,0,0,0,0,0,0,0,31,1.07883817427386e-05,0,0,0.291496245194104,156.485582672843,1,0,0,-0.0113912133891213,0,0,NA,NA,NA,NA,-8.4549486095541e-08,NA,NA,NA,NA,"edge",1
102390,162,137,132,240,0.00226818203990049,1602,39,222,25.0199920063936,22,145.5,6.33922888680427e-05,34,82205,0.000523082537558543,23.0867927612304,7,53.5,20.8806130178211,9,9,7,0.00189473684210526,225,3.23651452282158e-05,0,0,0.0754928764535519,9.41291079787062,0.830739299610895,0.0350194552529183,0.134241245136187,0.212458158995816,0.09659745925201,0.0873665816645234,12.9782368771666,6.68278351339065,11.74587402893,6.51258387343856,1.97748228561766e-06,0.711868686868687,0.200783475783476,0.577597402597403,0.162912087912088,"edge",1
102240,138,40,156,171,0.000669743427381547,111,16,150,4.47213595499958,9,5.445,1.33392431242701e-06,0,81844,0,0,0,0,0,0,0,0,0,10.5,4.5643153526971e-06,0,0,0.0952929414752789,79.4467839971929,1,0,0,-0.0113912133891213,0,0,NA,NA,NA,NA,-4.1926954440704e-08,NA,NA,NA,NA,"edge",1
102147,138,40,56,108,0.000573111203335902,269,16,54,7.07106781186548,8,16,2.57873180786755e-06,0,82062,0,0,0,0,0,0,0,0,0,18,7.46887966804979e-06,0,0,0.105101296445202,74.2605484111759,1,0,0,-0.0227824267782427,-0.00418410041841004,-0.00418410041841004,NA,NA,NA,NA,-2.07275287989321e-07,NA,NA,NA,NA,"edge",1
102261,222,96,130,240,0.00149647793229506,1118,31,126,17,17,52,2.3032506677229e-05,6,82122,8.52390346070481e-05,1.4142135623731,2,5.445,5.8309518948453,1,1,1,0,111,2.03319502074689e-05,0,0,0.243211136972215,52.341385577476,1,0,0,0.0113912133891213,0.00591721155804642,0.024397288262951,NA,NA,NA,NA,2.72720763198722e-07,NA,NA,NA,NA,"edge",1
102081,162,26,19,204,0.000372049441236858,156,8,192,3.60555127546399,6,5.445,1.96742444304018e-06,0,81729,0,0,0,0,0,0,0,0,0,7,3.7344398340249e-06,0,0,0.067953189762026,31.5423501933342,1,0,0,-0.0113912133891213,0,0,NA,NA,NA,NA,-8.42456115091975e-08,NA,NA,NA,NA,"edge",1
102067,102,19,155,181,0.000331046449241447,79,8,150,5,6,5.445,3.18783751053309e-06,0,82134,0,0,0,0,0,0,0,0,0,4,3.3195020746888e-06,0,0,0.0271949307959384,6.89821189417582,1,0,0,0,0,0,NA,NA,NA,NA,2.85878578061131e-23,NA,NA,NA,NA,"edge",1
102149,174,112,60,240,0.00204850568826133,1251,32,54,13.4536240470737,20,58,2.89481909512477e-05,6,82095,9.74480784457031e-05,12.2065556157337,3,5,7.28010988928052,2,3,2,0.000210526315789474,109,2.69709543568465e-05,0,0,0.0733664368445345,16.6793981108107,0.926153846153846,0.0246153846153846,0.0492307692307692,0.00952928870292888,0.0510734544591368,0.0304607108338097,6.55553089206291,1.02470944487584,6.7273765319971,0.783331025239041,3.23226604502086e-07,0.568253968253968,0.340952380952381,0.498412698412698,0.299047619047619,"edge",1
102080,222,53,34,240,0.000797272102835836,305,21,30,4.47213595499958,7,5.445,3.13576221649379e-06,16,82138,0.000340889722174876,4.24264068711928,2,5.445,5,12,2,3,0.000263157894736842,21.5,7.05394190871369e-06,0,0,0.184714381652199,79.6684036422554,1,0,0,0,0.0118344231160928,0.0150032905340038,3.66666666666667,2.3094010767585,3,2.82842712474619,1.34209326328667e-06,NA,NA,NA,NA,"edge",1
102005,54,60,58,108,0.000951196312285066,358,25,54,5.3851648071345,8,5.445,4.2917218663949e-06,0,81804,0,0,0,0,0,0,0,0,0,11,5.80912863070539e-06,0,0,0.390340364118882,129.063922101297,1,0,0,-0.0113912133891213,0,0,NA,NA,NA,NA,-4.25836632715561e-08,NA,NA,NA,NA,"edge",1
102241,78,14,119,192,0.000342072470496249,93,8,162,2.82842712474619,3,5.445,2.26628742957002e-06,0,82164,0,0,0,0,0,0,0,0,0,4,2.9045643153527e-06,0,0,0.130979719656514,40.9174563045049,1,0,0,-0.0113912133891213,0,0,NA,NA,NA,NA,-8.33876499638286e-08,NA,NA,NA,NA,"edge",1
102236,138,1,1,4,1.02435926328082e-05,1,1,1,0,1,2.7225,1.58120703025725e-09,0,81934,0,0,0,0,0,0,0,0,0,0,4.149377593361e-07,0,0,NA,NA,1,0,0,-0.0113912133891213,0,0,NA,NA,NA,NA,-4.18079758831527e-08,NA,NA,NA,NA,"edge",1
102131,138,12,11,24,0.000210177538202858,26,5,8,1,2,5.445,1.77908491935901e-07,0,82124,0,0,0,0,0,0,0,0,0,0,4.149377593361e-07,0,0,NA,NA,1,0,0,-0.0113912133891213,0,0,NA,NA,NA,NA,-8.35550047609642e-08,NA,NA,NA,NA,"edge",1
102096,126,101,59,240,0.0018207813473782,1558,29,66,18.6815416922694,18,56.5,3.22954724778386e-05,55,81978,0.000963673180609432,7.28010988928052,9,11,12.0415945787923,24,12,8,0.000368421052631579,122,2.86307053941909e-05,0,0,0.145787892160377,31.0739452216547,0.968641114982578,0.0139372822299652,0.0174216027874564,0.0346338912133891,0.0304607108338097,0.0503832409154489,9.9184497272933,1.4635983083407,9.88282024426866,1.44468833485989,3.98886241788954e-06,0.700430968813322,0.525323226609991,0.505403773786127,0.379052830339595,"edge",1
102294,222,101,108,240,0.0019057392069193,1369,39,102,16.1245154965971,19,79.5,3.20997413300221e-05,8,81942,0.000146445046496302,1,2,5.445,6.08276253029822,4,3,2,0.000263157894736842,136.5,2.82157676348548e-05,0,0,0.100230298027205,21.4427108203737,0.955263157894737,0.0236842105263158,0.0210526315789474,0.0113912133891213,0.00418410041841004,0.0254508892481097,5.5908910219455,0.695611358057324,5.75484819139641,0.567964295508297,5.70377865018653e-07,NA,NA,NA,NA,"edge",1
102050,138,139,59,192,0.00243559145707117,847,40,66,14.3178210632764,24,76,8.60885563727401e-06,0,81982,0,0,0,0,0,0,0,0,0,95.5,1.6597510373444e-05,0,0,0.252890247110554,118.942079571706,1,0,0,-0.0113912133891213,9.56844812898956e-19,0,NA,NA,NA,NA,-1.26951213706499e-07,NA,NA,NA,NA,"edge",1
102221,174,62,57,240,0.0010479497958935,797,31,90,15.0332963783729,14,23,1.06682255007591e-05,50,81668,0.000783660674927756,7.61577310586391,7,12.5,13.4164078649987,14,6,6,0.000105263157894737,116.5,1.61825726141079e-05,0,0,0.164488126623447,51.9114105018454,0.978056426332288,0.00940438871473354,0.0125391849529781,0.0409100418410042,0.0318651594387611,0.056135597761501,11.5302116157077,2.76858521927713,10.4901516797227,3.33887125892776,3.19470071547668e-06,0.627594627594628,0.434488588334742,0.50316742081448,0.348346675948486,"edge",1
102306,90,77,48,216,0.00138965075882245,557,22,42,7.61577310586391,19,21,7.60357146024956e-06,0,81777,0,0,0,0,0,0,0,0,0,44.5,1.49377593360996e-05,0,0,0.117088087450926,56.0794043358558,1,0,0,-0.0113912133891213,0,0,NA,NA,NA,NA,-8.29076509087135e-08,NA,NA,NA,NA,"edge",1
102344,90,2,3,12,3.68306037763646e-05,7,2,1,0,1,2.7225,1.76225259849204e-08,0,82031,0,0,0,0,0,0,0,0,0,0,4.149377593361e-07,0,0,NA,NA,1,0,0,-0.0113912133891213,0,0,NA,NA,NA,NA,-8.46281510974706e-08,NA,NA,NA,NA,"edge",1
102042,222,144,191,240,0.00252116192680105,1740,51,222,29.5465734053883,33,246,6.8293575016002e-05,85,82198,0.00147205528115039,29.5465734053883,22,242,29.6816441593117,36,24,19,0.00157894736842105,275.5,3.85892116182573e-05,0,0,0.0732113530787835,9.98848335409881,0.771477663230241,0.0687285223367698,0.15979381443299,1.00116108786611,0.123625830148068,0.124190979746074,15.2432870811363,9.7729836803051,15.1034625834712,9.45297292034173,6.11758143186692e-06,0.717462732219325,0.16915787995415,0.518438294858173,0.122233419112903,"edge",1
102296,78,19,22,180,0.000332293576014835,89,10,19,3.60555127546399,4,5.445,8.39796058728085e-07,0,82013,0,0,0,0,0,0,0,0,0,3,2.4896265560166e-06,0,0,0.791055171918664,571.371796995695,1,0,0,-0.0113912133891213,0,0,NA,NA,NA,NA,-4.22576647586203e-08,NA,NA,NA,NA,"edge",1
102102,198,99,238,240,0.00169702593153294,1113,25,234,29,17,184.5,4.71750357615022e-05,99,81908,0.00169702593153294,29,17,184.5,21.8403296678416,40,17,16,0.000842105263157895,276,2.0746887966805e-05,0,0,0.312583339009549,32.2602708774479,0.850393700787402,0.0590551181102362,0.0905511811023622,0.760575313807531,0.121338912133891,0.0913821325014291,16.1641319595995,5.87953177207441,15.8758472323626,5.31670168625264,7.05766361643987e-06,0.750518925518926,0.141607344437533,0.543706987456987,0.102586224048488,"edge",1
102166,54,172,179,240,0.00308360132872778,2731,70,186,21.095023109729,28,140,0.000103894430125993,62,81882,0.00107471727608021,16.4924225024706,12,121,17,26,12,12,0.000842105263157895,230.5,5.06224066390042e-05,0,0,0.129024027178986,15.3306351215586,0.835164835164835,0.0421245421245421,0.122710622710623,0.494884937238494,0.0690059518931826,0.0711297071129707,11.9835125154215,4.17508991207304,12.2198335559602,4.32863629980137,4.41317333675323e-06,0.73281045751634,0.392577030812325,0.557628112628113,0.298729346050775,"edge",1
102089,126,27,25,240,0.000555982102671362,170,11,24,4.47213595499958,7,5.445,2.5037713060201e-06,16,81949,0.000317270497504546,0,1,2.7225,3.60555127546399,10,2,2,0.000210526315789474,7,4.149377593361e-06,0,0,0.0766623883464024,31.0038463976426,0.965625,0.015625,0.01875,-0.0113912133891213,-0.00418410041841004,0.0109018881818577,3.60555127546399,0,3.60555127546399,0,1.19999366546891e-06,NA,NA,NA,NA,"edge",1
102211,198,1,1,8,1.04501943736153e-05,1,1,1,0,1,2.7225,1.88106584499345e-09,0,82165,0,0,0,0,0,0,0,0,0,0,8.29875518672199e-07,0,0,NA,NA,1,0,0,-0.0113912133891213,0,0,NA,NA,NA,NA,-4.23080854474402e-08,NA,NA,NA,NA,"edge",1
102217,138,75,36,227,0.00117508813160987,277,22,42,5.3851648071345,12,8.5,1.30689020669532e-06,0,81948,0,0,0,0,0,0,0,0,0.000157894736842105,14,6.63900414937759e-06,0,0,0.207463789096718,256.676686103145,0.969387755102041,0.0204081632653061,0.0102040816326531,-0.0113912133891213,0,0,NA,NA,NA,NA,-8.30203362879854e-08,NA,NA,NA,NA,"edge",1
102223,126,10,11,24,0.000172996413207699,25,4,8,1.4142135623731,3,5.445,1.70255101776481e-07,0,81680,0,0,0,0,0,0,0,0,0,0,8.29875518672199e-07,0,0,NA,NA,1,0,0,-0.0113912133891213,0,0,NA,NA,NA,NA,-8.42049209271585e-08,NA,NA,NA,NA,"edge",1
102187,90,48,238,240,0.000662910175671197,311,15,234,7.81024967590665,5,9,1.12241885988423e-05,42,82219,0.000632457217918,6.70820393249937,4,3,10,10,6,6,0.000315789473684211,37.5,7.88381742738589e-06,0,0,0.0685210728098892,11.4976307577019,0.93127147766323,0.0240549828178694,0.0446735395189003,0.00116108786610879,0.0280677988807505,0.0418410041841004,7.4221667742749,2.62559106675425,8.25550010760823,2.49320307394656,2.60431695915361e-06,0.653409090909091,0.653409090909091,0.50864898989899,0.50864898989899,"edge",1
102189,102,49,33,202,0.000817741325229151,350,13,32,6.32455532033676,10,19,6.42708563417398e-06,0,81695,0,0,0,0,0,0,0,0,0,26,9.95850622406639e-06,0,0,0.0435944685763705,16.5249290392094,1,0,0,-0.0113912133891213,0,0,NA,NA,NA,NA,-1.26231169412707e-07,NA,NA,NA,NA,"edge",1
102068,54,87,214,240,0.00144946954286898,892,32,210,20.0249843945008,15,56,3.88420229065182e-05,58,81793,0.00090472289804751,15.1327459504216,11,50.5,19.2353840616713,16,12,8,0.000631578947368421,138.5,2.15767634854772e-05,0,0,0.174900114293913,23.5824140811495,0.879032258064516,0.0362903225806452,0.0846774193548387,0.199905857740586,0.0633169286628517,0.0804827785007169,15.1709525101712,4.73192198150031,15.2874574030487,3.80817009025773,3.74317457746116e-06,0.932692307692308,0.466346153846154,0.785031635031635,0.392515817515817,"edge",1
102282,138,98,144,240,0.00164868468905322,1131,28,138,13.4164078649987,14,40.5,2.57561164589472e-05,6,82015,0.000109736023898067,1.4142135623731,2,5.445,9.05538513813742,3,2,1,0,98.5,2.28215767634855e-05,0,0,0.181746378545878,39.2956052180507,1,0,0,0.0113912133891213,0.00591721155804642,0.0378886407453448,NA,NA,8.65079819468637,0.572172342587549,3.33499140024811e-07,NA,NA,NA,NA,"edge",1
102078,114,227,239,240,0.00346966799078025,2172,70,234,20.0249843945008,34,124,0.000110255195740908,224,81870,0.00342005618663735,17.0293863659264,28,96,14.8660687473185,56,38,28,0.00184210526315789,222.5,3.69294605809129e-05,0,0,0.0654639525789649,5.13923338302154,0.630252100840336,0.142857142857143,0.226890756302521,0.390282426778243,0.0712526626189389,0.0622011244657678,10.7384645758761,2.42051876498424,10.246739958443,1.98755702630266,1.42675067550073e-05,0.794842071508738,0.596131553631554,0.66631837298504,0.49973877973878,"edge",1
102082,114,97,215,240,0.00178001024115481,1197,42,210,25,16,178,5.90002812673374e-05,93,82022,0.00178001024115481,25,15,178,14.2126704035519,53,17,17,0.000684210526315789,241.5,2.24066390041494e-05,0,0,0.0672255459733758,6.02565329859032,0.859078590785908,0.035230352303523,0.105691056910569,0.733378661087866,0.104602510460251,0.0594672401822255,6.41407677026503,2.27229958064913,6.5763072968049,2.45951087294101,7.40556061188368e-06,0.74905681672129,0.166457070382509,0.514404033144358,0.114312007365413,"edge",1
102276,30,144,239,240,0.00276937341401523,1931,45,234,21.2602916254693,21,84.5,6.95420747150877e-05,142,81968,0.00276937341401523,21.2602916254693,20,71.5,19.2353840616713,85,30,27,0.000842105263157895,238,3.69294605809129e-05,0,0,0.107164090061599,13.4139885651142,0.89405684754522,0.062015503875969,0.0439276485788114,0.287771966527197,0.0889551950856456,0.0804827785007169,13.6152574671783,4.68577483439973,13.2380874761237,4.84800420804306,1.15449516591315e-05,0.798791022220564,0.526862163592287,0.53594962385285,0.353498688073156,"edge",1
102190,66,0,1,-Inf,0,1,1,1,0,0,0,1.51707993416441e-11,0,81515,0,0,0,0,0,0,0,0,0,0,4.149377593361e-07,0,0,NA,NA,1,0,0,0,0,0,NA,NA,NA,NA,0,NA,NA,NA,NA,"edge",1
102227,162,64,70,240,0.00118383636208306,668,19,56,8.24621125123532,13,13,1.89573005817384e-05,16,81932,0.000268515354196163,1.4142135623731,2,5.445,2.23606797749979,6,3,2,0.000263157894736842,43.5,1.49377593360996e-05,0,0,0.0958315496476952,18.4414433711441,0.952861952861953,0.0101010101010101,0.037037037037037,1.86239971297268e-18,0.00173311113963638,0.00517183254184012,1.61803398874989,0.874032048897642,1.4120226591666,0.71364417954618,9.55315517617396e-07,NA,NA,NA,NA,"edge",1
102205,234,38,45,48,0.000565239772692863,138,17,30,2.23606797749979,5,5.445,9.72270023544851e-07,0,82350,0,0,0,0,0,0,0,0,0,1.5,2.0746887966805e-06,0,0,NA,NA,1,0,0,-0.0113912133891213,0,0,NA,NA,NA,NA,-4.22077898781415e-08,NA,NA,NA,NA,"edge",1
102154,234,14,22,228,0.000269113149847095,65,5,19,2.23606797749979,4,5.445,1.74767252985483e-07,0,82375,0,0,0,0,0,0,0,0,5.26315789473684e-05,2.5,2.4896265560166e-06,0,0,0.043721560978435,151.870233758772,0.997402597402597,0.0025974025974026,0,-0.0113912133891213,0,0,NA,NA,NA,NA,-8.48667481726916e-08,NA,NA,NA,NA,"edge",1
102191,162,15,12,12,0.000220261621859742,24,4,7,2,4,5.445,1.97264783340792e-08,0,81876,0,0,0,0,0,0,0,0,0,0,8.29875518672199e-07,0,0,NA,NA,1,0,0,-0.0113912133891213,0,0,NA,NA,NA,NA,-1.28589881219384e-07,NA,NA,NA,NA,"edge",1
102174,138,83,240,240,0.00144236933202274,779,33,234,14.422205101856,15,40,2.71673454721733e-05,83,82084,0.00143755177622923,14.422205101856,14,32.5,8.94427190999916,35,16,14,0.000684210526315789,65.5,1.90871369294606e-05,0,0,0.134206975376415,22.2968949492534,0.828282828282828,0.0538720538720539,0.117845117845118,0.124592050209205,0.0603439544010709,0.0374237318410007,6.45725040923512,1.6232645202246,6.91923334885161,1.5913800682895,5.97305134145793e-06,0.707131185807656,0.636418067226891,0.501085234663666,0.450976711197299,"edge",1
102158,54,3,5,12,6.09687941388666e-05,9,2,1,0,1,2.7225,2.02752103425363e-08,0,82004,0,0,0,0,0,0,0,0,0,0,4.149377593361e-07,0,0,NA,NA,1,0,0,-0.0113912133891213,0,0,NA,NA,NA,NA,-8.35917293005562e-08,NA,NA,NA,NA,"edge",1
102303,186,44,47,84,0.000746624888312261,273,17,42,3,7,5.445,2.07491699170487e-06,0,82092,0,0,0,0,0,0,0,0,0,9.5,4.9792531120332e-06,0,0,0.200254203806988,117.140216496362,1,0,0,-0.0113912133891213,0,0,NA,NA,NA,NA,-4.21202615179645e-08,NA,NA,NA,NA,"edge",1
102061,162,9,10,24,0.000152651557554726,17,3,6,1,2,5.445,3.52260444891496e-08,0,82007,0,0,0,0,0,0,0,0,0,0.5,1.2448132780083e-06,0,0,NA,NA,1,0,0,-0.0113912133891213,0,0,NA,NA,NA,NA,-8.40493038259201e-08,NA,NA,NA,NA,"edge",1
102220,150,45,37,240,0.000936280198333157,388,20,32,12.0830459735946,8,24,9.41218228777475e-06,25,81956,0.000549075113475523,10.1980390271856,8,24,10.0498756211209,20,5,7,0.000210526315789474,46.5,1.12033195020747e-05,0,0,0.10174923597778,29.3025592652215,0.951704545454545,0.00852272727272727,0.0397727272727273,0.0890271966527197,0.0426696193606091,0.0420496887913008,5.44360867989404,3.97009386499605,6.41107702762748,3.29736473297752,2.21362550695155e-06,0.472867353569108,0.212790309106099,0.302910052910053,0.136309523809524,"edge",1
102104,42,32,203,240,0.000538140723799274,207,13,169,2.23606797749979,5,5.445,4.41610098386505e-06,1,81781,1.22277790684878e-05,0,1,2.7225,2,0,1,0,0,4.5,3.3195020746888e-06,0,0,0.313168572639793,57.4016453376071,1,0,0,0,0,0.00836820083682008,NA,NA,NA,NA,8.55691146021183e-09,NA,NA,NA,NA,"edge",1
102034,138,66,228,240,0.00118180267550379,954,23,234,15.8113883008419,13,77,3.22514384773452e-05,63,81918,0.001049830318123,14.3178210632764,8,63.5,14.8660687473185,23,11,8,0.000789473684210526,110.5,1.90871369294606e-05,0,0,0.236209178798242,33.9499909352455,0.833802816901408,0.0732394366197183,0.0929577464788732,0.254299163179916,0.0599072011015747,0.0622011244657678,11.6011634277055,4.55606435721116,12.5582990174049,2.24009784795036,4.30817819041572e-06,0.815732959850607,0.349599839935974,0.653243570155335,0.279961530066572,"edge",1
102208,138,21,23,29,0.000366887206643104,62,7,18,1.4142135623731,4,5.445,2.85774142325565e-07,0,81918,0,0,0,0,0,0,0,0,0,1,1.6597510373444e-06,0,0,NA,NA,1,0,0,-0.0113912133891213,0,0,NA,NA,NA,NA,-8.50107260158282e-08,NA,NA,NA,NA,"edge",1
102321,222,109,240,240,0.00209320259997797,1268,32,222,18.0277563773199,25,173.5,4.76802846793705e-05,109,81693,0.00209320259997797,18.0277563773199,25,173.5,15.2643375224737,62,27,23,0.00115789473684211,178.5,2.57261410788382e-05,0,0,0.151149867335614,19.7556218399942,0.844054580896686,0.0623781676413255,0.0935672514619883,0.714550209205021,0.0754299430013387,0.0638675210145345,9.37133431575664,5.10390288394981,8.96215267210287,5.55862159868594,8.71598761572816e-06,0.625722337205591,0.248781170214271,0.456499308772036,0.181499725174424,"edge",1
102255,174,87,84,156,0.00157501465129908,1084,28,114,11.1803398874989,14,56,1.17376667858736e-05,0,82075,0,0,0,0,0,0,0,0,0,71,2.15767634854772e-05,0,0,0.1228706793845,55.0443804307562,1,0,0,-0.0113912133891213,0,0,NA,NA,NA,NA,-4.21809829063255e-08,NA,NA,NA,NA,"edge",1
102110,66,24,33,72,0.000390201075491714,136,10,31,3,5,5.445,1.36965129552862e-06,0,81746,0,0,0,0,0,0,0,0,0,5,3.3195020746888e-06,0,0,0.137523275920413,81.2781384519477,1,0,0,-0.0113912133891213,0,0,NA,NA,NA,NA,-1.26762752269497e-07,NA,NA,NA,NA,"edge",1
102205,150,33,22,60,0.000603976383290808,128,14,9,4.12310562561766,9,7,9.40980079756745e-07,0,82103,0,0,0,0,0,0,0,0,0,5.5,3.3195020746888e-06,0,0,0.0453761759841865,38.9793014932869,1,0,0,-0.0113912133891213,0,0,NA,NA,NA,NA,-1.2592597567446e-07,NA,NA,NA,NA,"edge",1
102111,150,31,216,240,0.000546926274338219,181,14,211,2.23606797749979,5,5.445,3.6499651238199e-06,17,82114,0.000401880312735952,2.23606797749979,5,2,5,16,5,5,0.000315789473684211,12,5.39419087136929e-06,0,0,0.092432514357089,32.5776794542074,0.971014492753623,0.0041407867494824,0.0248447204968944,-0.00302301255230125,0.00935593296025017,0.0209205020920502,3.88953218919088,0.767739660666272,3.75933825506727,0.578117509668008,1.63970963237602e-06,0.495714801071944,0.495714801071944,0.292599464028035,0.292599464028035,"edge",1
102133,234,1,1,6,1.05606657443685e-05,1,1,1,0,1,2.7225,2.93897248976027e-08,0,82378,0,0,0,0,0,0,0,0,0,0,4.149377593361e-07,0,0,NA,NA,1,0,0,-0.0113912133891213,0,0,NA,NA,NA,NA,-4.27280382583436e-08,NA,NA,NA,NA,"edge",1
102371,54,97,240,240,0.00168463200556661,828,32,180,22.1359436211787,14,66.5,3.15095456325654e-05,97,81917,0.00168463200556661,22.1359436211787,13,66.5,20.591260281974,41,15,14,0.000526315789473684,103,1.99170124481328e-05,0,0,0.0560902267544561,8.42226842689263,0.88,0.0338461538461538,0.0861538461538462,0.266851464435146,0.0926190109672747,0.0861559007613975,9.18056854021949,4.5576668955192,8.30274935754752,3.34840363442219,6.96408409912915e-06,0.620806644336056,0.245435184970069,0.447224116865348,0.176809534574672,"edge",1
102341,186,30,34,60,0.000600851001213964,111,14,23,2.82842712474619,4,5.445,5.11519140618174e-07,0,81999,0,0,0,0,0,0,0,0,0,3.5,2.4896265560166e-06,0,0,0.346379579690612,410.751624893075,1,0,0,-0.0113912133891213,0,0,NA,NA,NA,NA,-4.20284510758989e-08,NA,NA,NA,NA,"edge",1
102030,54,75,129,194,0.00118301339122375,883,24,126,16.5529453572468,13,72.5,1.06632065976269e-05,0,82080,0,0,0,0,0,0,0,0,0,102,1.57676348547718e-05,0,0,0.117688706707176,42.4014982968418,1,0,0,-0.0113912133891213,0,0,NA,NA,NA,NA,-1.67896247842061e-07,NA,NA,NA,NA,"edge",1
101984,174,85,180,240,0.00173103179247123,1065,32,176,15.8113883008419,16,50.5,3.90618208666011e-05,64,81997,0.00117077454053197,15.8113883008419,12,48,17.0293863659264,32,16,12,0.000526315789473684,168,2.28215767634855e-05,0,0,0.0513794310744173,7.00344865071785,0.903614457831325,0.0120481927710843,0.0843373493975904,0.189445606694561,0.0661564364051962,0.0712526626189389,15.1048242694944,1.51151355367298,14.7726371606018,1.73795015539057,4.85679640388272e-06,0.638878115348704,0.271523199023199,0.468448789772319,0.199090735653236,"edge",1
102437,150,32,96,131,0.000619646437032987,243,11,30,5.8309518948453,8,5.5,2.19721166006059e-06,0,82116,0,0,0,0,0,0,0,0,0,10.5,6.22406639004149e-06,0,0,0.115466688396696,79.7468170125488,1,0,0,-0.0113912133891213,-9.43702508243418e-19,0,NA,NA,NA,NA,-1.26337891955414e-07,NA,NA,NA,NA,"edge",1
102165,114,1,1,12,1.23160293121498e-05,1,1,1,0,1,2.7225,7.99994288127082e-11,0,81664,0,0,0,0,0,0,0,0,0,0,4.149377593361e-07,0,0,NA,NA,1,0,0,-0.0113912133891213,0,0,NA,NA,NA,NA,-4.22316469180928e-08,NA,NA,NA,NA,"edge",1
102162,114,52,237,240,0.00089048281246188,665,19,105,14.142135623731,11,33,2.18630361968299e-05,47,81978,0.00089048281246188,14.142135623731,11,33,12.2065556157337,26,12,12,0.000421052631578947,59,1.45228215767635e-05,0,0,0.214078229398858,32.8981548175059,0.918072289156627,0.0265060240963855,0.0554216867469879,0.12668410041841,0.0591721155804642,0.0510734544591368,9.02418888090806,2.27172702626207,9.22426200039456,0.951357239895739,3.68316676261859e-06,0.73010582010582,0.476155969634231,0.50473544973545,0.329175293305728,"edge",1
102178,210,63,240,240,0.00108185669384594,563,24,234,15.6204993518133,11,37.5,1.90263526537571e-05,63,82102,0.00107183747046357,15.6204993518133,11,37.5,12.8062484748657,25,12,13,0.000263157894736842,56,1.16182572614108e-05,0,0,0.143985489787752,20.8217958305362,0.902272727272727,0.0363636363636364,0.0613636363636364,0.145512552301255,0.0653577378736959,0.0535826296019485,9.3117351143286,4.22088714102791,10.5745695241129,3.12092283200192,4.35763445428744e-06,0.747371332371332,0.48741608632913,0.524758297258297,0.342233672124976,"edge",1
102156,210,70,47,240,0.00106336168964506,742,19,42,12.5299640861417,13,25,7.86691219950716e-06,10,82033,0.000219423890385577,3.16227766016838,4,1,7.07106781186548,8,2,4,0,65,1.53526970954357e-05,0,0,0.260849176297296,124.119934714448,1,0,0,-0.0072071129707113,0.0132312872810392,0.0295860577902321,5.55001450408936,1.12388552465557,6.03553390593274,1.46446609406726,8.76127212111738e-07,0.444711538461538,0.254120879120879,0.260416666666667,0.148809523809524,"edge",1
102290,78,27,46,132,0.000491920736597833,131,9,46,3,4,5.445,8.0309036326535e-07,0,81559,0,0,0,0,0,0,0,0,0,3.5,2.9045643153527e-06,0,0,0.245386886330801,216.795601390782,1,0,0,-0.0113912133891213,0,0,NA,NA,NA,NA,-8.33851572085383e-08,NA,NA,NA,NA,"edge",1
102057,114,5,55,60,6.82202696065055e-05,6,1,1,0,1,2.7225,1.1056780449888e-07,0,81784,0,0,0,0,0,0,0,0,0,0,4.149377593361e-07,0,0,NA,NA,1,0,0,-0.0113912133891213,0,0,NA,NA,NA,NA,-4.17220962099022e-08,NA,NA,NA,NA,"edge",1
102227,90,17,47,240,0.000317856182302746,109,5,46,2.23606797749979,4,5.445,5.05948684033276e-07,2,82249,2.43164050626755e-05,2,2,5.445,1.4142135623731,0,2,0,0,6,4.149377593361e-06,0,0,0.0543065383028951,108.5873587545,1,0,0,0,0.00418410041841004,0.00173311113963638,NA,NA,1.4142135623731,0,1.83421646207676e-08,NA,NA,NA,NA,"edge",1
102015,174,6,36,42,0.000122288257881478,24,3,19,0,1,2.7225,2.67314002351268e-07,0,82104,0,0,0,0,0,0,0,0,0,0,4.149377593361e-07,0,0,NA,NA,1,0,0,-0.0113912133891213,0,0,NA,NA,NA,NA,-4.25425305122473e-08,NA,NA,NA,NA,"edge",1
102042,174,22,24,240,0.000491068688232767,202,9,22,3.60555127546399,5,5.445,1.73372394322921e-06,14,81978,0.000292761472590207,2.82842712474619,3,2,3.60555127546399,10,3,3,0.000210526315789474,8.5,4.5643153526971e-06,0,0,0.0868094340207204,51.9195231495769,0.937984496124031,0.0193798449612403,0.0426356589147287,-0.00302301255230125,0.0118344231160928,0.0150859886002677,2.28053975098793,1.30334479944713,2.28053975098793,1.30334479944713,1.14180428997899e-06,0.698830409356725,0.698830409356725,0.409774436090226,0.409774436090226,"edge",1
102053,162,24,72,240,0.000379683270665181,158,7,69,6.32455532033676,6,9.5,1.37522524599858e-06,2,81668,0.000122446980457462,6.32455532033676,2,5.445,5,8,2,4,0,20,7.46887966804979e-06,0,0,0.0665337986434029,88.1040488323395,1,0,0,0.0113912133891213,0.0264625745620785,0.0209205020920502,3.61803398874989,1.59575689721232,3.61803398874989,1.95439507584855,4.70333649807164e-07,NA,NA,NA,NA,"edge",1
102207,78,103,95,240,0.001589494662966,1720,41,138,23.5372045918796,20,133,3.89290474931649e-05,9,81841,0.000342126806857199,19.9248588451713,4,54,15.52417469626,19,4,6,0,167,3.52697095435685e-05,0,0,0.0915190368471459,20.2213478226,1,0,0,0.214550209205021,0.0833676102308422,0.0649547058420921,9.39304485486418,5.73801795269163,9.30713578936527,5.58297691180565,1.26417072953064e-06,0.497293447293447,0.142083842083842,0.177350427350427,0.0506715506715507,"edge",1
102201,186,293,120,240,0.0051665102903725,2969,95,114,31.1448230047949,45,295.5,9.07069041651502e-05,52,82097,0.00105972203612799,25.4950975679639,15,230.5,18.4390889145858,35,14,13,0.000684210526315789,420,5.68464730290456e-05,0,0,0.156480172967644,23.6657991568627,0.907284768211921,0.0242825607064018,0.0684326710816777,0.953043933054393,0.106674048401523,0.0771509996426183,7.4049323988829,1.9826474342754,8.15337427564002,3.53351895749442,4.34932958037452e-06,0.64640507518797,0.108868223189553,0.438131075795549,0.0737904969760925,"edge",1
101979,162,40,33,240,0.000748663101604278,190,9,28,3.60555127546399,7,5.5,4.24470462735636e-06,5,81942,6.10187693734593e-05,1,2,5.445,3.60555127546399,0,2,0,0.000315789473684211,9,4.5643153526971e-06,0,0,0.137738723560225,36.0097731047326,0.943089430894309,0.0264227642276423,0.0304878048780488,0.0113912133891213,0.00418410041841004,0.0150859886002677,NA,NA,3.21698920010509,0.549509756796392,2.13125123982246e-07,NA,NA,NA,NA,"edge",1
102301,90,62,192,240,0.00113310996040207,413,26,198,4.12310562561766,10,6,1.90444697489068e-05,21,81785,0.000354588249679036,3.16227766016838,6,3.5,7.81024967590665,8,6,3,0.000631578947368421,22.5,9.12863070539419e-06,0,0,0.0955953639801883,11.0460970116147,0.909814323607427,0.00795755968169761,0.0822281167108753,-0.00813807531380753,0.0090471868626292,0.0284947685184379,7.34120786308205,0.812404250686422,6.67761300583657,1.13638965726493,1.40004278454237e-06,0.761706349206349,0.761706349206349,0.656547619047619,0.656547619047619,"edge",1
102109,210,1,1,9,1.03109791305782e-05,1,1,1,0,1,2.7225,2.31133223235612e-08,0,82115,0,0,0,0,0,0,0,0,0,0,4.149377593361e-07,0,0,NA,NA,1,0,0,-0.0113912133891213,0,0,NA,NA,NA,NA,-4.1752072270165e-08,NA,NA,NA,NA,"edge",1
102162,42,19,34,38,0.000281738325468138,65,8,30,3,4,5.445,2.34733574077837e-07,0,81910,0,0,0,0,0,0,0,0,0,0,1.6597510373444e-06,0,0,NA,NA,1,0,0,-0.0113912133891213,0,0,NA,NA,NA,NA,-1.67879406514401e-07,NA,NA,NA,NA,"edge",1
102036,90,121,108,240,0.00210962746174014,1989,41,90,26.4007575648882,20,170,5.39308727004984e-05,14,81935,0.000280710319155428,8.06225774829855,4,20.5,9.8488578017961,9,4,3,0.00110526315789474,357.5,3.81742738589212e-05,0,0,0.128122124412679,22.1435649356234,0.834285714285714,0.02,0.145714285714286,0.0743828451882845,0.0337332960179856,0.0412086100493561,8.29196408069783,1.96595969608371,7.80011189060756,1.88264158175069,1.08981491606909e-06,0.601934523809524,0.481547619047619,0.405505952380952,0.324404761904762,"edge",1
102069,222,43,94,192,0.000672832256801722,464,20,90,10.6301458127346,7,20,6.19539431484849e-06,0,81989,1.21967581016966e-05,0,1,2.7225,10.295630140987,1,0,1,0,62,9.12863070539419e-06,0,0,0.164450682878947,59.1535114576233,1,0,0,0,-1.84110705358131e-18,0.0430779503806987,NA,NA,NA,NA,8.62747011802566e-09,NA,NA,NA,NA,"edge",1
102338,54,62,179,231,0.0010499766037822,583,24,174,6.08276253029822,10,7.5,2.43869676132528e-05,0,82159,0,0,0,0,0,0,0,0,0.000210526315789474,31,9.95850622406639e-06,0,0,0.399111248442535,39.7019363700246,0.984455958549223,0,0.0155440414507772,-0.0113912133891213,0,1.89118219532342e-18,NA,NA,NA,NA,-4.1923593663618e-08,NA,NA,NA,NA,"edge",1
102284,66,36,70,240,0.000621458599890331,423,15,66,7.28010988928052,7,9.5,7.25856101098434e-06,12,82153,0.000292137840371015,7.28010988928052,6,9.5,7.07106781186548,12,5,6,5.26315789473684e-05,37,9.54356846473029e-06,0,0,0.149280395706153,46.2979029644102,0.958974358974359,0.0153846153846154,0.0256410256410256,0.0283577405857741,0.0304607108338097,0.0295860577902321,3.41421356237309,2.83050788739568,2.57989898732233,2.53577434307876,1.18008279617265e-06,0.506854256854257,0.295664983164983,0.321717171717172,0.18766835016835,"edge",1
102261,126,28,24,219,0.000612167440038199,289,16,70,5.8309518948453,8,11,1.66728598692804e-06,0,81713,0,0,0,0,0,0,0,0,0,17,7.46887966804979e-06,0,0,0.113251427740474,123.643014872735,1,0,0,-0.0113912133891213,0,0,NA,NA,NA,NA,-4.23805080515972e-08,NA,NA,NA,NA,"edge",1
102187,150,34,240,240,0.000609095006639136,226,11,222,4.47213595499958,7,6,9.57193372331578e-06,34,82089,0.000609095006639136,4.47213595499958,7,6,4.24264068711928,16,8,8,0.000105263157894737,13.5,6.22406639004149e-06,0,0,0.224721129435586,35.6653437845451,1,0,0,0.0137133891213389,0.0187118659205003,0.0177516346741393,3.15516712643959,0.953142414323689,3.09975792452764,0.935949210666054,2.37828743323567e-06,0.762323633156966,0.68609126984127,0.524603174603175,0.472142857142857,"edge",1
102015,222,178,107,240,0.00320544191054125,3497,71,162,28.4429253066558,38,247,0.000100921693485645,101,82076,0.00169355231736439,26.2488094968134,15,207.5,20.0249843945008,38,17,16,0.00115789473684211,443.5,6.97095435684647e-05,0,0,0.116234254055981,19.1471171229215,0.90080971659919,0.0242914979757085,0.0748987854251012,0.856809623430962,0.109827654798382,0.0837865455836853,13.6414056718922,5.4929823151477,12.4243668382108,5.06703098090155,6.96076798257687e-06,0.824604273842501,0.19342569386429,0.612836716991842,0.143751822504259,"edge",1
102057,210,49,36,240,0.000895013670414281,336,18,24,5.3851648071345,10,7.5,1.6511718681272e-06,5,81605,0.000134795662030513,4.47213595499958,2,5.445,4.47213595499958,6,2,2,5.26315789473684e-05,13,7.46887966804979e-06,0,0,0.0283950571207039,31.2888948623116,0.997333333333333,0.00266666666666667,0,0,0.0145277655020903,0.0145277655020903,2.23606797749979,3.16227766016838,2.23606797749979,3.16227766016838,2.73436056845475e-07,NA,NA,NA,NA,"edge",1
102399,234,68,84,238,0.00132687344792326,830,21,42,8.24621125123532,14,19.5,1.42595084138966e-05,0,82429,1.21316526950466e-05,0,1,2.7225,8.24621125123532,1,0,1,0,58.5,1.82572614107884e-05,0,0,0.0935603667144198,29.2540790462731,1,0,0,0,0,0.0345029759465913,NA,NA,NA,NA,-3.25147415051468e-08,NA,NA,NA,NA,"edge",1
102172,150,11,24,48,0.000195958358848745,34,4,18,1,2,5.445,1.39294940749016e-07,0,81900,0,0,0,0,0,0,0,0,0,1,1.6597510373444e-06,0,0,NA,NA,1,0,0,-0.0113912133891213,0,0,NA,NA,NA,NA,-8.49632542421728e-08,NA,NA,NA,NA,"edge",1
102221,174,65,108,228,0.00108467800906742,707,22,42,10,9,23,1.13354254591399e-05,0,82066,0,0,0,0,0,0,0,0,0.000315789473684211,54,1.45228215767635e-05,0,0,0.199473640853174,62.396853462601,0.897550111358575,0.0400890868596882,0.0623608017817372,-0.0113912133891213,0,0,NA,NA,NA,NA,-2.10366242579541e-07,NA,NA,NA,NA,"edge",1
102092,198,62,215,240,0.000915650294839395,753,21,198,12.0830459735946,11,42,1.94513543014713e-05,15,82020,0.000353572299439161,10.1980390271856,3,2,9.05538513813742,14,5,4,0.000473684210526316,66,1.78423236514523e-05,0,0,0.150092309414935,33.3583678940314,0.911931818181818,0.0340909090909091,0.0539772727272727,-0.00302301255230125,0.0426696193606091,0.0378886407453448,5.23479935025526,4.41163246619165,4.47068219267882,4.18524203781341,1.39475813395732e-06,0.826190476190476,0.826190476190476,0.611904761904762,0.611904761904762,"edge",1
102328,138,51,225,240,0.000785653287788215,247,17,222,6.32455532033676,9,11,1.07400439186353e-05,42,82091,0.000706532993872654,5,8,5,6.40312423743285,16,10,5,0.000578947368421053,25,5.80912863070539e-06,0,0,0.119179645879391,14.2733940692484,0.911528150134048,0.0214477211796247,0.0670241286863271,0.00952928870292887,0.0209205020920502,0.0267913148009743,3.63419063461304,1.6555431251144,3.76271744943813,1.50626742339165,2.91351314247245e-06,0.746900826446281,0.631993006993007,0.616287878787879,0.521474358974359,"edge",1
102129,150,29,200,240,0.000487032752952636,191,9,191,4.12310562561766,4,5.445,8.84901244499111e-06,14,82010,0.000182904523838556,4.12310562561766,3,1.5,3,1,3,1,5.26315789473684e-05,5.5,3.3195020746888e-06,0,0,0.459240839978489,41.6453845948986,0.982832618025751,0.00858369098712446,0.00858369098712446,-0.00511506276150627,0.0172514879732957,0.0125523012552301,NA,NA,1.47140452079103,1.50081747867406,7.23266242809033e-07,1,1,0.888888888888889,0.888888888888889,"edge",1
102215,42,1,1,139,1.35512372279589e-05,3,1,1,0,1,2.7225,6.5670369868945e-12,0,81793,0,0,0,0,0,0,0,0,0,0,8.29875518672199e-07,0,0,NA,NA,1,0,0,-0.0113912133891213,0,0,NA,NA,NA,NA,-4.26153246326761e-08,NA,NA,NA,NA,"edge",1
102044,42,138,228,240,0.00251467913426678,1630,43,224,21.2132034355964,22,111.5,7.66886448815318e-05,91,81775,0.00147966982574136,20.8806130178211,20,110.5,19.723082923316,30,24,15,0.00189473684210526,197.5,3.40248962655602e-05,0,0,0.146785802898338,15.7062134286113,0.655172413793103,0.0896551724137931,0.255172413793103,0.450951882845188,0.0873665816645234,0.0825233595117825,11.6025888546133,4.88217587660928,11.2322809233614,5.21728217690182,6.10756882451741e-06,0.791978021978022,0.366656491656492,0.641774225774226,0.297117697117697,"edge",1
102081,66,249,239,240,0.00418975701845198,3001,78,235,29.8328677803526,47,230.5,0.000102416027374594,247,82105,0.00418975701845198,29.8328677803526,46,230.5,16.4012194668567,97,50,45,0.00163157894736842,368.5,5.850622406639e-05,0,0,0.146567964198946,19.3273623048068,0.699386503067485,0.0756646216768916,0.224948875255624,0.953043933054393,0.124823714562145,0.0686243492337101,10.296843083546,1.9764293623823,10.4442729704889,1.84533668127533,1.74454146397161e-05,0.715524015947044,0.326774747440382,0.540258753440669,0.246732344091014,"edge",1
102015,66,58,46,72,0.000933246087338961,338,21,42,5.09901951359278,8,6.5,1.2605584235257e-06,0,82207,0,0,0,0,0,0,0,0,0,11,6.22406639004149e-06,0,0,0.830056385755551,999.664500557727,1,0,0,-0.0113912133891213,0,0,NA,NA,NA,NA,-1.68632130356684e-07,NA,NA,NA,NA,"edge",1
102209,198,99,168,228,0.00159902349710101,1057,39,174,12.8062484748657,13,30,3.86646284067545e-05,0,82248,0,0,0,0,0,0,0,0,0.000421052631578947,84,1.99170124481328e-05,0,0,0.138161377916812,17.386764171286,0.960912052117264,0.00977198697068404,0.0293159609120521,-0.0113912133891213,0,-0.00935593296025017,NA,NA,NA,NA,-4.2066057592219e-08,NA,NA,NA,NA,"edge",1
102194,66,51,216,240,0.000939070198546271,388,16,214,13.8924439894498,10,41.5,2.14820195561168e-05,10,81963,0.000219611288020204,5,3,2,5.09901951359278,8,3,4,0.000210526315789474,57,1.07883817427386e-05,0,0,0.124274488818424,14.9884461663576,0.976470588235294,0.00705882352941176,0.0164705882352941,-0.00302301255230125,0.0209205020920502,0.0213348096803045,4.12687710624912,0.790683543875701,3.80282963713457,0.554734284497063,7.92378642334464e-07,0.641666666666667,0.641666666666667,0.408333333333333,0.408333333333333,"edge",1
102196,234,127,227,240,0.00211588739587767,1424,39,234,22.3606797749979,21,174,5.67819553059455e-05,115,82235,0.00211588739587767,13.3416640641263,21,38.5,19.6468827043885,59,24,24,0.001,289,2.98755186721992e-05,0,0,0.122217606297552,14.728707794147,0.835585585585586,0.0405405405405405,0.123873873873874,0.138305439330544,0.0516387617745872,0.0780204297254749,17.7743709389817,1.33060472299368,17.7073493048004,1.24751464828593,8.76917593555036e-06,0.700311068483337,0.653623663917782,0.474370488288555,0.442745789069318,"edge",1
102223,66,23,34,72,0.000354423572834044,81,6,18,3.16227766016838,5,5.445,4.67179508597639e-07,0,82031,0,0,0,0,0,0,0,0,0,2.5,2.4896265560166e-06,0,0,0.114057316883549,148.271317005354,1,0,0,-0.0113912133891213,0,0,NA,NA,NA,NA,-1.6809860765184e-07,NA,NA,NA,NA,"edge",1
102236,150,32,131,168,0.000535944846403079,141,9,126,2.23606797749979,4,5.445,4.85267567394688e-06,0,81899,0,0,0,0,0,0,0,0,0,3.5,2.9045643153527e-06,0,0,0.0347518462262602,5.0652198759084,1,0,0,-0.0113912133891213,0,0,NA,NA,NA,NA,-4.1752072270165e-08,NA,NA,NA,NA,"edge",1
102198,114,19,22,36,0.000283432365951675,69,7,19,2.23606797749979,3,5.445,9.52160630772033e-08,0,82116,1.21778946855668e-05,0,1,2.7225,2,1,0,1,0,2,2.0746887966805e-06,0,0,NA,NA,1,0,0,0,0,0.00836820083682008,NA,NA,NA,NA,8.44860303963901e-09,NA,NA,NA,NA,"edge",1
102210,114,63,192,240,0.00113518462007934,975,20,35,12.1655250605964,11,46.5,2.93741855313766e-05,34,81652,0.000551119384705825,12.0415945787923,5,40.5,8.48528137423857,11,5,5,0.000368421052631579,90.5,1.95020746887967e-05,0,0,0.0945658777534836,15.0297118652265,0.968215158924205,0.00733496332518337,0.0244498777506112,0.158064853556485,0.0503832409154489,0.0355032693482785,6.43714615433429,2.11043520030207,6.71998886680891,2.3026478318352,2.26443320951751e-06,0.741402116402116,0.404401154401154,0.585185185185185,0.319191919191919,"edge",1
102156,90,35,215,240,0.000613768044780517,147,13,210,2.82842712474619,5,5.445,5.28560635169386e-06,9,81844,0.000146620399784957,2.23606797749979,3,0.5,2.82842712474619,3,2,3,5.26315789473684e-05,4,2.9045643153527e-06,0,0,0.188800892787893,24.5278097874554,0.988505747126437,0.00862068965517241,0.0028735632183908,-0.00929916317991632,0.00935593296025017,0.0118344231160928,1.74754689570643,0.95870734375003,1.4142135623731,0,5.71467122784504e-07,0.46875,0.46875,0.385416666666667,0.385416666666667,"edge",1
102026,162,1,1,12,1.22691859395129e-05,1,1,1,0,1,2.7225,3.97448796539981e-08,0,81794,0,0,0,0,0,0,0,0,0,0,4.149377593361e-07,0,0,NA,NA,1,0,0,-0.0113912133891213,0,0,NA,NA,NA,NA,-4.27883379871356e-08,NA,NA,NA,NA,"edge",1
102236,66,102,108,240,0.00210234660768754,1426,41,117,17.2626765016321,21,108,3.37979615682514e-05,13,81749,0.000232418745183427,1.4142135623731,3,0.5,8.06225774829855,6,3,3,0.000105263157894737,146,2.65560165975104e-05,0,0,0.299106343232953,57.361893290274,0.980099502487562,0.00248756218905473,0.0174129353233831,-0.00929916317991631,0.00591721155804643,0.0337332960179856,7.47114514981485,0.522479880566816,7.47114514981485,0.522479880566816,8.87282171525114e-07,0.779761904761905,0.584821428571429,0.533068783068783,0.399801587301587,"edge",1
102291,114,1,1,7,1.14253070551271e-05,2,1,1,0,1,2.7225,7.06741214613254e-09,0,81761,0,0,0,0,0,0,0,0,0,0,8.29875518672199e-07,0,0,NA,NA,1,0,0,-0.0113912133891213,0,0,NA,NA,NA,NA,-4.2212899831617e-08,NA,NA,NA,NA,"edge",1
102313,66,129,240,240,0.002410995116817,1150,36,234,13.4164078649987,18,37.5,2.86463436873589e-05,129,81709,0.002410995116817,12.2065556157337,18,37.5,16.0312195418814,68,24,21,0.000157894736842105,190.5,2.28215767634855e-05,0,0,0.0672752155089942,12.829896466894,0.940425531914894,0.0212765957446809,0.0382978723404255,0.145512552301255,0.0510734544591368,0.0670762323928092,11.9634019405304,1.61890849333121,12.2726474824898,1.7089403084812,1.00454634518587e-05,0.65190648964562,0.52573104003679,0.455896765070678,0.367658681508611,"edge",1
102029,42,34,34,204,0.000488925829951596,154,14,11,4.47213595499958,6,7.5,4.07613626197539e-06,0,82119,0,0,0,0,0,0,0,0,0,4.5,2.4896265560166e-06,0,0,0.330894387146883,49.2939571398429,1,0,0,-0.0227824267782427,-0.00418410041841004,-0.00935593296025017,NA,NA,NA,NA,-8.32259302703196e-08,NA,NA,NA,NA,"edge",1
102173,66,87,36,156,0.00147399196004385,473,34,30,6.70820393249937,10,10.5,3.65929225754662e-06,0,81976,0,0,0,0,0,0,0,0,0,28.5,9.54356846473029e-06,0,0,0.101529566193534,64.5110881520908,1,0,0,-0.0113912133891213,0,0,NA,NA,NA,NA,-4.20415423410675e-08,NA,NA,NA,NA,"edge",1
102174,198,9,35,36,0.000159613279824881,32,4,31,1,2,5.445,2.86784906025345e-08,0,81712,0,0,0,0,0,0,0,0,0,0,4.149377593361e-07,0,0,NA,NA,1,0,0,-0.0113912133891213,0,0,NA,NA,NA,NA,-4.21342586241243e-08,NA,NA,NA,NA,"edge",1
102127,222,104,36,240,0.0018057589067838,1964,34,210,25.4950975679639,19,147.5,5.4787247152372e-05,44,82125,0.000876712328767123,17.7200451466693,11,147.5,17.2046505340853,28,12,8,0.000842105263157895,261,4.35684647302905e-05,0,0,0.123993679646039,23.9914811682419,0.929961089494163,0.0233463035019455,0.0466926070038911,0.60576359832636,0.0741424483124241,0.0719859854982647,14.5635364344677,3.87717224230408,12.8416379364477,4.71080017628975,3.5417005422885e-06,0.656295501883737,0.131259100376747,0.510550887021475,0.102110177404295,"edge",1
102177,102,129,240,240,0.00218829081040111,2179,43,150,32.2800247831379,24,267.5,7.80893368801468e-05,129,81799,0.00218829081040111,32.2800247831379,24,267.5,28.8617393793236,50,26,20,0.000894736842105263,290,3.94190871369295e-05,0,0,0.131291726245819,16.076236354034,0.973969631236443,0.0108459869848156,0.0151843817787419,1.10785564853556,0.135062865201414,0.12076041581307,13.3610644784245,11.2989033470362,15.1938641099501,11.3645216856982,9.1133927611312e-06,0.751162384587682,0.189317348961123,0.587814355046953,0.148148333385817,"edge",1
102191,198,9,24,24,0.000123036037255312,22,4,20,1,2,5.445,1.61947120055311e-07,0,81825,0,0,0,0,0,0,0,0,0,0,8.29875518672199e-07,0,0,NA,NA,1,0,0,-0.0113912133891213,0,0,NA,NA,NA,NA,-4.25585411885392e-08,NA,NA,NA,NA,"edge",1
102178,186,9,12,24,0.000151359532947727,21,4,3,0,1,2.7225,3.10949867358478e-07,0,82091,0,0,0,0,0,0,0,0,0,0,8.29875518672199e-07,0,0,NA,NA,1,0,0,-0.0113912133891213,0,0,NA,NA,NA,NA,-4.21160218064969e-08,NA,NA,NA,NA,"edge",1
102270,126,64,48,240,0.00113977572155157,556,20,42,8.06225774829855,11,21,7.29217308038599e-06,1,81842,2.44373304660199e-05,0,1,2.7225,3.60555127546399,1,1,1,0.000263157894736842,40.5,1.41078838174274e-05,0,0,0.090555943588103,42.7525732402688,0.987179487179487,0.00512820512820513,0.00769230769230769,0,0,0.0150859886002677,NA,NA,NA,NA,5.99174734207334e-08,NA,NA,NA,NA,"edge",1
102236,186,62,108,204,0.00101329491765453,437,14,18,8.24621125123532,9,15,4.84882024585897e-06,0,81860,0,0,0,0,0,0,0,0,0,45.5,1.07883817427386e-05,0,0,0.152671491160184,82.8501287063721,1,0,0,-0.0113912133891213,0,0,NA,NA,NA,NA,-4.18682185261422e-08,NA,NA,NA,NA,"edge",1
102213,174,106,216,240,0.00179956491531794,1244,43,198,16.4924225024706,16,65.5,4.49430550857129e-05,41,81637,0.000771708906500729,10.770329614269,11,20,9,22,8,11,0.000684210526315789,133.5,2.57261410788382e-05,0,0,0.0796287214875187,11.068616239864,0.907284768211921,0.0242825607064018,0.0684326710816777,0.0722907949790795,0.045064140645477,0.0376569037656904,6.24059015044046,1.86025214195498,6.42119446088296,2.04052141670448,3.14475683065773e-06,0.603018060371002,0.349115719162159,0.400430941607412,0.231828439877975,"edge",1
101999,126,131,119,240,0.00229597161344187,2324,38,210,32.7566787083184,22,136,6.86380043016121e-05,119,82108,0.00188775758756759,32.7566787083184,18,126,20.0997512422418,36,24,19,0.000789473684210526,317.5,4.5643153526971e-05,0,0,0.0771385169926138,12.0173509533058,0.89058524173028,0.0381679389312977,0.0712468193384224,0.515805439330544,0.137057233089198,0.0840993775826016,13.0438165778177,4.8552270378354,14.5833246669209,4.57231460660251,7.81482752317581e-06,0.74609499977147,0.277120999915118,0.55787904905552,0.207212218220622,"edge",1
102093,162,100,60,228,0.00191283794485666,846,29,56,15.2643375224737,20,54.5,9.50705942342978e-06,0,82092,1.21814549529796e-05,0,1,2.7225,2,1,0,1,5.26315789473684e-05,69,1.74273858921162e-05,0,0,0.242850834767532,108.619377669926,0.989429175475687,0.00634249471458774,0.00422832980972516,3.78233402136977e-18,1.89505427815088e-18,0.00836820083682008,NA,NA,NA,NA,-2.01445678812913e-07,NA,NA,NA,NA,"edge",1
102109,54,138,132,240,0.00258445184020285,1989,42,106,35.3553390593274,27,309.5,4.57344314911719e-05,30,81991,0.000585430108182605,35.3553390593274,8,105.5,22.2036033111745,18,6,6,0.000157894736842105,405.5,4.02489626556017e-05,0,0,0.130414325897121,27.7954910904126,0.970833333333333,0.00833333333333333,0.0208333333333333,0.430031380753138,0.147930288951161,0.0929021059044959,15.2873998686632,5.34363979949201,17.5207388243238,5.16027647125605,2.36542118952443e-06,0.555082417582418,0.103271147457194,0.381038232600733,0.0708908339722293,"edge",1
102118,174,17,47,72,0.0003663093115827,104,10,33,3.60555127546399,5,5.445,3.77786331538158e-07,0,82090,0,0,0,0,0,0,0,0,0,7.5,4.149377593361e-06,0,0,0.10841473559283,290.48427087604,1,0,0,-0.0113912133891213,0,0,NA,NA,NA,NA,-4.18879186529917e-08,NA,NA,NA,NA,"edge",1
102166,150,76,82,240,0.00120893882036879,1081,22,138,20.3960780543711,13,83.5,2.50770928714212e-05,17,82218,0.000425697535819407,3.16227766016838,4,1,16.6433169770932,18,4,5,0.000421052631578947,135,2.19917012448133e-05,0,0,0.181188072857074,38.7492075966353,0.931106471816284,0.022964509394572,0.0459290187891441,-0.00720711297071129,0.0132312872810392,0.0696373095275868,15.5398985527528,1.28040665910902,15.4720261157305,1.46806352003992,1.65413936711242e-06,0.568611111111111,0.568611111111111,0.296439393939394,0.296439393939394,"edge",1
102186,210,1,1,9,1.04627682392207e-05,1,1,1,0,1,2.7225,1.14714425537961e-09,0,82005,0,0,0,0,0,0,0,0,0,0,8.29875518672199e-07,0,0,NA,NA,1,0,0,-0.0113912133891213,0,0,NA,NA,NA,NA,-4.23637731447061e-08,NA,NA,NA,NA,"edge",1
102226,30,170,48,240,0.00289568213474085,1808,48,42,25.0798724079689,22,77.5,3.93272095337765e-05,41,81893,0.000659397018060152,14.560219778561,6,18,22.3606797749979,13,8,5,0.000526315789473684,210,4.06639004149378e-05,0,0,0.052903589466282,13.0533271037429,0.903755868544601,0.0117370892018779,0.0845070422535211,0.0639225941422594,0.0609214216676194,0.0935593296025017,20.5369513233986,1.24178819669191,19.0367547633701,4.56407938822977,2.67490109933402e-06,0.78422619047619,0.627380952380952,0.582564484126984,0.466051587301587,"edge",1
102317,78,107,204,240,0.00176652615677006,792,44,198,23.5372045918796,20,85,3.22119926492552e-05,46,81517,0.000785112307862164,8.06225774829855,8,16.5,8.06225774829855,18,9,10,0.000473684210526316,109.5,1.6597510373444e-05,0,0,0.0854024926838792,10.395175242446,0.910485933503836,0.0281329923273657,0.061381074168798,0.0576464435146444,0.0337332960179856,0.0337332960179856,5.75545945349683,2.3978431232056,5.4991485318522,2.3935927186358,3.24298053901756e-06,0.743331847890671,0.743331847890671,0.538517316017316,0.538517316017316,"edge",1
102137,174,32,23,48,0.000546448087431694,108,9,19,3,5,5.445,7.9802926827426e-07,0,82104,0,0,0,0,0,0,0,0,0,3.5,2.9045643153527e-06,0,0,0.252300681598474,223.921568499109,1,0,0,-0.0113912133891213,0,0,NA,NA,NA,NA,-4.26383411638646e-08,NA,NA,NA,NA,"edge",1
102153,198,192,156,240,0.00309321205007825,3135,70,174,36.0555127546399,35,329,9.6558471784569e-05,62,82016,0.00121927428794382,36.0555127546399,17,277.5,24.0208242989286,38,15,19,0.00126315789473684,553,7.01244813278008e-05,0,0,0.12871360709926,22.7369597904994,0.901386748844376,0.0215716486902928,0.0770416024653313,1.14969665271967,0.150859886002677,0.100505540999701,10.212891788852,3.80963679279859,10.5208212565768,4.20615876090749,5.01738824263964e-06,0.574642626854038,0.0942773059682406,0.363491356138415,0.0596353006164587,"edge",1
102227,102,7,8,12,0.000100160256410256,16,3,1,0,1,2.7225,3.34291825100661e-08,0,81823,0,0,0,0,0,0,0,0,0,0,8.29875518672199e-07,0,0,NA,NA,1,0,0,-0.0113912133891213,0,0,NA,NA,NA,NA,-1.25407637525778e-07,NA,NA,NA,NA,"edge",1
102271,162,1,1,4,1.02324819908317e-05,1,1,1,0,1,2.7225,1.59853291421056e-08,0,82097,0,0,0,0,0,0,0,0,0,0,4.149377593361e-07,0,0,NA,NA,1,0,0,-0.0113912133891213,0,0,NA,NA,NA,NA,-4.17166884525119e-08,NA,NA,NA,NA,"edge",1
102200,210,97,156,240,0.00179642913881387,1760,33,222,19.723082923316,19,147,5.36995745923781e-05,45,82146,0.000852141309375989,18.1107702762748,14,133,19.6468827043885,25,14,11,0.000631578947368421,302,3.19502074688797e-05,0,0,0.12418793580109,17.9087908294402,0.854014598540146,0.0389294403892944,0.10705596107056,0.545094142259414,0.0757772814906897,0.0822045301438849,15.455265544257,4.08022593150847,15.2001642220743,4.43213880221782,3.43966142494705e-06,0.626968742042271,0.126981011046536,0.439282531194296,0.0889686139127688,"edge",1
102194,138,160,240,240,0.00288265399601803,2198,54,234,24.738633753706,31,212,7.55340925493433e-05,160,81665,0.00273066797281577,24.738633753706,28,212,16.7630546142402,63,35,27,0.00215789473684211,255,4.43983402489627e-05,0,0,0.171390839472625,24.0885946048503,0.784615384615385,0.0615384615384615,0.153846153846154,0.875638075313808,0.103508927839774,0.0701383038252728,12.3114391078974,2.4303261216618,11.6168160626802,2.76923996689762,1.12975950972583e-05,0.739610940183023,0.369805470091511,0.547840205849359,0.27392010292468,"edge",1
102060,90,178,228,240,0.00316079632465544,2323,50,212,18.9736659610103,24,123,8.82541965852835e-05,86,81710,0.00151756210990087,15.8113883008419,16,105,12.6491106406735,38,19,16,0.00221052631578947,191,4.39834024896266e-05,0,0,0.149826529062614,17.7428653421475,0.656746031746032,0.113095238095238,0.23015873015873,0.427939330543933,0.0661564364051962,0.052925149124157,9.36195774891664,2.9058556252275,9.91099199429736,2.74542565097432,6.22423464406209e-06,0.706575715950716,0.403757551971838,0.527712912087912,0.301550235478807,"edge",1
102021,222,180,204,240,0.00318073939957427,1942,55,199,19.6977156035922,34,193.5,8.49136243312271e-05,93,82030,0.00153602340607095,19.6977156035922,27,193.5,13.1529464379659,33,27,19,0.00126315789473684,184,4.02489626556017e-05,0,0,0.107256910417639,12.3375999804984,0.826855123674912,0.0636042402826855,0.109540636042403,0.798232217573222,0.0824172200987122,0.055033248694418,9.30913153834304,2.54363399309283,8.55557485156628,2.88002238172167,6.38453083887953e-06,0.742207792207792,0.410865027829314,0.578977563654983,0.320505437023294,"edge",1
102198,210,32,237,240,0.000586331154950223,76,8,234,5,8,9.5,4.88882288609666e-06,29,81865,0.000586331154950223,5,8,9.5,3.16227766016838,19,7,10,0,6.5,3.7344398340249e-06,0,0,0.0862168475826392,14.5592770954178,1,0,0,0.0283577405857741,0.0209205020920502,0.0132312872810392,2.27966912753363,1.05572969445047,1.94777337359542,1.1137962258113,2.41185891373729e-06,0.483949049316696,0.372268499474382,0.286894257703081,0.220687890540832,"edge",1
102169,54,33,36,60,0.000623456639201976,157,13,35,3,5,2.7225,7.82677295851825e-07,0,81865,0,0,0,0,0,0,0,0,0,24,4.149377593361e-06,0,0,0.0968510649732871,124.95381707911,1,0,0,-0.0113912133891213,0,0,NA,NA,NA,NA,-8.34741577154893e-08,NA,NA,NA,NA,"edge",1
102205,54,0,1,-Inf,0,1,1,1,0,0,0,4.10009782315041e-19,0,81810,0,0,0,0,0,0,0,0,0,0,4.149377593361e-07,0,0,NA,NA,1,0,0,0,0,0,NA,NA,NA,NA,0,NA,NA,NA,NA,"edge",1
102061,102,1,1,2,1.02840453320718e-05,1,1,1,0,1,2.7225,4.01469555614886e-08,0,82109,0,0,0,0,0,0,0,0,0,0,4.149377593361e-07,0,0,NA,NA,1,0,0,-0.0113912133891213,0,0,NA,NA,NA,NA,-4.26827071694826e-08,NA,NA,NA,NA,"edge",1
102049,150,1,1,10,1.07482963950214e-05,1,1,1,0,1,2.7225,1.8343727361098e-12,0,81845,0,0,0,0,0,0,0,0,0,0,4.149377593361e-07,0,0,NA,NA,1,0,0,-0.0113912133891213,0,0,NA,NA,NA,NA,-4.24863721774763e-08,NA,NA,NA,NA,"edge",1
102207,114,67,58,240,0.00123539844657819,612,23,54,10.770329614269,15,25,1.34203667632959e-05,6,81811,0.000134456246714989,0,1,2.7225,3.60555127546399,5,2,2,0.000368421052631579,72,1.6597510373444e-05,0,0,0.0643408707368907,19.3746153850102,0.947743467933492,0.0142517814726841,0.0380047505938242,0,2.84838005106841e-18,0.0109018881818577,3.60555127546399,0,3.60555127546399,0,5.20677096021282e-07,NA,NA,NA,NA,"edge",1
102115,90,18,23,216,0.000343245500623563,87,8,18,2,4,5.445,1.14276873606819e-06,0,81870,0,0,0,0,0,0,0,0,0,1.5,2.0746887966805e-06,0,0,NA,NA,0.961988304093567,0,0.0380116959064327,-0.0113912133891213,0,0,NA,NA,NA,NA,-1.26237516897944e-07,NA,NA,NA,NA,"edge",1
102102,126,55,58,240,0.00102710832324566,707,24,45,9.48683298050514,9,27,1.51982971173678e-05,12,82137,0.000170446936216322,8.54400374531753,3,1.5,8.06225774829855,2,3,2,0,47.5,1.53526970954357e-05,0,0,0.12002473822098,29.5733091516593,1,0,0,-0.00511506276150627,0.03574896964568,0.0337332960179856,7.63668014961326,0.601857611902905,5.56252462053321,3.61766219663235,5.86215883432921e-07,0.714285714285714,0.714285714285714,0.605952380952381,0.605952380952381,"edge",1
102110,234,40,36,180,0.000673087513614725,321,16,18,4.12310562561766,7,5.5,5.5754522735769e-06,0,82243,0,0,0,0,0,0,0,0,0,7,4.9792531120332e-06,0,0,0.272924681354224,59.4610483839838,1,0,0,-0.0113912133891213,0,0,NA,NA,NA,NA,-8.38177931931737e-08,NA,NA,NA,NA,"edge",1
102117,210,38,35,60,0.000600372475985101,115,13,25,3.16227766016838,5,5.445,6.87988430129689e-07,0,82149,0,0,0,0,0,0,0,0,0,2,1.6597510373444e-06,0,0,NA,NA,1,0,0,-0.0113912133891213,0,0,NA,NA,NA,NA,-8.3582545139485e-08,NA,NA,NA,NA,"edge",1
102056,138,115,167,240,0.00186918365723679,1527,39,162,43.8292140016223,17,264,3.98575370299429e-05,47,81776,0.00100273918998239,43.8292140016223,10,119.5,30.4138126514911,35,11,12,0.000578947368421053,410,3.07053941908714e-05,0,0,0.128901516460252,23.7476467194861,0.899810964083176,0.0283553875236295,0.0718336483931947,0.488608786610879,0.183385832642771,0.127254446240549,18.0991875139381,6.73547552498013,18.7013498954423,7.23086877885795,4.15325295110589e-06,0.603081687220343,0.126017068971415,0.350557040998217,0.0732507249847022,"edge",1
102084,66,139,179,240,0.00237654170526008,2100,45,162,30.364452901378,26,371.5,6.58173707237914e-05,75,81844,0.00114852646498216,22.2036033111745,12,69,13.4164078649987,19,15,11,0.00152631578947368,511.5,4.06639004149378e-05,0,0,0.112289752262443,16.7141151995301,0.6996336996337,0.135531135531136,0.164835164835165,0.277311715481172,0.0929021059044959,0.0502183862034546,10.4748072167025,2.51122582620716,11.0508655330979,2.15763701006492,4.76308654330868e-06,0.78410783904205,0.3442424659209,0.67089183964184,0.294537880818369,"edge",1
102161,114,56,72,240,0.000917139503032675,765,17,214,14.422205101856,13,34.5,1.89959977417032e-05,30,82091,0.000645624977159494,14.422205101856,5,20,12.7279220613579,23,6,6,0.000210526315789474,91,1.70124481327801e-05,0,0,0.192822900498229,41.8640015138725,0.919902912621359,0.0218446601941748,0.058252427184466,0.0722907949790795,0.0603439544010709,0.0532549040224178,8.06089119713011,4.10200435514596,8.06089119713011,4.10200435514596,2.57511714172324e-06,0.717493086978381,0.538119815233786,0.43086978381096,0.32315233785822,"edge",1
102219,42,176,131,240,0.00297829748797695,3033,60,126,30.0832179129826,31,287.5,6.51217559633339e-05,36,81958,0.000695478171746504,19.8494332412792,11,51.5,20.0249843945008,21,10,8,0.000263157894736842,427.5,6.18257261410788e-05,0,0,0.0905398803817788,20.9654499481349,0.967213114754098,0.0109289617486339,0.0218579234972678,0.204089958158996,0.0830520219300385,0.0837865455836853,15.291376426261,2.31116717337856,16.0721682771258,2.42336012634228,2.8258640451383e-06,0.625054112554113,0.298938923395445,0.437463924963925,0.20922187715666,"edge",1
102129,102,56,200,240,0.00114776917629246,423,24,198,9.48683298050514,9,10.5,2.31507188018614e-05,37,81946,0.000512532643448124,5,4,4,7.61577310586391,5,4,3,0.000105263157894737,31,8.29875518672199e-06,0,0,0.067821304230761,5.92181909418825,1,0,0,0.00534518828451883,0.0209205020920502,0.0318651594387611,6.14414231075196,2.20777555422678,5.75693909432999,1.77300207338665,2.10238304535001e-06,0.821818181818182,0.821818181818182,0.712987012987013,0.712987012987013,"edge",1
102183,234,56,177,240,0.000779839545342862,503,15,174,6.40312423743285,8,12,1.14839446745091e-05,33,82201,0.000596099804138636,6.40312423743285,5,12,8.60232526704263,16,7,6,0.000105263157894737,37.5,1.20331950207469e-05,0,0,0.143340823294649,36.5181288215825,0.975,0.015625,0.009375,0.0388179916317992,0.0267913148009743,0.0359929927491323,6.69008420149178,1.51371333228589,6.66735792886744,1.27960721438124,2.36762655062632e-06,0.841450216450216,0.747955747955748,0.605895493395493,0.538573771907105,"edge",1
102091,150,109,96,168,0.00182768578425997,942,40,91,24.1660919471891,18,123.5,1.46854240873057e-05,0,82119,0,0,0,0,0,0,0,0,0,161.5,1.82572614107884e-05,0,0,0.15821842053109,47.9383606684893,1,0,0,-0.0113912133891214,0,0,NA,NA,NA,NA,-1.68514974008882e-07,NA,NA,NA,NA,"edge",1
102196,90,11,10,216,0.000197168172127814,52,6,215,2.23606797749979,4,5.445,3.04089034642806e-07,0,82373,0,0,0,0,0,0,0,0,0,2,2.0746887966805e-06,0,0,NA,NA,1,0,0,-0.0113912133891213,0,0,NA,NA,NA,NA,-8.43279605459831e-08,NA,NA,NA,NA,"edge",1
102153,186,139,132,240,0.0023001375214497,1702,45,126,28.0713376952364,25,153.5,3.31847916669799e-05,16,81993,0.000195138609393485,0,1,2.7225,4.47213595499958,0,2,0,0,213,3.56846473029046e-05,0,0,0.207529326690363,54.2004235635479,1,0,0,2.62537465332446e-18,0,0.0187118659205003,NA,NA,4.47213595499958,0,7.31735688417649e-07,NA,NA,NA,NA,"edge",1
102195,186,109,237,240,0.00168319367704636,755,46,234,17.7200451466693,22,74.5,3.42234832903894e-05,102,81987,0.00168319367704636,17.7200451466693,22,74.5,13.3416640641263,36,20,18,0.00168421052631579,101,1.99170124481328e-05,0,0,0.100983135259936,14.0078342062295,0.878048780487805,0.0365853658536585,0.0853658536585366,0.288933054393305,0.069958347894014,0.0516387617745872,9.17304687855627,2.85321075435011,8.30002660529969,2.87632044758163,6.87432282912842e-06,0.645202591526121,0.366592381548932,0.526461760461761,0.299126000262364,"edge",1
102096,186,133,131,240,0.00214643139320516,1794,53,126,25,27,136.5,3.72648045566726e-05,17,82006,0.000378021120405824,1,2,5.445,6.08276253029822,14,3,4,0,200.5,4.10788381742739e-05,0,0,0.0834188168661165,22.4425394221994,1,0,0,0.0113912133891213,0.00418410041841004,0.0254508892481097,6.04138126514911,0.0477829691464915,6.02758751009941,0.0477829691464915,1.49709294782879e-06,NA,NA,NA,NA,"edge",1
102203,78,1,1,6,1.07030856996072e-05,2,1,1,0,1,2.7225,3.03319221792671e-09,0,82010,0,0,0,0,0,0,0,0,0,0,8.29875518672199e-07,0,0,NA,NA,1,0,0,-0.0113912133891213,0,0,NA,NA,NA,NA,-4.20740946685643e-08,NA,NA,NA,NA,"edge",1
102144,54,202,180,240,0.00382294745584679,3868,62,126,39.560080889705,38,487,0.0001260745221622,126,82189,0.00214140578422903,37.4833296279826,25,467.5,21.4709105535839,50,29,21,0.002,539,7.34439834024896e-05,0,0,0.141530799084031,19.8904488905505,0.699438202247191,0.0589887640449438,0.241573033707865,1.93328451882845,0.152649914761434,0.0856523454124849,14.1102986587181,5.97029692309079,13.6076161328625,6.28817118609875,8.79289186732137e-06,0.819844137344137,0.149971488538562,0.631109353609354,0.115446832977321,"edge",1
101971,138,191,168,240,0.00298900777142021,1984,45,163,28.4604989415154,24,193.5,5.79929118537906e-05,28,81849,0.00054979291133673,20.6155281280883,11,112.5,26.3058928759318,17,8,9,0.00110526315789474,274,3.85892116182573e-05,0,0,0.0739513288692143,11.8094971334583,0.87893864013267,0.0315091210613599,0.0895522388059701,0.459320083682008,0.0862574398664783,0.110066497388836,14.1759398181254,5.45876099101244,17.1695693806542,6.45475570261633,2.25766245738835e-06,0.504381892617187,0.126095473154297,0.3497668997669,0.0874417249417249,"edge",1
102126,210,12,11,36,0.000245107050504308,51,5,22,2.23606797749979,5,5.445,2.50092474908852e-07,0,82279,0,0,0,0,0,0,0,0,0,1,1.6597510373444e-06,0,0,NA,NA,1,0,0,-0.0113912133891213,0,0,NA,NA,NA,NA,-1.26264183308321e-07,NA,NA,NA,NA,"edge",1
102158,66,41,22,240,0.000685040429618212,458,19,18,5,9,9,1.57779287766426e-05,27,81615,0.000477853335783863,4.24264068711928,5,2,8.60232526704263,12,8,5,0.000157894736842105,31,1.16182572614108e-05,0,0,0.140199058804089,25.1936524205628,0.934065934065934,0.0183150183150183,0.0476190476190476,-0.00302301255230125,0.0177516346741393,0.0359929927491323,7.44440031197579,1.10730754256373,6.98843892852725,1.37808203871276,1.87406009185263e-06,0.705952380952381,0.705952380952381,0.557539682539683,0.557539682539683,"edge",1
102013,186,70,84,192,0.00110019069972129,768,29,78,11.1803398874989,13,28,9.6160328414939e-06,0,82045,0,0,0,0,0,0,0,0,0,72,1.70124481327801e-05,0,0,0.0725789649824575,31.3421992591129,1,0,0,-0.0113912133891213,-2.84741203036155e-18,0,NA,NA,NA,NA,-4.15679030609902e-08,NA,NA,NA,NA,"edge",1
102225,150,49,47,240,0.00106316677053928,322,22,45,6.32455532033676,8,10,3.04289450043644e-06,1,82170,6.08494584398199e-05,0,1,2.7225,2.82842712474619,4,1,1,0,18.5,7.05394190871369e-06,0,0,0.0685760220619312,38.7622819236392,1,0,0,0,0,0.0118344231160928,NA,NA,NA,NA,1.27165714008124e-07,NA,NA,NA,NA,"edge",1
102138,174,162,240,240,0.00295757162678611,1179,47,234,19.2093727122985,28,66.5,4.2094688163912e-05,162,82162,0.00295757162678611,11.4017542509914,27,58,17.4928556845359,81,34,31,0.00136842105263158,108.5,2.24066390041494e-05,0,0,0.0667844885463556,8.15624039902623,0.755681818181818,0.0795454545454545,0.164772727272727,0.231286610878661,0.0477060847321815,0.0731918647888531,13.4533282297819,2.18515251789866,13.1885776489574,2.24342991132774,1.23327059708513e-05,0.636289058164058,0.471325228269673,0.445165320790321,0.329752089474312,"edge",1
102128,42,78,153,240,0.00131458827825452,1409,42,150,17.0293863659264,14,77.5,3.61556780520546e-05,8,82124,0.000194827334274999,11.3137084989848,2,5.445,10.6301458127346,8,2,2,0.000526315789473684,144.5,2.9045643153527e-05,0,0,0.151110388804719,29.6207532971551,0.947939262472885,0.0130151843817787,0.0390455531453362,0.0113912133891213,0.0473376924643714,0.0444775975428228,5.81507290636732,6.80954140799991,5.81507290636732,6.80954140799991,6.89252418472927e-07,NA,NA,NA,NA,"edge",1
102029,78,2,2,103,2.28641980954123e-05,5,2,1,1,2,5.445,1.54468769620412e-07,0,81633,0,0,0,0,0,0,0,0,0,0.5,1.2448132780083e-06,0,0,NA,NA,1,0,0,-0.0227824267782427,-0.00418410041841004,-0.00418410041841004,NA,NA,NA,NA,-8.51162166182178e-08,NA,NA,NA,NA,"edge",1
102275,162,14,227,228,0.000207560070326236,39,4,219,1,2,5.445,2.18371017128217e-06,0,82008,0,0,0,0,0,0,0,0,0.000157894736842105,0,8.29875518672199e-07,0,0,NA,NA,0.96969696969697,0.00202020202020202,0.0282828282828283,-0.0113912133891213,0,0,NA,NA,NA,NA,-4.22730345976888e-08,NA,NA,NA,NA,"edge",1
102187,186,118,48,216,0.00217165863478314,1095,34,78,13.3416640641263,23,93.5,1.68656460807486e-05,0,81547,0,0,0,0,0,0,0,0,0,134,2.73858921161826e-05,0,0,0.145565061980616,57.590345233583,1,0,0,-0.0113912133891213,0,-2.9072660793228e-18,NA,NA,NA,NA,-8.57925039657585e-08,NA,NA,NA,NA,"edge",1
102188,234,162,240,240,0.00283282674772036,2247,51,198,20.8806130178211,23,175,7.57621558571724e-05,162,82250,0.00283282674772036,20.6155281280883,23,175,15.2970585407784,71,28,24,0.00131578947368421,192,4.19087136929461e-05,0,0,0.121737831741163,15.9536598646679,0.70625,0.08125,0.2125,0.720826359832636,0.0862574398664783,0.0640044290409136,9.64378762458959,4.10162558465227,9.15194006174666,4.02665106220994,1.16431715973361e-05,0.833157389205776,0.461212126167483,0.615489641604442,0.340717480173888,"edge",1
102211,42,11,10,12,0.000248721248364387,31,5,1,1.4142135623731,3,5.445,6.76893002323867e-08,0,81667,0,0,0,0,0,0,0,0,0,0,8.29875518672199e-07,0,0,NA,NA,1,0,0,-0.0113912133891213,0,0,NA,NA,NA,NA,-2.10633113429554e-07,NA,NA,NA,NA,"edge",1
102137,66,1,1,24,1.37538338811944e-05,1,1,1,0,1,2.7225,5.98080569031456e-09,0,82199,0,0,0,0,0,0,0,0,0,0,4.149377593361e-07,0,0,NA,NA,1,0,0,-0.0113912133891213,0,-0.00591721155804642,NA,NA,NA,NA,-4.18092291699313e-08,NA,NA,NA,NA,"edge",1
102172,90,183,201,240,0.00306725975168638,2649,51,198,29.4108823397055,26,259.5,8.98524633843418e-05,71,81703,0.00126066362312277,29.4108823397055,18,153,17,32,18,15,0.00163157894736842,338,5.39419087136929e-05,0,0,0.0857763679645349,12.4124694792817,0.78436018957346,0.0521327014218009,0.163507109004739,0.628776150627615,0.12305808510337,0.0711297071129707,9.65328302117752,6.1015917343386,8.9597977229729,6.38931297853907,5.23284982208459e-06,0.720304959590674,0.30870212553886,0.550639572068144,0.235988388029204,"edge",1
102227,54,21,34,36,0.000394468906254998,84,12,31,3.16227766016838,3,5.445,4.10504812697712e-07,0,82219,0,0,0,0,0,0,0,0,0,1,1.6597510373444e-06,0,0,NA,NA,1,0,0,-0.0113912133891213,0,0,NA,NA,NA,NA,-4.19833276648843e-08,NA,NA,NA,NA,"edge",1
102153,198,81,130,204,0.0011753470946889,725,29,90,12.0415945787923,14,35.5,1.35290813734024e-05,0,82072,0,0,0,0,0,0,0,0,0,58,1.45228215767635e-05,0,0,0.0970660644591992,25.4338218646103,1,0,0,-0.0113912133891213,0,0,NA,NA,NA,NA,-4.28400337716556e-08,NA,NA,NA,NA,"edge",1
102131,174,125,240,240,0.00200832542174834,575,45,234,13.0384048104053,13,55.5,2.23223700271643e-05,125,82158,0.00200832542174834,13.0384048104053,13,55.5,10.770329614269,40,19,16,0.000210526315789474,59.5,1.20331950207469e-05,0,0,0.14017560500954,16.9147791136464,0.930817610062893,0.0283018867924528,0.0408805031446541,0.220826359832636,0.0545539950226163,0.045064140645477,5.84225625672954,3.27504370750756,5.5230179643522,3.28658196935673,8.2758524900348e-06,0.694352161999221,0.394091767621179,0.537558588028513,0.305100820232399,"edge",1
102070,78,7,35,36,0.000102592161958826,14,3,29,1,2,5.445,2.80492684037687e-08,0,82036,0,0,0,0,0,0,0,0,0,0.5,1.2448132780083e-06,0,0,NA,NA,1,0,0,-0.0113912133891213,0,0,NA,NA,NA,NA,-4.2500613708862e-08,NA,NA,NA,NA,"edge",1
102222,90,81,106,240,0.00140913894791868,801,30,102,11.0453610171873,16,44,1.65091594203637e-05,2,81896,7.32636514603888e-05,1,2,5.445,6.32455532033676,4,2,2,0.000157894736842105,59,1.53526970954357e-05,0,0,0.146828214454346,33.3045370263822,0.986111111111111,0.00833333333333333,0.00555555555555556,0.0113912133891213,0.00418410041841004,0.0264625745620785,6.20365892531749,0.170973321478267,6.20365892531749,0.170973321478267,2.64224119498553e-07,NA,NA,NA,NA,"edge",1
102342,138,15,21,46,0.000232024894906371,37,5,18,2.23606797749979,4,5.445,4.60050422974067e-07,0,82279,0,0,0,0,0,0,0,0,0,1,1.6597510373444e-06,0,0,NA,NA,1,0,0,-0.0113912133891213,0,0,NA,NA,NA,NA,-4.21669547442736e-08,NA,NA,NA,NA,"edge",1
102221,162,73,82,120,0.0012950677467043,634,22,80,7.07106781186548,15,18,8.1122360766948e-06,0,82010,0,0,0,0,0,0,0,0,0,31.5,1.2448132780083e-05,0,0,0.567832328504324,212.640493638175,1,0,0,-0.0113912133891213,0,0,NA,NA,NA,NA,-8.43441096287866e-08,NA,NA,NA,NA,"edge",1
102266,150,84,69,240,0.00134525309102472,686,34,42,8.06225774829855,11,22,8.30263899750466e-06,28,82066,0.00048741257037019,8.06225774829855,4,7,7.28010988928052,12,5,6,0,76,1.28630705394191e-05,0,0,0.0721138006043174,23.9059542490145,1,0,0,0.017897489539749,0.0337332960179856,0.0304607108338097,3.09336996309351,3.30412994988349,2.2560219778561,2.8961968241623,1.99740191816044e-06,0.548412698412698,0.479861111111111,0.399801587301587,0.349826388888889,"edge",1
102113,114,153,228,240,0.00261345317766597,1411,44,234,18.3847763108502,28,86,5.66314394930121e-05,117,81907,0.0021243605552639,18.3847763108502,23,86,10.295630140987,57,26,24,0.002,150.5,3.15352697095436e-05,0,0,0.196367933714596,26.0884048191018,0.731645569620253,0.0759493670886076,0.192405063291139,0.348441422594142,0.0769237502546035,0.0430779503806987,8.31761603829169,1.3611747252197,7.68186470839706,1.91533620702976,8.84656466830691e-06,0.780636120152249,0.576183802969517,0.556260674809062,0.410573355216212,"edge",1
102083,150,19,20,240,0.000346140533056421,61,9,6,2,3,5.445,1.25344432784363e-07,1,82102,3.65399137658035e-05,0,1,2.7225,2.23606797749979,2,1,1,0,2,1.6597510373444e-06,0,0,NA,NA,1,0,0,0,0,0.00935593296025017,NA,NA,NA,NA,1.10948367433646e-07,NA,NA,NA,NA,"edge",1
102040,210,130,240,240,0.00211753538352947,718,36,234,9.05538513813742,13,31,1.58316188679398e-05,130,82171,0.00211753538352947,8.24621125123532,13,31,9.05538513813742,44,16,19,0.000578947368421053,57,1.57676348547718e-05,0,0,0.0889178921304205,19.2446878192836,0.883333333333333,0.0222222222222222,0.0944444444444444,0.11831589958159,0.0345029759465913,0.0378886407453448,7.12658329576125,1.7484024460912,7.34323749032815,1.46582878877958,8.73396874534858e-06,0.749615300461165,0.605458511910941,0.554653236052386,0.447989152196158,"edge",1
102274,150,14,55,72,0.000230879529491822,97,6,46,3.60555127546399,4,5.445,2.99158633201341e-07,0,81983,0,0,0,0,0,0,0,0,0,3.5,2.0746887966805e-06,0,0,NA,NA,1,0,0,-0.0113912133891213,0,9.29497278890148e-19,NA,NA,NA,NA,-1.28383394583624e-07,NA,NA,NA,NA,"edge",1
102478,162,16,72,240,0.000243323803151043,81,7,66,2.82842712474619,4,5.445,2.06687092603969e-06,6,82128,0.00010958503798948,1,2,5.445,3.60555127546399,3,2,1,0.000157894736842105,5.5,2.9045643153527e-06,0,0,0.106877445873674,36.6471779860892,0.942528735632184,0.00574712643678161,0.0517241379310345,0.0113912133891213,0.00418410041841004,0.0150859886002677,NA,NA,3.21698920010509,0.549509756796392,4.16043094239567e-07,NA,NA,NA,NA,"edge",1
101991,102,86,106,144,0.00146100931393438,314,24,103,6.70820393249937,11,17.5,4.52608231964949e-06,0,81544,0,0,0,0,0,0,0,0,0,20.5,7.46887966804979e-06,0,0,0.107390122275793,43.2638789647351,1,0,0,-0.0113912133891213,0,0,NA,NA,NA,NA,-8.42388270147684e-08,NA,NA,NA,NA,"edge",1
102079,138,0,1,-Inf,0,1,1,1,0,0,0,2.44931695143602e-23,0,82232,0,0,0,0,0,0,0,0,0,0,4.149377593361e-07,0,0,NA,NA,1,0,0,0,0,0,NA,NA,NA,NA,0,NA,NA,NA,NA,"edge",1
102277,162,19,23,36,0.000321071461333823,75,8,18,2.23606797749979,5,5.445,3.1583174134252e-07,0,82135,0,0,0,0,0,0,0,0,0,1.5,2.0746887966805e-06,0,0,NA,NA,1,0,0,-0.0113912133891213,0,0,NA,NA,NA,NA,-1.24978108001415e-07,NA,NA,NA,NA,"edge",1
102461,150,74,34,240,0.00100836946657255,1015,27,30,11.6619037896906,12,55.5,1.92453949622185e-05,14,81915,0.00030519440883843,4.47213595499958,3,2,9.4339811320566,11,4,5,0.000421052631578947,74,1.74273858921162e-05,0,0,0.283649805708415,62.6819795820796,0.973039215686274,0.00980392156862745,0.017156862745098,-0.00302301255230125,0.0187118659205003,0.0394727244019105,9.07386178539951,0.575578295571596,8.69451027148665,0.735292358193375,1.14945573666853e-06,0.621527777777778,0.621527777777778,0.416666666666667,0.416666666666667,"edge",1
101991,54,33,33,204,0.000518459901219745,164,9,30,4.24264068711928,6,5.445,5.19186731111644e-06,0,81876,0,0,0,0,0,0,0,0,0,9,4.5643153526971e-06,0,0,0.0661137375960762,14.1692919611195,1,0,0,-0.0227824267782427,-0.00418410041841004,-0.00418410041841004,NA,NA,NA,NA,-8.41481893371285e-08,NA,NA,NA,NA,"edge",1
102139,222,109,60,240,0.00197814274375725,1142,39,66,11.1803398874989,15,45,2.37513472395289e-05,4,81929,0.000109851212635331,7.61577310586391,3,5,5.8309518948453,5,2,2,0,72,1.95020746887967e-05,0,0,0.217679700957505,43.5793533832112,1,0,0,0.00952928870292888,0.0318651594387611,0.024397288262951,4.40956595483038,1.76393202250021,5.74390307216884,0.12310562561766,2.90332824299997e-07,0.47542735042735,0.356570512820513,0.358974358974359,0.269230769230769,"edge",1
102139,102,6,177,180,0.00012531042810599,41,4,165,1,2,5.445,1.0894238144635e-06,0,81927,0,0,0,0,0,0,0,0,0,0.5,1.2448132780083e-06,0,0,NA,NA,1,0,0,-0.0113912133891213,0,0,NA,NA,NA,NA,-8.48822432882974e-08,NA,NA,NA,NA,"edge",1
102260,114,24,58,240,0.000375093773443361,165,8,46,3.16227766016838,5,5.445,3.02993402800948e-06,8,81729,0.000122355589815121,1.4142135623731,3,0.5,2.23606797749979,2,3,2,5.26315789473684e-05,8,3.7344398340249e-06,0,0,0.186323863023126,53.0746106041429,0.973913043478261,0.00869565217391304,0.0173913043478261,-0.00929916317991632,0.00591721155804642,0.00935593296025017,1.82514076993644,0.58113883008419,1.5500938466243,0.629137186936399,4.7001145486329e-07,0.822222222222222,0.822222222222222,0.588888888888889,0.588888888888889,"edge",1
102200,234,40,227,240,0.000614313504658544,140,17,222,3.16227766016838,7,5.445,9.38339727771633e-06,24,82306,0.000425242388161252,3.16227766016838,7,3.5,4.12310562561766,11,6,8,0.000421052631578947,3.5,2.9045643153527e-06,0,0,0.209016190048595,15.2881061657902,0.919308357348703,0.0201729106628242,0.0605187319884726,0.00325313807531381,0.0132312872810392,0.0172514879732957,2.12501999098811,1.0606143976291,2.07823557492227,0.785572577266405,1.73648688634458e-06,0.673015873015873,0.673015873015873,0.382010582010582,0.382010582010582,"edge",1
102157,78,1,1,4,1.03587225623336e-05,1,1,1,0,1,2.7225,2.25329716411777e-11,0,82061,0,0,0,0,0,0,0,0,0,0,4.149377593361e-07,0,0,NA,NA,1,0,0,-0.0113912133891213,0,0,NA,NA,NA,NA,-4.22726075067443e-08,NA,NA,NA,NA,"edge",1
102174,174,33,203,216,0.000683760683760684,160,13,200,11.0453610171873,4,5.5,5.74679424360917e-06,0,81974,0,0,0,0,0,0,0,0,0,18.5,3.3195020746888e-06,0,0,0.0113318986569732,1.60341718628723,1,0,0,-0.0113912133891213,0,0,NA,NA,NA,NA,-4.21865117150465e-08,NA,NA,NA,NA,"edge",1
102056,54,179,154,240,0.00291236108403197,2401,55,234,26.9258240356725,36,277,9.45321051341429e-05,168,82064,0.00291236108403197,23.259406699226,27,133,15,71,33,29,0.00105263157894737,355.5,4.89626556016597e-05,0,0,0.157629108175448,19.342309126948,0.764119601328904,0.0830564784053156,0.152823920265781,0.545094142259414,0.0973196933022009,0.0627615062761506,11.0452279684256,2.98259974470844,10.8180615476067,2.89393203327213,1.21438604078516e-05,0.82140923035881,0.388504365710248,0.588180773474891,0.278193609075962,"edge",1
102220,198,27,23,24,0.000441495689285145,70,8,18,2.23606797749979,6,5.445,1.52408239121559e-07,0,81905,0,0,0,0,0,0,0,0,0,1.5,2.0746887966805e-06,0,0,NA,NA,1,0,0,-0.0113912133891213,0,0,NA,NA,NA,NA,-1.68739241555075e-07,NA,NA,NA,NA,"edge",1
102268,234,57,167,240,0.000986781994274228,365,23,162,15.0332963783729,9,26,1.32255398125891e-05,11,82401,0.000194172400820378,1,2,5.445,2.23606797749979,5,2,1,0,58,9.54356846473029e-06,0,0,0.0638698654328969,10.4138742205346,1,0,0,0.0113912133891213,0.00418410041841004,0.00935593296025017,NA,NA,2.11803398874989,0.166925267711095,7.70003019084212e-07,NA,NA,NA,NA,"edge",1
102309,234,34,228,240,0.000672889878512791,185,17,223,4.12310562561766,7,5.445,9.1115996474957e-06,31,82451,0.000545778704927775,4.12310562561766,7,4,2.23606797749979,14,7,6,0.000473684210526316,5.5,3.3195020746888e-06,0,0,0.199924669799691,17.4895682377262,0.95,0.0204545454545455,0.0295454545454545,0.00534518828451883,0.0172514879732957,0.00935593296025017,1.48105825289545,0.876219003352671,1.44605964212464,0.852680145182291,2.24123599628307e-06,0.835416666666667,0.742592592592593,0.631944444444444,0.561728395061728,"edge",1
102350,174,134,108,240,0.00216595076720897,1328,33,103,15.8113883008419,16,66.5,2.84684019686408e-05,63,81983,0.00101240501079492,9.8488578017961,7,15.5,7.61577310586391,20,8,6,0.000473684210526316,120,2.9045643153527e-05,0,0,0.160044042283375,35.5893887807421,0.927272727272727,0.0218181818181818,0.0509090909090909,0.0534623430962343,0.0412086100493561,0.0318651594387611,5.71029866166675,2.11447086371044,5.61847780038382,1.57940574958492,4.19329102137825e-06,0.763333333333333,0.693939393939394,0.639517543859649,0.581379585326954,"edge",1
102019,222,52,60,228,0.000867641847221713,516,15,58,5.3851648071345,10,13.5,7.37801283211324e-06,0,81876,0,0,0,0,0,0,0,0,0.000473684210526316,29,9.95850622406639e-06,0,0,0.104727279892794,34.5347298302297,1,0,0,-0.0113912133891213,-9.49806732936112e-19,0,NA,NA,NA,NA,-4.20187434689742e-08,NA,NA,NA,NA,"edge",1
102194,66,79,216,240,0.00127975428717686,833,24,214,13.6014705087354,13,49,3.13452812826669e-05,40,82022,0.000682743654141572,13.6014705087354,6,49,11.3137084989848,16,8,8,0.000894736842105263,87.5,1.41078838174274e-05,0,0,0.0540120537408138,5.80755308943718,0.795698924731183,0.0788530465949821,0.125448028673835,0.193629707112971,0.0569099184465918,0.0473376924643714,3.59905214545048,3.34609771086574,2.55983858307738,1.22927454963759,2.73126663574027e-06,0.826058201058201,0.25636288998358,0.608112874779541,0.188724685276409,"edge",1
102353,174,91,131,228,0.00147835011240348,710,27,126,7.28010988928052,17,15.5,2.24143519203987e-05,0,81781,0,0,0,0,0,0,0,0,0.000105263157894737,36,1.45228215767635e-05,0,0,0.10934939935785,17.2721865163371,0.983805668016194,0.00202429149797571,0.01417004048583,-0.0113912133891213,-9.53435861546942e-19,0,NA,NA,NA,NA,-4.23599131198182e-08,NA,NA,NA,NA,"edge",1
102134,126,36,95,144,0.000645184851546618,330,12,114,5.3851648071345,7,6,3.55138086305454e-06,0,82115,0,0,0,0,0,0,0,0,0,15.5,7.05394190871369e-06,0,0,0.490248550965601,237.48684706958,1,0,0,-0.0113912133891213,0,0,NA,NA,NA,NA,-4.24587794247303e-08,NA,NA,NA,NA,"edge",1
102440,162,53,36,240,0.000938326366970912,584,17,90,17.0880074906351,11,25.5,8.29240154331128e-06,33,82189,0.000584019759335191,17.0880074906351,4,25.5,16.2788205960997,15,4,3,0.000157894736842105,80.5,1.41078838174274e-05,0,0,0.0524181678812225,20.93913354923,0.989130434782609,0,0.0108695652173913,0.0953033472803347,0.0714979392913601,0.0681122200673628,10.525293045626,9.12837934441513,8.64396978421951,8.34919448166509,2.40126911760744e-06,0.931818181818182,0.248484848484848,0.712878787878788,0.19010101010101,"edge",1
102251,90,165,71,240,0.00294464075382803,1756,64,78,13.6014705087354,31,81,2.66574655580258e-05,9,81783,0.000134502280425027,1,2,5.445,4.47213595499958,2,2,2,0.000368421052631579,165.5,3.44398340248963e-05,0,0,0.144267303911642,45.4390384163418,0.958024691358025,0.00987654320987654,0.0320987654320988,5.44630467407392e-18,0,0.0145277655020903,4.03884361523178,0.612767903371987,4.03884361523178,0.612767903371987,4.78376751575093e-07,NA,NA,NA,NA,"edge",1
102262,90,1,1,9,1.0420465794821e-05,1,1,1,0,1,2.7225,4.55459105542681e-15,0,82032,0,0,0,0,0,0,0,0,0,0,4.149377593361e-07,0,0,NA,NA,1,0,0,-0.0113912133891213,0,0,NA,NA,NA,NA,-4.21283193218756e-08,NA,NA,NA,NA,"edge",1
102146,222,0,1,-Inf,0,1,1,1,0,0,0,1.48426081953459e-09,0,82147,0,0,0,0,0,0,0,0,0,0,4.149377593361e-07,0,0,NA,NA,1,0,0,0,0,0,NA,NA,NA,NA,0,NA,NA,NA,NA,"edge",1
102172,210,11,12,23,0.000197482103184399,28,4,6,1.4142135623731,3,5.445,6.12660864688245e-08,0,82027,0,0,0,0,0,0,0,0,0,1.5,2.0746887966805e-06,0,0,NA,NA,1,0,0,-0.0113912133891213,0,0,NA,NA,NA,NA,-8.41338069113146e-08,NA,NA,NA,NA,"edge",1
102308,90,12,240,240,0.000239898557181535,28,5,237,1,2,5.445,7.37503204426041e-07,12,81864,0.000232092250561908,1,2,5.445,2.23606797749979,7,2,3,0,0,8.29875518672199e-07,0,0,NA,NA,1,0,0,0.0227824267782427,0.00418410041841004,0.00935593296025017,1.68816503408199,0.47449786780808,1.4142135623731,0,9.71097282685806e-07,NA,NA,NA,NA,"edge",1
102126,78,15,23,36,0.000243226151675828,50,5,19,1.4142135623731,3,5.445,1.05752948524687e-07,0,82210,0,0,0,0,0,0,0,0,0,0.5,1.2448132780083e-06,0,0,NA,NA,1,0,0,-0.0113912133891213,0,0,NA,NA,NA,NA,-8.47001036136368e-08,NA,NA,NA,NA,"edge",1
102148,54,1,1,11,2.30941548694026e-05,2,1,1,1,2,5.445,1.37452028311979e-09,0,82004,0,0,0,0,0,0,0,0,0,0,4.149377593361e-07,0,0,NA,NA,1,0,0,-0.0113912133891213,0,0,NA,NA,NA,NA,-4.18456072008925e-08,NA,NA,NA,NA,"edge",1
102352,90,0,1,-Inf,0,1,1,1,0,0,0,8.62761917198312e-13,0,82237,0,0,0,0,0,0,0,0,0,0,4.149377593361e-07,0,0,NA,NA,1,0,0,0,0,0,NA,NA,NA,NA,0,NA,NA,NA,NA,"edge",1
102123,102,112,215,240,0.00192140593065805,2022,50,210,24.5967477524977,21,193.5,7.09971616075606e-05,63,81718,0.00127266942411709,24.1660919471891,13,193.5,18.4390889145858,41,17,15,0.00131578947368421,247.5,4.19087136929461e-05,0,0,0.0882014141366715,12.2159427302966,0.935114503816794,0.0152671755725191,0.049618320610687,0.798232217573222,0.10111335542757,0.0771509996426183,12.0340352157739,3.45098274184017,11.6180787334248,4.29639522773904,5.28247735131629e-06,0.748105752272419,0.153021631146631,0.484517026183693,0.0991057553557554,"edge",1
102137,174,86,240,240,0.00144146785404527,996,32,234,11.7046999107196,15,30.5,2.97995797609524e-05,86,81861,0.00144146785404527,7.28010988928052,15,16,18.0277563773199,32,16,16,0.000894736842105263,136,2.28215767634855e-05,0,0,0.0581503385454338,10.040151256765,0.858283433133733,0.0558882235528942,0.0858283433133733,0.0555543933054393,0.0304607108338097,0.0754299430013387,16.1373446078901,1.07634393819071,15.8805921412086,1.18064084048524,5.98963742430562e-06,0.59290293040293,0.539002664002664,0.45647487316605,0.414977157423681,"edge",1
102219,42,95,132,240,0.00137901544711102,432,25,128,6.40312423743285,12,10,8.47798441710046e-06,1,82093,1.21813065669424e-05,0,1,2.7225,3.60555127546399,0,1,0,5.26315789473684e-05,18,7.88381742738589e-06,0,0,0.210401184238921,47.7880654055854,0.989100817438692,0.00272479564032698,0.00817438692098093,0.0113912133891213,0,0.0150859886002677,NA,NA,NA,NA,5.09678099035245e-08,NA,NA,NA,NA,"edge",1
102183,30,17,21,24,0.000268935504376314,42,7,18,1.4142135623731,3,5.445,5.1696218733755e-07,0,82035,0,0,0,0,0,0,0,0,0,0.5,1.2448132780083e-06,0,0,NA,NA,1,0,0,-0.0113912133891213,0,0,NA,NA,NA,NA,-1.26245134722916e-07,NA,NA,NA,NA,"edge",1
102076,102,1,1,7,1.05737306236386e-05,1,1,1,0,1,2.7225,1.5699599206592e-11,0,82238,0,0,0,0,0,0,0,0,0,0,4.149377593361e-07,0,0,NA,NA,1,0,0,-0.0113912133891213,0,0,NA,NA,NA,NA,-4.2809351720007e-08,NA,NA,NA,NA,"edge",1
102111,66,31,72,228,0.000510501750291715,263,12,66,4.12310562561766,6,5.445,3.2658962515767e-06,0,81959,0,0,0,0,0,0,0,0,5.26315789473684e-05,11,5.80912863070539e-06,0,0,0.220099886106216,95.5270701457712,0.977827050997783,0.00665188470066519,0.0155210643015521,-0.0113912133891213,0,0,NA,NA,NA,NA,-4.22324994540393e-08,NA,NA,NA,NA,"edge",1
102157,42,5,24,36,8.56709257355461e-05,7,2,19,1,2,5.445,2.55401737858938e-08,0,82068,0,0,0,0,0,0,0,0,0,0,4.149377593361e-07,0,0,NA,NA,1,0,0,-0.0113912133891213,0,0,NA,NA,NA,NA,-4.242175805183e-08,NA,NA,NA,NA,"edge",1
102080,210,158,240,240,0.0026001611367465,1946,60,222,25.8069758011279,21,192,7.71539332950085e-05,158,81918,0.0026001611367465,21.0237960416286,21,126,29.0688837074973,55,29,25,0.00189473684210526,380.5,3.85892116182573e-05,0,0,0.136738851289644,16.431368248319,0.792291220556745,0.0449678800856531,0.162740899357602,0.515805439330544,0.0879656738143458,0.121627128483252,19.867450239801,5.34676897849596,19.2067121134596,4.81427966696802,1.08375214749968e-05,0.72178169912303,0.423113409830742,0.570531942308486,0.334449759284285,"edge",1
102242,126,1,1,7,1.03466114847387e-05,1,1,1,0,1,2.7225,4.9638363060793e-09,0,82131,0,0,0,0,0,0,0,0,0,0,4.149377593361e-07,0,0,NA,NA,1,0,0,-0.0113912133891213,0,0,NA,NA,NA,NA,-4.18795333547868e-08,NA,NA,NA,NA,"edge",1
102112,78,129,106,240,0.0020723114806056,1565,53,102,14.7648230602334,21,88,5.16073142487718e-05,25,81955,0.000597889085473736,11.1803398874989,8,35.5,10.816653826392,24,5,7,0.000368421052631579,192.5,3.77593360995851e-05,0,0,0.111087727835624,19.8058701822612,0.949579831932773,0.0147058823529412,0.0357142857142857,0.137144351464435,0.0467796648012508,0.0452579658008032,8.05705308711343,2.90365484806222,7.44636181088698,3.07239641431653,2.4178823176274e-06,0.507886904761905,0.169295634920635,0.284375,0.0947916666666667,"edge",1
102240,210,48,60,96,0.00101532777961271,220,17,59,4.47213595499958,10,7,1.63461270439852e-06,0,82070,0,0,0,0,0,0,0,0,0,9.5,5.39419087136929e-06,0,0,0.0781224880965229,62.7047598737215,1,0,0,-0.0113912133891213,9.30780380846697e-19,0,NA,NA,NA,NA,-4.18879186529917e-08,NA,NA,NA,NA,"edge",1
102192,42,15,12,48,0.000214924346629986,57,7,7,1.4142135623731,3,5.445,3.57863610397109e-07,0,82074,0,0,0,0,0,0,0,0,0,1,1.6597510373444e-06,0,0,NA,NA,1,0,0,-0.0113912133891213,0,0,NA,NA,NA,NA,-8.52558310086199e-08,NA,NA,NA,NA,"edge",1
102195,222,34,36,240,0.000658898175828198,141,11,18,3.16227766016838,7,5.445,1.18454088517746e-06,1,82039,3.65679737685735e-05,0,1,2.7225,1,2,1,1,0,5,3.7344398340249e-06,0,0,0.150898703792364,116.011271466458,1,0,0,0,0,0.00418410041841004,NA,NA,NA,NA,6.7963111389254e-08,NA,NA,NA,NA,"edge",1
102208,102,149,156,240,0.00247969217614365,1995,44,186,23.3452350598575,26,118,6.9041737806226e-05,97,82104,0.00175387313650979,17.0880074906351,25,68.5,14.422205101856,47,23,21,0.00136842105263158,178.5,4.19087136929461e-05,0,0,0.0981833513411594,14.4365634836607,0.779187817258883,0.0862944162436548,0.134517766497462,0.275219665271967,0.0714979392913601,0.0603439544010709,8.29426838370696,3.84907359997066,6.93932054423294,3.39420695544691,7.29539207733807e-06,0.590737982061512,0.361676315547864,0.425508024110965,0.260515116802632,"edge",1
102245,222,116,144,240,0.00224450462319159,1206,28,138,13.3416640641263,21,28,3.41611328132983e-05,13,82368,0.000376359751359751,13.3416640641263,6,14.5,15.2643375224737,18,5,6,5.26315789473684e-05,114.5,2.44813278008299e-05,0,0,0.188050811861203,32.665828719847,0.991176470588235,0.00294117647058824,0.00588235294117647,0.0492782426778243,0.0558228621929972,0.0638675210145345,12.7722082512216,4.73759809026819,12.2737823969712,5.11789332535873,1.44833058137949e-06,0.461038961038961,0.276623376623377,0.227002164502165,0.136201298701299,"edge",1
102200,138,37,239,240,0.000696932275300476,346,14,165,6.08276253029822,8,12.5,1.03667334714217e-05,36,81787,0.000696932275300476,6.08276253029822,8,9.5,6.08276253029822,21,6,7,0,25,8.71369294605809e-06,0,0,0.0672950026925707,13.6037457551293,1,0,0,0.0283577405857741,0.0254508892481097,0.0254508892481097,4.39671766064404,2.06890134645041,3.93254026343621,2.05964863307888,2.8742979621604e-06,0.666975957049486,0.592867517377321,0.446160130718954,0.396586782861293,"edge",1
102168,54,106,240,240,0.00201694231544978,966,33,222,26.9258240356725,19,123.5,4.44826017396948e-05,106,81807,0.00201694231544978,26,17,115.5,26.2488094968134,59,19,20,0.00105263157894737,175,1.74273858921162e-05,0,0,0.16689190556769,15.9235438675871,0.835990888382688,0.041002277904328,0.123006833712984,0.460481171548117,0.104602510460251,0.105643554379972,12.1973868645689,7.43206096485403,13.2732664729182,7.2479404953683,8.35434018772609e-06,0.746676587301587,0.245482713633399,0.526766636141636,0.173183551608209,"edge",1
102247,114,116,228,240,0.00203334190766668,1634,34,33,23.7697286480094,23,120.5,6.19122123283808e-05,88,82087,0.00152277461717446,23.7697286480094,16,107,14.142135623731,37,18,14,0.00115789473684211,172.5,3.40248962655602e-05,0,0,0.205162681870489,27.4352585233504,0.769028871391076,0.0603674540682415,0.170603674540682,0.424916317991632,0.0952708311632194,0.0549880151620542,8.96364767143223,3.15182835722117,8.6298736999085,2.5719646716229,6.16271071176984e-06,0.728409565580618,0.421710801125621,0.554957771494853,0.321291341391757,"edge",1
102246,42,76,36,72,0.0014763839574411,420,30,33,7,13,14.5,3.23037787578091e-06,0,82178,0,0,0,0,0,0,0,0,0,22,8.29875518672199e-06,0,0,0.0690710052718065,43.3585905137581,1,0,0,-0.0113912133891213,0,0,NA,NA,NA,NA,-8.46778195258245e-08,NA,NA,NA,NA,"edge",1
102190,78,14,10,192,0.000233794359403455,47,4,5,1,2,5.445,4.86727548402286e-06,0,82029,0,0,0,0,0,0,0,0,0,0.5,1.2448132780083e-06,0,0,NA,NA,1,0,0,-0.0227824267782427,-0.00418410041841004,-0.00418410041841004,NA,NA,NA,NA,-1.26634866681767e-07,NA,NA,NA,NA,"edge",1
102140,210,44,36,144,0.00084418126651659,323,17,34,7.28010988928052,8,20.5,2.67068116603234e-06,0,81832,0,0,0,0,0,0,0,0,0,29,7.88381742738589e-06,0,0,0.138034613886874,99.4264717853924,1,0,0,-0.0113912133891213,0,0,NA,NA,NA,NA,-8.38892147285807e-08,NA,NA,NA,NA,"edge",1
102130,138,52,23,240,0.000757103955257598,260,16,18,7.21110255092798,5,12,1.05999696412672e-05,9,82067,0.000207147818246067,5.8309518948453,4,4,6.32455532033676,8,3,3,0.000368421052631579,21.5,5.39419087136929e-06,0,0,0.193315408918507,24.0495423027307,0.86697247706422,0.0275229357798165,0.105504587155963,-0.00604602510460251,0.020213187844541,0.0222784741436684,5.84689067410552,0.469898039564785,4.52324025918505,2.70378370742397,7.83134708671723e-07,0.463675213675214,0.231837606837607,0.302777777777778,0.151388888888889,"edge",1
102164,174,45,33,216,0.000795652067471295,332,19,30,9.4339811320566,14,31,5.19466321113499e-06,0,81917,0,0,0,0,0,0,0,0,0,35,1.03734439834025e-05,0,0,0.0894828817948076,43.549670733667,1,0,0,-0.0113912133891213,0,0,NA,NA,NA,NA,-4.20901780380858e-08,NA,NA,NA,NA,"edge",1
102216,198,16,33,36,0.000224402128614477,51,6,23,1,2,5.445,1.35954914025739e-07,0,81882,0,0,0,0,0,0,0,0,0,0.5,1.2448132780083e-06,0,0,NA,NA,1,0,0,-0.0113912133891213,0,0,NA,NA,NA,NA,-8.49744700577797e-08,NA,NA,NA,NA,"edge",1
102211,102,33,22,120,0.000603040233023848,120,15,20,1.4142135623731,3,5.445,1.43365906770734e-06,0,81779,0,0,0,0,0,0,0,0,0,1.5,2.0746887966805e-06,0,0,NA,NA,1,0,0,-0.0113912133891213,0,0,NA,NA,NA,NA,-1.29205365468143e-07,NA,NA,NA,NA,"edge",1
102324,198,136,108,240,0.00239685610346632,1998,41,222,24.0831891575846,24,159.5,5.84847345410377e-05,43,81836,0.000867588836209003,16.2788205960997,11,74,13.4536240470737,28,9,12,0.00168421052631579,319,3.81742738589212e-05,0,0,0.0723015533147923,11.3711902039388,0.785854616895874,0.0392927308447937,0.174852652259332,0.298232217573222,0.0681122200673628,0.0562913140044925,9.64935834057702,4.11956091417565,7.96206818029304,4.16006659548987,3.58743873332036e-06,0.618772893772894,0.259485407066052,0.398962148962149,0.167306707629288,"edge",1
102093,54,365,204,240,0.00683385272249896,6124,115,198,38.0131556174964,69,499.5,0.000225927583328117,211,81734,0.00371938238676683,38.0131556174964,38,499.5,23.43074902772,93,43,39,0.00389473684210526,616.5,0.000113278008298755,0,0,0.128085025590481,15.2446352441019,0.638857142857143,0.0948571428571429,0.266285714285714,2.07856694560669,0.159050860324253,0.0980366068105438,14.9585104895021,5.19482433085998,14.5234733106231,4.80068221543652,1.54363762623189e-05,0.689897863254265,0.239352319904541,0.505995937613585,0.175549611008795,"edge",1
102133,114,19,240,240,0.000414639202917109,62,6,237,2.23606797749979,5,5.445,1.51688271987999e-06,19,81999,0.000414639202917109,2.23606797749979,5,2,2.23606797749979,15,5,5,0.000210526315789474,2.5,2.4896265560166e-06,0,0,0.0496701090241874,19.0965213178703,0.988636363636364,0.00681818181818182,0.00454545454545455,-0.00302301255230125,0.00935593296025017,0.00935593296025017,1.6128990204492,0.498192670853888,1.4128990204492,0.504624065535056,1.69270384923612e-06,0.716765873015873,0.716765873015873,0.332506613756614,0.332506613756614,"edge",1
102106,198,36,240,240,0.000549195733359369,105,13,234,2.23606797749979,4,5.445,2.72051632147604e-06,36,81938,0.000549195733359369,2.23606797749979,4,2,2.23606797749979,9,5,5,0,2.5,2.0746887966805e-06,0,0,NA,NA,1,0,0,-0.00302301255230125,0.00935593296025017,0.00935593296025017,1.29574173292382,0.807041945594829,1.29574173292382,0.807041945594829,2.25602858141085e-06,0.711111111111111,0.711111111111111,0.57984126984127,0.57984126984127,"edge",1
102222,198,1,1,1,9.9938038416182e-06,1,1,1,0,1,2.7225,8.31097445172261e-12,0,82009,0,0,0,0,0,0,0,0,0,0,4.149377593361e-07,0,0,NA,NA,1,0,0,-0.0113912133891213,0,0,NA,NA,NA,NA,-4.18150788352226e-08,NA,NA,NA,NA,"edge",1
101998,42,252,156,240,0.00404942246941588,3133,89,150,43.4165866921848,36,349,9.2674479235879e-05,83,81560,0.0014835703776361,37.2155881318568,21,349,37.0135110466435,38,21,18,0.00136842105263158,445,5.89211618257261e-05,0,0,0.119560831499516,18.3859380394562,0.8147512864494,0.0377358490566038,0.147512864493997,1.44885983263598,0.155713757873878,0.154868247057086,21.4136230861767,11.877367092418,21.8359066760815,10.476298898711,6.165171954207e-06,0.610537008968043,0.105265001546214,0.457774114774115,0.0789265715127784,"edge",1
102213,138,33,178,180,0.000472032098182676,181,10,174,4.47213595499958,3,5.445,4.32407616854924e-06,0,81728,0,0,0,0,0,0,0,0,0,6,2.9045643153527e-06,0,0,0.455028373225404,74.5700046250463,1,0,0,-0.0113912133891213,-9.37416067888257e-19,0,NA,NA,NA,NA,-4.2309368897799e-08,NA,NA,NA,NA,"edge",1
102314,66,66,215,240,0.00103797150711182,699,23,186,10.4403065089106,10,35,2.41174144071605e-05,11,82328,0.000182198037119813,6.32455532033676,5,10,7.61577310586391,4,6,3,5.26315789473684e-05,57,1.45228215767635e-05,0,0,0.0777990956081309,11.4224128428235,0.9875,0.003125,0.009375,0.0304497907949791,0.0264625745620785,0.0318651594387611,6.33966287358736,1.92691773926316,6.45468841104331,1.41576729006281,6.34637178887258e-07,0.615683229813665,0.527728482697427,0.539984472049689,0.462843833185448,"edge",1
102357,78,266,237,240,0.00451266831279725,3715,89,234,31.8276609256791,49,400,0.00015240500381224,259,82114,0.00425018876196507,31.8276609256791,49,400,23.8537208837531,90,61,44,0.00278947368421053,434.5,6.76348547717842e-05,0,0,0.185761834747706,19.4562054177885,0.676855895196507,0.074235807860262,0.248908296943231,1.6622489539749,0.133170129396147,0.0998063635303478,14.163212841608,4.80249375178625,13.9441209569046,4.25490096847566,1.76989174996434e-05,0.696210856712099,0.264336742388016,0.552614834304975,0.209816327463386,"edge",1
101982,78,187,144,240,0.00346461319980902,2580,48,138,22.0227155455452,30,198.5,6.9970121749253e-05,81,81894,0.00118445795784795,21.2602916254693,14,47,13.9283882771841,16,15,7,0.000894736842105263,332,5.14522821576763e-05,0,0,0.134672443986279,24.0950521737338,0.750902527075812,0.166064981949458,0.0830324909747292,0.185261506276151,0.0889551950856456,0.0582777752183436,8.52042346770961,2.19152486929094,10.9530812589491,2.32148603920082,4.78756757655968e-06,0.845873052778424,0.35949604743083,0.750725744843392,0.319058441558442,"edge",1
102088,90,2,20,26,2.14640637911976e-05,3,1,1,0,1,2.7225,1.76184157901551e-08,0,82027,0,0,0,0,0,0,0,0,0,0,4.149377593361e-07,0,0,NA,NA,1,0,0,-0.0113912133891213,0,0,NA,NA,NA,NA,-4.2407999132502e-08,NA,NA,NA,NA,"edge",1
102108,150,96,83,240,0.00175205927800557,1779,32,138,19.313207915828,20,126,4.50806538693656e-05,34,81854,0.00063527744520732,15.6204993518133,7,31.5,19.723082923316,18,6,8,0.000789473684210526,299.5,4.10788381742739e-05,0,0,0.0834130616609684,18.4713153929915,0.905829596412556,0.015695067264574,0.07847533632287,0.120407949790795,0.0653577378736959,0.0825233595117825,14.1558641146554,5.54065608981585,13.136588900141,5.45124192110668,2.57458963390638e-06,0.533834586466165,0.252869014641868,0.351155666945141,0.166336894868751,"edge",1
102056,66,149,154,240,0.00257845341675628,2090,50,150,29.0688837074973,27,149.5,7.42277986967308e-05,46,81768,0.000721553664025046,13.8924439894498,8,53,10.6301458127346,13,9,7,0.000368421052631579,226,4.27385892116183e-05,0,0,0.0773649266704595,10.8649012858915,0.952970297029703,0.00742574257425743,0.0396039603960396,0.210366108786611,0.058127380708995,0.0444775975428228,8.09146260526942,2.69869197799866,7.84632181328647,2.44737374600571,2.89276847941613e-06,0.640947712418301,0.4578197945845,0.529472455648926,0.378194611177804,"edge",1
102347,186,10,239,240,0.000207697006719609,40,4,20,2.23606797749979,5,5.445,3.65151641522835e-07,9,82309,0.000145792076200658,2,3,1,2.23606797749979,3,1,3,0,1.5,2.0746887966805e-06,0,0,NA,NA,1,0,0,-0.0072071129707113,0.00836820083682008,0.00935593296025017,1.82404531833319,0.71364417954618,NA,NA,5.67769792461085e-07,0.380718954248366,0.22843137254902,0.3,0.18,"edge",1
102055,150,2,20,24,4.57508864234245e-05,6,1,1,1.4142135623731,2,5.445,1.80214186391385e-08,0,82049,0,0,0,0,0,0,0,0,0,0,8.29875518672199e-07,0,0,NA,NA,1,0,0,-0.0113912133891213,0,0,NA,NA,NA,NA,-4.18698944112442e-08,NA,NA,NA,NA,"edge",1
102287,234,1,1,11,1.15328281954584e-05,1,1,1,0,1,2.7225,4.8040722294751e-10,0,82398,0,0,0,0,0,0,0,0,0,0,4.149377593361e-07,0,0,NA,NA,1,0,0,-0.0113912133891213,0,0,NA,NA,NA,NA,-4.20817115743054e-08,NA,NA,NA,NA,"edge",1
102337,198,3,11,12,8.67410161090458e-05,10,3,10,1.4142135623731,3,5.445,4.07824982560897e-08,0,82072,0,0,0,0,0,0,0,0,0,1,1.6597510373444e-06,0,0,NA,NA,1,0,0,-0.0227824267782427,-0.00591721155804642,-0.00591721155804642,NA,NA,NA,NA,-8.37230326542014e-08,NA,NA,NA,NA,"edge",1
102367,234,15,191,240,0.00029205252077832,105,7,188,1.4142135623731,3,5.445,9.33983326882535e-06,5,82546,6.05722869672667e-05,0,1,2.7225,0,0,1,0,0.000157894736842105,2,2.0746887966805e-06,0,0,NA,NA,0.976331360946746,0.00887573964497041,0.014792899408284,0,0,0,NA,NA,NA,NA,2.11558063416544e-07,NA,NA,NA,NA,"edge",1
102181,198,246,238,240,0.00424132789009216,2763,81,234,34.4383507154451,47,592,0.000127138127715113,246,81775,0.00403546316111281,34.4383507154451,47,592,25,84,54,43,0.00289473684210526,594,6.01659751037344e-05,0,0,0.100926383706439,11.5419622434962,0.692307692307692,0.0824175824175824,0.225274725274725,2.46559623430962,0.144093517637846,0.104602510460251,15.8309516284742,5.79692392379472,16.3060956685017,4.96213431461388,1.68006924117731e-05,0.75441295953591,0.136151451277191,0.57776183168763,0.104270626428833,"edge",1
102043,102,28,24,240,0.000478539350658912,171,10,23,5.09901951359278,5,5.445,1.35460405612566e-06,9,82130,0.000219164738828686,4.24264068711928,4,3,6.40312423743285,9,4,4,5.26315789473684e-05,19.5,5.39419087136929e-06,0,0,0.0707684415948015,68.7480778765921,0.965189873417722,0.00632911392405063,0.0284810126582278,0.00116108786610879,0.0177516346741393,0.0267913148009743,5.01057911309137,1.96438182013324,5.70156211871642,0.810094156188343,8.75046683562901e-07,0.534114774114774,0.445095645095645,0.341904761904762,0.284920634920635,"edge",1
102228,162,45,24,132,0.000964284842418768,364,15,18,8.24621125123532,8,18.5,3.29209879413841e-06,0,82193,0,0,0,0,0,0,0,0,0,34.5,9.12863070539419e-06,0,0,0.099270534741973,67.1831072154269,1,0,0,-0.0113912133891213,1.9047990199333e-18,0,NA,NA,NA,NA,-4.22491307875078e-08,NA,NA,NA,NA,"edge",1
101995,222,202,202,240,0.00336288596759401,3411,67,198,27.459060435492,34,374,0.000112512483051688,76,81817,0.00107557109158243,20,14,211.5,13.8924439894498,12,15,8,0.002,439.5,7.13692946058091e-05,0,0,0.0911792484054738,14.0192501378069,0.714285714285714,0.0730897009966777,0.212624584717608,0.873546025104603,0.0836820083682008,0.058127380708995,10.1313551492265,4.08560439176271,9.12195806210913,3.85308982410622,4.41515439098478e-06,0.666257623450718,0.169050441771078,0.60768781871723,0.154189446540193,"edge",1
102177,138,71,95,240,0.00146418243713167,1123,26,90,15.8113883008419,14,45.5,2.22051345038301e-05,10,82109,0.000158326127464712,5,2,5.445,8.24621125123532,3,2,3,5.26315789473684e-05,132,2.11618257261411e-05,0,0,0.175313466446207,40.7189484631675,0.971264367816092,0.00862068965517241,0.0201149425287356,0.0113912133891213,0.0209205020920502,0.0345029759465913,5.49747416749021,2.38047614284762,6.18465843842649,2.91547594742265,4.91893837250776e-07,NA,NA,NA,NA,"edge",1
102263,222,1,1,10,1.07694792956761e-05,1,1,1,0,1,2.7225,3.60872830411239e-09,0,82051,0,0,0,0,0,0,0,0,0,0,4.149377593361e-07,0,0,NA,NA,1,0,0,-0.0113912133891213,0,0,NA,NA,NA,NA,-4.24165974109672e-08,NA,NA,NA,NA,"edge",1
102117,54,1,1,3,1.02039775104336e-05,1,1,1,0,1,2.7225,5.63705686579156e-10,0,82239,0,0,0,0,0,0,0,0,0,0,4.149377593361e-07,0,0,NA,NA,1,0,0,-0.0113912133891213,0,0,NA,NA,NA,NA,-4.19774308343119e-08,NA,NA,NA,NA,"edge",1
102070,162,100,36,240,0.00195274360476469,1569,30,78,29.2061637330205,20,257,3.05330499901085e-05,18,81922,0.000305168330851298,12.5299640861417,9,22.5,10.295630140987,7,7,5,0.000421052631578947,331,3.52697095435685e-05,0,0,0.0608488301229665,16.4065755031992,0.91362763915547,0.0326295585412668,0.053742802303263,0.0827510460251046,0.0524266279754881,0.0430779503806987,8.17276908985997,2.00182585525987,6.94630207814178,1.48560941897155,1.19215655176377e-06,0.642677583854054,0.361506140917906,0.561577311577312,0.315887237762238,"edge",1
102024,42,115,48,240,0.00198676303889424,966,46,42,9.21954445729289,19,37.5,9.63468197182214e-06,30,81717,0.000734241345130144,8.06225774829855,6,18.5,7.61577310586391,30,8,7,0.000210526315789474,86.5,2.40663900414938e-05,0,0,0.150578456267327,89.4598805091805,0.978260869565217,0.0108695652173913,0.0108695652173913,0.0660146443514644,0.0337332960179856,0.0318651594387611,6.21372725513101,1.33710852164255,6.06201134823963,1.31018795328389,2.98767707804693e-06,0.744179894179894,0.478401360544218,0.453783870450537,0.291718202432488,"edge",1
102282,114,31,34,72,0.000622588993603203,168,15,30,4,6,5.445,1.50491984733596e-06,0,82321,0,0,0,0,0,0,0,0,0,2,2.4896265560166e-06,0,0,0.176773842155375,71.2679178293733,1,0,0,-0.0113912133891213,0,0,NA,NA,NA,NA,-4.22065125830697e-08,NA,NA,NA,NA,"edge",1
102184,234,27,240,240,0.000631543151400325,150,14,238,5.3851648071345,7,7,3.66443537852776e-06,27,82338,0.000631543151400325,5.3851648071345,7,6.5,3,25,8,7,0,9,4.5643153526971e-06,0,0,0.0803683494836388,20.741115592894,1,0,0,0.0158054393305439,0.0225320703227385,0.0125523012552301,2.39609986210648,0.367636177874541,2.14754248593737,0.548307808332871,2.60082203194988e-06,0.577445394112061,0.399769888231427,0.349355582688916,0.241861557246173,"edge",1
102316,210,15,12,36,0.00036822918584527,53,8,11,3.60555127546399,5,5.445,2.01823205069787e-07,0,82106,0,0,0,0,0,0,0,0,0,0,1.2448132780083e-06,0,0,NA,NA,1,0,0,-0.0113912133891213,0,0,NA,NA,NA,NA,-8.49848257469007e-08,NA,NA,NA,NA,"edge",1
102275,222,0,1,-Inf,0,1,1,1,0,0,0,2.60351693726222e-22,0,82250,0,0,0,0,0,0,0,0,0,0,4.149377593361e-07,0,0,NA,NA,1,0,0,0,0,0,NA,NA,NA,NA,0,NA,NA,NA,NA,"edge",1
102202,114,80,225,240,0.00128258373439523,1167,30,222,15.0332963783729,12,51.5,3.21672872851039e-05,46,82066,0.000779860112592304,13,7,46.5,11.1803398874989,18,9,7,0.000947368421052632,89.5,2.24066390041494e-05,0,0,0.199697239947765,32.7224700445594,0.748484848484849,0.0727272727272727,0.178787878787879,0.183169456066946,0.0543933054393305,0.0467796648012508,8.38373282852149,2.97184474190126,8.20796259797828,2.38914602713256,3.13597058326243e-06,0.794678932178932,0.529785954785955,0.620865245865246,0.413910163910164,"edge",1
102165,186,237,228,240,0.00420656174719053,2163,76,222,33.3016516106934,41,530.5,8.58307076262663e-05,175,81789,0.00330117741994645,33.3016516106934,35,530.5,27.0739727413618,95,37,38,0.00305263157894737,551.5,4.10788381742739e-05,0,0,0.121754964917787,13.9688082114361,0.644067796610169,0.0932203389830508,0.26271186440678,2.20827405857741,0.139337454438048,0.113280220675154,12.6177141414971,6.59267614540203,12.3601092842919,7.00282650032858,1.3685604116095e-05,0.67533991075854,0.10602606107472,0.460702651639352,0.0723287439433796,"edge",1
102074,54,85,192,240,0.00146314698530757,622,28,186,8.06225774829855,13,19.5,2.51306285594746e-05,45,82015,0.00101200999817107,8.06225774829855,13,19.5,13.0384048104053,38,11,14,0.000368421052631579,61.5,1.20331950207469e-05,0,0,0.13264714474764,14.6903101706,0.96046511627907,0.00697674418604651,0.0325581395348837,0.0701987447698745,0.0337332960179856,0.0545539950226163,8.65807017910477,1.60598617753782,8.41421646488329,1.70911012234311,4.14896426621895e-06,0.466736388611389,0.355608677037248,0.272881285381285,0.207909550766694,"edge",1
102310,174,18,23,228,0.000452904094497827,160,10,46,4.12310562561766,5,5.445,4.48852987431262e-07,0,81970,0,0,0,0,0,0,0,0,0.000105263157894737,13.5,4.5643153526971e-06,0,0,0.44425637874672,1100.92522713363,0.990353697749196,0.00643086816720257,0.00321543408360129,-0.0113912133891213,0,0,NA,NA,NA,NA,-1.26571020602893e-07,NA,NA,NA,NA,"edge",1
102424,42,1,1,7,1.04269850372765e-05,1,1,1,0,1,2.7225,6.26783598719817e-15,0,82005,0,0,0,0,0,0,0,0,0,0,4.149377593361e-07,0,0,NA,NA,1,0,0,-0.0113912133891213,0,0,NA,NA,NA,NA,-4.21597317561771e-08,NA,NA,NA,NA,"edge",1
102060,114,94,95,216,0.00161121011644655,1345,28,90,16.2788205960997,18,86,2.24060418091147e-05,0,82050,0,0,0,0,0,0,0,0,0,99.5,2.40663900414938e-05,0,0,0.148846637348574,38.9774161095886,1,0,0,-0.0113912133891213,0,0,NA,NA,NA,NA,-4.21656799194805e-08,NA,NA,NA,NA,"edge",1
102200,78,42,179,240,0.000892256921102487,809,19,54,10.4403065089106,9,16.5,2.08250157408419e-05,21,81904,0.000280816565735495,1.4142135623731,3,0.5,10.1980390271856,2,3,2,0.000421052631578947,63.5,1.49377593360996e-05,0,0,0.207214784311749,35.8596377533981,0.957317073170732,0.00609756097560976,0.0365853658536585,-0.00929916317991632,0.00591721155804642,0.0426696193606091,9.62671208266149,0.807978313495129,9.49098954087196,0.617799565060265,1.09076572002253e-06,0.962962962962963,0.962962962962963,0.849326599326599,0.849326599326599,"priority",1
101943,222,113,240,240,0.00162124319876196,949,36,234,11.4017542509914,16,43,3.42359073796831e-05,113,81419,0.00162124319876196,11.1803398874989,14,33.5,10.295630140987,19,18,11,0.000368421052631579,113.5,2.0746887966805e-05,0,0,0.0591467668206936,8.35234350230087,0.978007761966365,0.00388098318240621,0.018111254851229,0.117384937238494,0.0425955643828408,0.0388938499622887,5.51200096200541,1.86537661997158,5.69504742162577,2.23864228256384,6.69852592571263e-06,0.709044246815986,0.45581415866742,0.584317815839555,0.375632881611142,"priority",1
102122,174,198,216,240,0.00355367762892767,2120,58,210,27.5136329843952,27,225.5,6.5381190096504e-05,127,82127,0.00216737491933225,27.5136329843952,23,166,20.6155281280883,51,25,25,0.00221052631578947,360.5,4.10788381742739e-05,0,0,0.0916567870437446,13.8847253703328,0.413533834586466,0.120300751879699,0.466165413533835,0.683169456066946,0.115119803281988,0.0862574398664783,12.0518087479482,3.7184654517018,12.7924366523384,4.09694557159012,9.02645839694591e-06,0.690991045991046,0.195563503582372,0.491183631183631,0.13901423524065,"priority",1
102095,150,20,10,192,0.000404783383063863,172,8,9,3.60555127546399,5,5.445,3.02560284674232e-06,0,81835,1.22197103928637e-05,0,1,2.7225,2.82842712474619,1,0,1,0,11,4.9792531120332e-06,0,0,0.299346560879629,120.160787329658,1,0,0,0,0,0.0118344231160928,NA,NA,NA,NA,9.33054307439222e-09,NA,NA,NA,NA,"priority",1
102188,138,28,34,180,0.000382806518648146,97,5,28,2.23606797749979,4,5.445,1.28280592991376e-06,0,81843,0,0,0,0,0,0,0,0,0,3.5,2.9045643153527e-06,0,0,0.0707241975741796,39.0208706265695,1,0,0,-0.0113912133891213,0,0,NA,NA,NA,NA,-4.20618287852228e-08,NA,NA,NA,NA,"priority",1
102186,90,84,240,240,0.00149903111403605,688,28,234,13.8924439894498,10,67.5,2.03496766110794e-05,84,82053,0.00149903111403605,13.8924439894498,10,67.5,11.1803398874989,39,16,12,0.000368421052631579,96,1.20331950207469e-05,0,0,0.162029679557402,20.0148479210953,0.873303167420814,0.0407239819004525,0.085972850678733,0.271035564853557,0.058127380708995,0.0467796648012508,6.48035580857123,1.08961474141531,6.61479479187786,2.24961978686072,6.23015672890501e-06,0.678823137646667,0.230799866799867,0.487161531279178,0.165634920634921,"priority",1
102281,138,42,36,228,0.000707584574656272,396,16,30,8.24621125123532,9,12.5,9.87675422433194e-06,0,81988,0,0,0,0,0,0,0,0,0.000263157894736842,32.5,8.71369294605809e-06,0,0,0.14942262646132,32.1015677464075,0.975135135135135,0.00648648648648649,0.0183783783783784,-0.0227824267782427,-0.00418410041841004,-0.00418410041841004,NA,NA,NA,NA,-1.25824992534384e-07,NA,NA,NA,NA,"priority",1
102139,162,38,189,240,0.000517408057949702,247,8,184,5,5,5.445,6.39602077815669e-06,30,82108,0.000462805085984313,5,5,2,5.09901951359278,8,5,4,5.26315789473684e-05,14.5,4.5643153526971e-06,0,0,1.59653815606849,263.465816550497,0.987460815047022,0.00313479623824451,0.00940438871473354,-0.00302301255230125,0.0209205020920502,0.0213348096803045,3.6241214591785,0.392842036314626,3.91910107006136,0.742164741351185,1.85153554432496e-06,1,1,0.814163614163614,0.814163614163614,"priority",1
102329,150,1,1,1,1.02094989177931e-05,1,1,1,0,1,2.7225,3.85861732590438e-11,0,81994,0,0,0,0,0,0,0,0,0,0,4.149377593361e-07,0,0,NA,NA,1,0,0,-0.0113912133891213,0,0,NA,NA,NA,NA,-4.2717568693695e-08,NA,NA,NA,NA,"priority",1
102171,150,27,12,24,0.000463354454573888,63,10,10,1,2,5.445,1.49287255993366e-07,0,81827,0,0,0,0,0,0,0,0,0,0,8.29875518672199e-07,0,0,NA,NA,1,0,0,-0.0227824267782427,-0.00418410041841004,-0.00418410041841004,NA,NA,NA,NA,-2.08679149463853e-07,NA,NA,NA,NA,"priority",1
102262,126,39,84,216,0.000790158274780579,333,22,82,5.09901951359278,6,5.445,4.17896492949996e-06,0,81767,0,0,0,0,0,0,0,0,0,13.5,5.80912863070539e-06,0,0,0.211982259545267,71.9025073839488,1,0,0,-0.0113912133891213,0,0,NA,NA,NA,NA,-4.20965301219407e-08,NA,NA,NA,NA,"priority",1
102048,138,40,84,240,0.000755517102713769,362,16,69,4.47213595499958,7,5.445,3.88920693188513e-06,12,81724,0.000269198766580197,0,1,2.7225,8.24621125123532,10,2,2,0.000315789473684211,20,7.46887966804979e-06,0,0,0.294379306752037,135.90667879379,0.923076923076923,0.0248868778280543,0.0520361990950226,0,0,0.0345029759465913,8.24621125123532,0,8.24621125123532,0,1.08448645335753e-06,NA,NA,NA,NA,"priority",1
102187,66,51,48,240,0.000916500678210502,1016,21,190,17.1172427686237,9,25,1.98760304013954e-05,11,82197,0.000206820200250617,2,4,1,7.28010988928052,6,3,2,0.000263157894736842,161.5,1.74273858921162e-05,0,0,0.24664276385938,52.4824250280518,0.948412698412698,0.0119047619047619,0.0396825396825397,-0.00720711297071129,0.00836820083682009,0.0304607108338097,6.33263734820751,1.33992851756155,5.93082755258983,0.487777420717725,7.38329474025391e-07,0.394097222222222,0.394097222222222,0.289186507936508,0.289186507936508,"priority",1
102253,66,26,236,240,0.000388448512363588,228,11,164,3.60555127546399,6,5.445,8.62361472210524e-06,25,82379,0.000388448512363588,2.23606797749979,4,1,2,7,4,3,0,11.5,5.80912863070539e-06,0,0,0.135518599252703,22.2468515848416,1,0,0,-0.0072071129707113,0.00935593296025017,0.00836820083682008,1,1,1,0.816496580927726,1.58332467670349e-06,0.759881422924901,0.759881422924901,0.634246188594015,0.634246188594015,"priority",1
102406,234,48,60,240,0.000860626924289074,581,18,54,23.0217288664427,10,52.5,1.18200459229247e-05,39,82498,0.000860626924289074,23.0217288664427,9,47,19.4164878389476,32,8,13,0.000210526315789474,128,1.41078838174274e-05,0,0,0.0482421895997302,14.035742441816,0.933333333333333,0.032,0.0346666666666667,0.185261506276151,0.0963252253826053,0.0812405348909941,9.18889674810913,7.93375854174039,9.04042508176768,8.23030736040856,3.55920698210965e-06,0.696303093042223,0.251442783598581,0.358509847640282,0.129461889425658,"priority",1
102115,222,52,46,120,0.000800009142961634,414,18,42,7.07106781186548,8,11,2.9739968897623e-06,0,81907,0,0,0,0,0,0,0,0,0,22.5,8.71369294605809e-06,0,0,0.116389675405999,83.1976966265076,1,0,0,-0.0113912133891213,0,0,NA,NA,NA,NA,-1.26878070343571e-07,NA,NA,NA,NA,"priority",1
102301,234,131,228,240,0.00228894245988263,2109,40,222,27.459060435492,26,275,5.69732652739465e-05,98,82388,0.00169927659367869,27.459060435492,26,269.5,29.1547594742265,42,29,24,0.00163157894736842,390.5,5.10373443983402e-05,0,0,0.122051783656395,25.7557988056246,0.451162790697674,0.186046511627907,0.362790697674419,1.11622384937238,0.114891466257289,0.121986441314755,20.9350793280833,6.77379504652851,20.9574013553841,6.56786691957501,6.98337033339546e-06,0.704417224770843,0.168219038751246,0.533315800153794,0.127358997051652,"priority",1
102035,162,26,44,240,0.000422234648347008,115,9,20,3.16227766016838,7,5.445,9.27052971978729e-07,1,82024,3.65746610748074e-05,0,1,2.7225,4.47213595499958,2,1,1,0,8.5,4.9792531120332e-06,0,0,0.0721674550968813,94.4665918790562,1,0,0,0,0,0.0187118659205003,NA,NA,NA,NA,1.10263835530475e-07,NA,NA,NA,NA,"priority",1
102186,102,45,93,228,0.000755047860291789,320,22,90,6.32455532033676,6,9.5,5.37534977789318e-06,0,81630,0,0,0,0,0,0,0,0,0.000210526315789474,29.5,6.63900414937759e-06,0,0,0.361975315937278,108.917302967918,0.935275080906149,0.0161812297734628,0.0485436893203883,-0.0113912133891213,0,0,NA,NA,NA,NA,-4.24493026916723e-08,NA,NA,NA,NA,"priority",1
102075,114,100,240,240,0.00193241441727921,1502,31,78,15.52417469626,17,85.5,3.69847463103754e-05,100,81763,0.00193241441727921,14.3178210632764,17,85.5,17.2626765016321,58,23,20,0.00126315789473684,184,2.9045643153527e-05,0,0,0.0930130194191751,16.945864406712,0.753048780487805,0.0792682926829268,0.167682926829268,0.346349372384937,0.0599072011015747,0.0722287719733559,13.0294443976063,3.00588522554407,13.2946426883529,2.94500303401276,8.04294512503676e-06,0.792240537240537,0.347473919842341,0.542614496614497,0.237988814304604,"priority",1
102082,18,61,36,240,0.00104770722674334,315,22,18,10.295630140987,11,14,2.56200086623187e-06,7,82268,0.000109398551076968,2.82842712474619,2,5.445,4.24264068711928,2,2,2,0.000157894736842105,26,7.05394190871369e-06,0,0,0.0319165396595708,21.4655998436356,0.962365591397849,0.00537634408602151,0.032258064516129,0.0113912133891213,0.0118344231160928,0.0177516346741393,4.24264068711928,0,2.82842712474619,2,4.15212745487156e-07,NA,NA,NA,NA,"priority",1
102179,102,1,1,7,1.03364514962014e-05,1,1,1,0,1,2.7225,1.00207945609642e-11,0,81771,0,0,0,0,0,0,0,0,0,0,4.149377593361e-07,0,0,NA,NA,1,0,0,-0.0113912133891213,0,0,NA,NA,NA,NA,-4.18021282048699e-08,NA,NA,NA,NA,"priority",1
102133,78,1,1,8,1.03505739393249e-05,2,1,1,0,1,2.7225,1.33790718589419e-09,0,82074,0,0,0,0,0,0,0,0,0,0,4.149377593361e-07,0,0,NA,NA,1,0,0,-0.0113912133891213,0,0,NA,NA,NA,NA,-4.19038599740615e-08,NA,NA,NA,NA,"priority",1
102180,162,68,24,216,0.0011252033315803,523,21,18,10.4403065089106,11,22,8.84742697221356e-06,0,81862,0,0,0,0,0,0,0,0,0,50.5,1.2448132780083e-05,0,0,0.072784251583355,24.9891859161661,1,0,0,-0.0113912133891213,0,0,NA,NA,NA,NA,-1.69668109665661e-07,NA,NA,NA,NA,"priority",1
102390,102,11,12,48,0.000223084263883897,30,4,19,1,2,5.445,2.55755967601221e-07,0,81866,0,0,0,0,0,0,0,0,0,0,8.29875518672199e-07,0,0,NA,NA,1,0,0,-0.0113912133891213,0,0,NA,NA,NA,NA,-4.18401673807528e-08,NA,NA,NA,NA,"priority",1
102454,126,75,107,240,0.00123435666797028,740,26,103,14.3178210632764,10,51,1.2942705610543e-05,4,81841,6.10940726530712e-05,0,1,2.7225,1.4142135623731,1,1,1,0,107,1.6597510373444e-05,0,0,0.275257615378195,86.1945193846221,1,0,0,9.2519888733571e-18,0,0.00591721155804642,NA,NA,NA,NA,2.12891332858355e-07,NA,NA,NA,NA,"priority",1
102339,162,96,60,96,0.00172062430595385,580,28,54,9.8488578017961,16,28.5,5.13929531830793e-06,0,81915,0,0,0,0,0,0,0,0,0,40.5,1.28630705394191e-05,0,0,0.066373019279063,40.5047081008677,1,0,0,-0.0113912133891213,0,0,NA,NA,NA,NA,-4.18765992934998e-08,NA,NA,NA,NA,"priority",1
102286,30,224,240,240,0.00408651207045879,3917,66,186,34.9857113690718,41,478.5,0.000128370835848613,224,81977,0.00408651207045879,34.9857113690718,41,478.5,31.6227766016838,111,44,39,0.00221052631578947,569.5,7.88381742738589e-05,0,0,0.10055758247745,14.5957323800795,0.633879781420765,0.0737704918032787,0.292349726775956,1.99070083682008,0.146383729577706,0.132312872810392,19.3380329261399,8.86088212810961,18.6148670136853,9.11989385235504,1.7013581492247e-05,0.710265150849744,0.185761654837625,0.509001452017296,0.133123456681447,"priority",1
102031,102,39,84,240,0.000695843252151621,583,18,234,9.05538513813742,8,13.5,1.32039191248369e-05,34,81891,0.000488454164682322,8.48528137423857,7,13.5,18.0277563773199,6,7,4,0.000263157894736842,76.5,1.45228215767635e-05,0,0,0.0743998399138996,17.6910724387,0.906103286384977,0.0234741784037559,0.0704225352112676,0.0450941422594142,0.0355032693482785,0.0754299430013387,10.3589603106143,0.50588705342636,12.4711363334656,2.92390463435463,2.00162652476194e-06,0.636111111111111,0.520454545454546,0.559343434343434,0.457644628099174,"priority",1
102228,114,101,204,240,0.00191281463973294,1304,36,114,15.0332963783729,18,44.5,3.5011133196254e-05,40,81912,0.00072028518410001,11.7046999107196,11,29.5,12.6491106406735,19,10,9,0.001,109.5,2.65560165975104e-05,0,0,0.0613035566765193,11.292421738889,0.706349206349206,0.0753968253968254,0.218253968253968,0.112039748953975,0.048973639793806,0.052925149124157,11.6527482878191,0.70009964170859,11.1806114260143,0.996621036011228,2.97192377399574e-06,0.586273455574926,0.305881802908657,0.430440229704936,0.224577511150401,"priority",1
102170,126,5,179,180,8.53387950162144e-05,15,3,178,1,2,5.445,1.07931560212708e-09,0,82016,0,0,0,0,0,0,0,0,0,0,8.29875518672199e-07,0,0,NA,NA,1,0,0,-0.0113912133891213,0,0,NA,NA,NA,NA,-4.20533737213935e-08,NA,NA,NA,NA,"priority",1
102292,174,28,47,59,0.000502122609211667,130,9,45,3.16227766016838,6,5.445,1.15406501448971e-06,0,82139,0,0,0,0,0,0,0,0,0,4,3.3195020746888e-06,0,0,0.0247443332527412,17.343795851025,1,0,0,-0.0113912133891213,0,0,NA,NA,NA,NA,-4.28360864728651e-08,NA,NA,NA,NA,"priority",1
102242,198,133,155,240,0.00212032219148703,1941,38,90,23.7697286480094,20,159.5,5.99704128460361e-05,33,82041,0.000694774563937543,14.422205101856,11,50,8.24621125123532,24,9,10,0.000736842105263158,242,4.10788381742739e-05,0,0,0.170828044123217,28.3904218358801,0.746987951807229,0.0903614457831325,0.162650602409639,0.197813807531381,0.0603439544010709,0.0345029759465913,4.78419501845745,2.08472700727268,4.80118049170912,2.01674220508863,2.86488161748513e-06,0.582799145299145,0.499542124542125,0.345299145299145,0.295970695970696,"priority",1
102350,162,0,1,-Inf,0,1,1,1,0,0,0,4.18301042664906e-11,0,82170,0,0,0,0,0,0,0,0,0,0,4.149377593361e-07,0,0,NA,NA,1,0,0,0,0,0,NA,NA,NA,NA,0,NA,NA,NA,NA,"priority",1
102155,186,42,239,240,0.000649580052194327,210,16,234,4.12310562561766,7,5.445,7.4233111205045e-06,38,82013,0.000560886688695695,4.12310562561766,6,4.5,3.16227766016838,8,6,4,0.000421052631578947,8.5,4.9792531120332e-06,0,0,0.0809837882699634,10.8197455283654,0.882352941176471,0.0235294117647059,0.0941176470588235,0.00743723849372385,0.0172514879732957,0.0132312872810392,2.29056941504209,1.00219210059663,2.13542653334021,0.853196474938764,2.26206667079958e-06,0.946296296296296,0.811111111111111,0.815740740740741,0.699206349206349,"priority",1
102296,150,11,46,60,0.000231837372184396,75,5,33,4.12310562561766,5,5.445,2.32819413788566e-07,0,81988,0,0,0,0,0,0,0,0,0,4.5,2.9045643153527e-06,0,0,0.310749791554033,944.542919797884,1,0,0,-0.0113912133891213,0,0,NA,NA,NA,NA,-8.46247278362972e-08,NA,NA,NA,NA,"priority",1
102473,78,41,22,240,0.000687576636145904,251,12,18,3.60555127546399,7,5.445,2.80448077448045e-06,9,81852,0.000195474759321703,2.23606797749979,3,0.5,3.60555127546399,7,3,2,0,8.5,5.39419087136929e-06,0,0,0.36920265778278,173.136617036686,1,0,0,-0.00929916317991632,0.00935593296025017,0.0150859886002677,2.12132034355964,1,2.61606398752776,1.1109967685554,7.33553812561511e-07,0.434259259259259,0.434259259259259,0.234259259259259,0.234259259259259,"priority",1
102197,222,46,35,84,0.000665686032403878,159,11,30,3.60555127546399,8,5.445,1.50639623861096e-06,0,82099,0,0,0,0,0,0,0,0,0,6,3.7344398340249e-06,0,0,0.0372739351505651,22.4981998734184,1,0,0,-0.0113912133891213,0,0,NA,NA,NA,NA,-4.27537977664135e-08,NA,NA,NA,NA,"priority",1
102006,222,1,1,1,1.01364364344071e-05,1,1,1,0,1,2.7225,1.31490429078191e-09,0,82049,0,0,0,0,0,0,0,0,0,0,4.149377593361e-07,0,0,NA,NA,1,0,0,-0.0113912133891213,0,0,NA,NA,NA,NA,-4.24118679263896e-08,NA,NA,NA,NA,"priority",1
102205,174,69,58,204,0.0012683390855763,752,29,54,9.21954445729289,13,32,8.37370883830993e-06,0,82010,0,0,0,0,0,0,0,0,0,76,1.82572614107884e-05,0,0,0.225557509063803,120.019348145602,1,0,0,-0.0113912133891213,0,0,NA,NA,NA,NA,-4.23222076854846e-08,NA,NA,NA,NA,"priority",1
102210,234,1,1,8,2.04381948986266e-05,2,2,1,1,2,5.445,2.11692204000858e-10,0,82353,0,0,0,0,0,0,0,0,0,0,4.149377593361e-07,0,0,NA,NA,1,0,0,-0.0227824267782427,-0.00418410041841004,-0.00418410041841004,NA,NA,NA,NA,-8.48383551488801e-08,NA,NA,NA,NA,"priority",1
102246,90,97,240,240,0.0019884596147512,1743,27,240,26.4764045897475,18,90.5,4.7684298800675e-05,97,81973,0.0019884596147512,22.0907220343745,18,70.5,26.1725046566048,66,22,20,0.000473684210526316,213,3.44398340248963e-05,0,0,0.206544607474755,34.9664979888623,0.849514563106796,0.0679611650485437,0.0825242718446602,0.283587866108787,0.0924297993070064,0.109508387684539,22.558308882433,5.03907890128885,22.4054322848052,4.71029920636036,8.19320185989405e-06,0.70977677224736,0.305938263899724,0.444493388963977,0.191591978001714,"priority",1
102045,114,26,23,168,0.000446208940196561,76,12,19,10,3,5.445,3.26788101394345e-07,0,81898,0,0,0,0,0,0,0,0,0,4,1.2448132780083e-06,0,0,NA,NA,1,0,0,-0.0113912133891213,0,0,NA,NA,NA,NA,-4.25010454194647e-08,NA,NA,NA,NA,"priority",1
102352,222,46,71,240,0.000707714083510262,401,15,66,7.81024967590665,9,10,3.9870129099477e-06,23,82168,0.000498977704215753,6,6,9,7.61577310586391,18,6,5,5.26315789473684e-05,25.5,9.95850622406639e-06,0,0,0.0932580072162144,56.8501573058884,0.985250737463127,0.00884955752212389,0.00589970501474926,0.026265690376569,0.0251046025104603,0.0318651594387611,4.86293636465557,2.16559746759136,4.65337218312364,2.00383452171015,2.04549380620922e-06,0.505243764172336,0.442088293650794,0.287798709227281,0.251823870573871,"priority",1
102193,78,42,33,84,0.000731885825811174,216,14,35,9.48683298050514,11,21,1.59203507554567e-06,0,81893,0,0,0,0,0,0,0,0,0,22.5,4.9792531120332e-06,0,0,0.0620067882666161,47.2697570622507,1,0,0,-0.0113912133891213,-1.85808727562759e-18,0,NA,NA,NA,NA,-1.25777082258463e-07,NA,NA,NA,NA,"priority",1
102227,54,112,237,240,0.00192795782897306,1335,34,234,30.4138126514911,20,110.5,3.65203551355033e-05,105,81952,0.00192795782897306,30.4138126514911,17,90,23.0217288664427,53,25,20,0.000894736842105263,204,3.07053941908714e-05,0,0,0.0922099063827101,18.5882342820545,0.76969696969697,0.0696969696969697,0.160606060606061,0.365177824267782,0.127254446240549,0.0963252253826053,15.6738958607101,6.65534913850396,14.5524485313771,6.74739469332578,8.02469083294067e-06,0.777651447341297,0.340222508211817,0.552000876108019,0.241500383297258,"priority",1
102209,198,1,1,3,1.01933681946526e-05,1,1,1,0,1,2.7225,2.41995848871739e-12,0,82040,0,0,0,0,0,0,0,0,0,0,4.149377593361e-07,0,0,NA,NA,1,0,0,-0.0113912133891213,0,0,NA,NA,NA,NA,-4.19412437566789e-08,NA,NA,NA,NA,"priority",1
102224,222,1,1,1,1.00371374084111e-05,1,1,1,0,1,2.7225,1.15023454720387e-07,0,82239,0,0,0,0,0,0,0,0,0,0,4.149377593361e-07,0,0,NA,NA,1,0,0,-0.0113912133891213,0,0,NA,NA,NA,NA,-4.19963908301721e-08,NA,NA,NA,NA,"priority",1
102317,222,3,58,60,4.87454148844124e-05,6,1,1,0,1,2.7225,1.6166951048139e-07,0,82386,0,0,0,0,0,0,0,0,0,0,8.29875518672199e-07,0,0,NA,NA,1,0,0,-0.0113912133891213,0,0,NA,NA,NA,NA,-4.24889608368626e-08,NA,NA,NA,NA,"priority",1
102278,54,1,1,17,2.73938829459382e-05,2,1,1,1.4142135623731,2,5.445,5.48267847824679e-10,0,82288,0,0,0,0,0,0,0,0,0,0,4.149377593361e-07,0,0,NA,NA,1,0,0,-0.0113912133891213,0,0,NA,NA,NA,NA,-4.26283498049988e-08,NA,NA,NA,NA,"priority",1
102286,78,40,23,28,0.000618315890718391,94,14,18,2.23606797749979,5,2.7225,3.9290054840595e-07,0,82187,0,0,0,0,0,0,0,0,0,2,2.0746887966805e-06,0,0,NA,NA,1,0,0,-0.0113912133891213,0,0,NA,NA,NA,NA,-8.45665747399809e-08,NA,NA,NA,NA,"priority",1
102178,30,33,47,240,0.000622482607103625,446,22,96,6.08276253029822,6,8,4.5804898407184e-06,5,82029,0.000121908105669946,1.4142135623731,3,0.5,3,5,2,3,0.000263157894736842,24.5,8.29875518672199e-06,0,0,0.174463835980695,77.1083442569495,0.91304347826087,0.020066889632107,0.0668896321070234,-0.0206903765690377,0.00173311113963638,0.00836820083682008,2.4120226591666,0.522704541304503,2.11803398874989,0.166925267711095,3.83828081738975e-07,0.616666666666667,0.616666666666667,0.233333333333333,0.233333333333333,"priority",1
102078,66,57,203,240,0.00107222926211132,477,19,198,7.61577310586391,11,14,1.473926204537e-05,9,81950,0.000158633312995729,1.4142135623731,3,0.5,8.60232526704263,4,3,2,0.000157894736842105,46,1.20331950207469e-05,0,0,0.263725450198794,52.5449393274915,0.93125,0.0166666666666667,0.0520833333333333,-0.00929916317991632,0.00591721155804642,0.0359929927491323,7.63668014961326,0.601857611902905,7.95856185542305,0.701384195792712,6.21267726622333e-07,0.696969696969697,0.696969696969697,0.487445887445887,0.487445887445887,"priority",1
102050,30,144,108,240,0.0025132371959105,2614,52,102,31.2409987036266,35,332.5,6.56629205014245e-05,129,81560,0.00247670426679745,27.459060435492,35,260.5,17.0293863659264,73,32,35,0.00136842105263158,515.5,5.80912863070539e-05,0,0,0.111840983128194,21.9815265286786,0.772209567198178,0.0774487471526196,0.150341685649203,1.07856694560669,0.114891466257289,0.0712526626189389,9.69038954011486,3.51623239891933,9.5715040297952,3.74752365308619,1.03209387732069e-05,0.582212377083701,0.206092876843788,0.406216536731243,0.143793464329643,"priority",1
102274,78,22,155,168,0.000341751819828441,76,7,151,1,2,5.445,1.76115380008159e-06,0,81992,0,0,0,0,0,0,0,0,0,1.5,1.6597510373444e-06,0,0,NA,NA,1,0,0,-0.0113912133891213,0,0,NA,NA,NA,NA,-4.17304185748771e-08,NA,NA,NA,NA,"priority",1
102081,234,35,45,201,0.000581627416319781,438,11,68,13.3416640641263,11,20,6.18284308561348e-06,0,82176,0,0,0,0,0,0,0,0,0,68,1.03734439834025e-05,0,0,0.309778480116512,126.832300564343,1,0,0,-0.0113912133891213,-1.88647116121669e-18,1.89656135352588e-18,NA,NA,NA,NA,-4.26079472343181e-08,NA,NA,NA,NA,"priority",1
102126,210,9,36,43,0.000195026816187226,33,4,9,1.4142135623731,2,5.445,2.04091969249403e-07,0,82019,0,0,0,0,0,0,0,0,0,0.5,1.2448132780083e-06,0,0,NA,NA,1,0,0,-0.0113912133891213,0,0,NA,NA,NA,NA,-8.53236351076725e-08,NA,NA,NA,NA,"priority",1
102231,90,1,1,1,1.00359286244756e-05,1,1,1,0,1,2.7225,1.34889263894727e-09,0,81536,0,0,0,0,0,0,0,0,0,0,4.149377593361e-07,0,0,NA,NA,1,0,0,-0.0113912133891213,0,0,NA,NA,NA,NA,-4.19913331568018e-08,NA,NA,NA,NA,"priority",1
102142,90,50,48,228,0.000981163934239199,570,23,42,7.61577310586391,9,12.5,1.35893557640158e-05,0,81863,0,0,0,0,0,0,0,0,0.000210526315789474,33.5,9.95850622406639e-06,0,0,0.148938728767429,26.6089135468615,0.935103244837758,0.0147492625368732,0.0501474926253687,-0.0113912133891213,-9.46631245401635e-19,0,NA,NA,NA,NA,-4.22043839297354e-08,NA,NA,NA,NA,"priority",1
102239,150,1,1,1,1.02604091851183e-05,1,1,1,0,1,2.7225,1.77554726195036e-09,0,82181,0,0,0,0,0,0,0,0,0,0,4.149377593361e-07,0,0,NA,NA,1,0,0,-0.0113912133891213,0,-0.00591721155804642,NA,NA,NA,NA,-4.29305823645117e-08,NA,NA,NA,NA,"priority",1
102147,42,32,203,240,0.000721783171441854,275,12,204,9.21954445729289,8,17.5,1.29599445331873e-05,20,81976,0.000414755538206304,6.08276253029822,5,1.5,7.21110255092798,14,3,6,0,45,6.63900414937759e-06,0,0,0.0830689785139239,10.3849276252438,1,0,0,-0.00511506276150627,0.0254508892481097,0.0301719772005355,5.30608048924241,1.79293385544958,5.2687494916219,1.96479469456759,1.69310535924962e-06,0.461336049571344,0.39543089963258,0.279551820728291,0.239615846338535,"priority",1
102346,198,62,238,240,0.00102313004713706,501,18,234,9.48683298050514,9,19,1.4327543847477e-05,62,82101,0.00102313004713706,4.12310562561766,9,5.5,6.08276253029822,22,12,8,0.000315789473684211,49.5,1.12033195020747e-05,0,0,0.112256021445154,18.9289910684953,0.915824915824916,0.0336700336700337,0.0505050505050505,0.0116213389121339,0.0172514879732957,0.0254508892481097,4.25292516210685,1.37845775748259,4.80950243730185,0.925607204490438,4.11421151108907e-06,0.699161486661487,0.699161486661487,0.567847707847708,0.567847707847708,"priority",1
102137,234,69,119,240,0.00131574138372136,917,21,126,19.7989898732233,16,42,2.52479157878448e-05,39,82248,0.000644392568816263,7.61577310586391,5,11.5,6.08276253029822,14,6,8,0.000157894736842105,113.5,1.90871369294606e-05,0,0,0.128703042625949,23.5748810530702,0.980169971671388,0.0113314447592068,0.0084985835694051,0.0253347280334728,0.0276810590203511,0.0212667888296997,3.3227416156994,2.28895188872845,3.04385040296619,2.34136064484629,2.61140097076608e-06,0.505820105820106,0.379365079365079,0.353835978835979,0.265376984126984,"priority",1
102273,126,1,1,10,2.16933856867041e-05,2,1,1,1,2,5.445,4.99387511768222e-11,0,81666,0,0,0,0,0,0,0,0,0,0,4.149377593361e-07,0,0,NA,NA,1,0,0,-0.0113912133891213,0,0,NA,NA,NA,NA,-4.1664762239826e-08,NA,NA,NA,NA,"priority",1
102285,30,22,163,216,0.000525261409166422,229,14,177,6.70820393249937,5,7,6.22170326372765e-06,0,81759,0,0,0,0,0,0,0,0,0,14,5.80912863070539e-06,0,0,0.0598910202525594,13.6291952402418,1,0,0,-0.0113912133891213,0,0,NA,NA,NA,NA,-4.21656799194804e-08,NA,NA,NA,NA,"priority",1
102217,54,40,70,240,0.000851001750632173,672,14,56,8.94427190999916,9,22,1.08315767878603e-05,23,81914,0.000500524940791562,8.06225774829855,6,22,7.07106781186548,18,6,6,0.000105263157894737,56.5,1.57676348547718e-05,0,0,0.0921514736189078,29.2011830951526,0.981617647058823,0.0110294117647059,0.00735294117647059,0.0806589958158996,0.0337332960179856,0.0295860577902321,5.16272263338733,2.1944370605812,5.07474529255392,2.21277026797681,2.05155998794052e-06,0.58658781694496,0.342176226551227,0.361688311688312,0.210984848484848,"priority",1
102055,54,4,240,240,8.52255433128386e-05,10,3,239,0,1,2.7225,6.90032795139083e-08,4,82135,8.52255433128386e-05,0,1,2.7225,0,3,2,2,0,0,4.149377593361e-07,0,0,NA,NA,1,0,0,0,0,0,0,0,0,0,3.14752900823595e-07,NA,NA,NA,NA,"priority",1
102309,102,12,35,144,0.000216981670758865,37,6,31,1,2,5.445,1.73433449644693e-07,0,81966,0,0,0,0,0,0,0,0,0,0,8.29875518672199e-07,0,0,NA,NA,1,0,0,-0.0113912133891213,0,0,NA,NA,NA,NA,-4.1411156380867e-08,NA,NA,NA,NA,"priority",1
102054,66,1,1,6,1.03482175195323e-05,1,1,1,0,1,2.7225,8.90065962686252e-18,0,81699,0,0,0,0,0,0,0,0,0,0,4.149377593361e-07,0,0,NA,NA,1,0,0,-0.0113912133891213,0,0,NA,NA,NA,NA,-4.18879186529918e-08,NA,NA,NA,NA,"priority",1
102028,222,12,36,240,0.00026872526506083,101,7,35,3.16227766016838,4,5.445,1.82834279464598e-06,8,81942,0.000109833784872227,0,1,2.7225,1,1,1,1,0,2.5,2.0746887966805e-06,0,0,NA,NA,1,0,0,0,0,0.00418410041841004,NA,NA,NA,NA,3.75524849317164e-07,NA,NA,NA,NA,"priority",1
102272,138,11,19,156,0.000305190683138825,66,9,24,1.4142135623731,3,5.445,1.91766062734936e-07,0,82138,0,0,0,0,0,0,0,0,0,3.5,2.4896265560166e-06,0,0,0.279509015877989,885.596374620512,1,0,0,-0.0113912133891213,0,0,NA,NA,NA,NA,-4.19799578445659e-08,NA,NA,NA,NA,"priority",1
102237,90,148,228,240,0.00266712133575282,1620,49,222,25.0599281722833,30,204.5,5.80457080587904e-05,107,82012,0.0017314539335707,25.0599281722833,23,204.5,29.0688837074973,35,27,20,0.00205263157894737,462,3.52697095435685e-05,0,0,0.0827340458463205,12.0779199996819,0.398467432950192,0.183908045977011,0.417624521072797,0.844257322175732,0.104853255950976,0.121627128483252,20.4932359518674,3.93061937279337,20.5650490915706,3.79334644352091,7.07647852025903e-06,0.791854027198855,0.199684928597972,0.609299034299034,0.1536493216928,"priority",1
102091,66,1,1,9,1.04749334841724e-05,1,1,1,0,1,2.7225,1.60259257708115e-08,0,82049,0,0,0,0,0,0,0,0,0,0,4.149377593361e-07,0,0,NA,NA,1,0,0,-0.0113912133891213,0,0,NA,NA,NA,NA,-4.242175805183e-08,NA,NA,NA,NA,"priority",1
102177,66,35,46,84,0.000546056862721305,248,16,42,7.61577310586391,9,11,1.22697735682746e-06,0,82156,0,0,0,0,0,0,0,0,0,21,6.22406639004149e-06,0,0,0.179478929633649,221.749119511089,1,0,0,-0.0113912133891213,0,0,NA,NA,NA,NA,-4.24553328504464e-08,NA,NA,NA,NA,"priority",1
102059,162,31,24,36,0.000649533683836416,78,10,23,6.40312423743285,6,5.445,3.27653187833262e-07,0,81647,0,0,0,0,0,0,0,0,0,5,2.4896265560166e-06,0,0,0.23866537190294,441.971359115142,1,0,0,-0.0113912133891213,0,0,NA,NA,NA,NA,-2.10140144563811e-07,NA,NA,NA,NA,"priority",1
102145,42,19,70,95,0.000365528249241529,109,10,58,3,5,5.445,5.47446341815408e-07,0,82136,0,0,0,0,0,0,0,0,0,3,2.4896265560166e-06,0,0,0.262460576239419,290.758047515899,1,0,0,-0.0113912133891213,0,0,NA,NA,NA,NA,-8.44701145368294e-08,NA,NA,NA,NA,"priority",1
102131,186,72,82,192,0.00134676836808404,1009,28,78,11.4017542509914,14,28.5,2.03739379561316e-05,0,82106,2.4358755754756e-05,5.3851648071345,2,5.445,8.06225774829855,2,0,2,0,79,1.74273858921162e-05,0,0,0.166614282933327,34.7426380288875,1,0,0,0.0113912133891213,0.0225320703227385,0.0337332960179856,6.58063863094567,2.0953258500317,NA,NA,5.97074320586396e-08,NA,NA,NA,NA,"priority",1
102330,186,56,239,240,0.00119520940556626,704,22,237,7.61577310586391,12,14,9.14315829011529e-06,56,82202,0.00113135933432277,7.21110255092798,7,8,19.1049731745428,37,10,9,0.000368421052631579,96,1.61825726141079e-05,0,0,0.290402759965568,124.388192521901,0.84,0.0514285714285714,0.108571428571429,0.022081589958159,0.0301719772005355,0.0799371262533172,16.6262750733589,1.77139756495588,15.8193596416293,1.95728284698502,4.69150390504056e-06,0.85496137849079,0.85496137849079,0.542167636285283,0.542167636285283,"priority",1
102045,138,75,120,240,0.00136981275148906,821,25,106,14.2126704035519,14,43.5,1.80011324275816e-05,3,82122,4.8708019775456e-05,0,1,2.7225,13.0384048104053,1,1,1,0.000105263157894737,99.5,2.03319502074689e-05,0,0,0.0812517600405381,22.3698693404441,0.86,0.02,0.12,-1.80718077492546e-18,-3.80920039214487e-18,0.0545539950226163,NA,NA,NA,NA,7.67027791109829e-08,NA,NA,NA,NA,"priority",1
102293,222,12,59,71,0.00019841761948461,57,4,7,3,2,5.445,3.76620494610389e-07,0,82340,0,0,0,0,0,0,0,0,0,3,1.6597510373444e-06,0,0,NA,NA,1,0,0,-0.0113912133891213,0,0,NA,NA,NA,NA,-4.15011100924433e-08,NA,NA,NA,NA,"priority",1
102094,174,19,191,192,0.000364905793487648,136,7,187,2.23606797749979,5,5.445,1.46338008066393e-06,0,81945,0,0,0,0,0,0,0,0,0,5.5,3.3195020746888e-06,0,0,0.0345503693497854,19.0867792017328,1,0,0,-0.0113912133891213,0,0,NA,NA,NA,NA,-8.35700245353234e-08,NA,NA,NA,NA,"priority",1
102196,66,64,132,240,0.00124599936478464,1168,25,177,15,14,38,2.21557508231396e-05,11,81773,0.000158976679344038,1.4142135623731,2,5.445,6.32455532033676,2,1,2,0.000210526315789474,134.5,2.78008298755187e-05,0,0,0.0834198014145844,25.5346397512774,0.910828025477707,0.0509554140127389,0.0382165605095541,0.0113912133891213,0.00591721155804643,0.0264625745620785,5.71178741696477,0.866584679535591,NA,NA,5.81430411648231e-07,NA,NA,NA,NA,"priority",1
102131,174,74,36,240,0.00124216038482616,774,21,30,12.8062484748657,14,34,9.70620254675905e-06,3,82244,0.000109430475171441,0,1,2.7225,3.16227766016838,6,1,1,0,53,1.78423236514523e-05,0,0,0.105571128869209,47.3231997389341,1,0,0,0,0,0.0132312872810392,NA,NA,NA,NA,3.73557978198727e-07,NA,NA,NA,NA,"priority",1
102206,78,26,156,240,0.000462191517569359,229,8,42,3.60555127546399,7,5.445,4.71339532596828e-06,1,82170,1.2169891687964e-05,0,1,2.7225,3.16227766016838,0,1,0,5.26315789473684e-05,12,6.63900414937759e-06,0,0,0.13922663671445,47.8147637564473,0.976666666666667,0.00333333333333333,0.02,-0.0113912133891213,-0.00418410041841004,0.0090471868626292,NA,NA,NA,NA,-7.35610567939973e-08,NA,NA,NA,NA,"priority",1
102307,78,8,9,12,0.000115062881864939,14,3,8,1,2,5.445,2.58322759391024e-08,0,82049,0,0,0,0,0,0,0,0,0,0,8.29875518672199e-07,0,0,NA,NA,1,0,0,-0.0113912133891213,0,0,NA,NA,NA,NA,-8.48039648228066e-08,NA,NA,NA,NA,"priority",1
101978,42,1,1,9,1.05719420657575e-05,1,1,1,0,1,2.7225,1.87942292601869e-10,0,81813,0,0,0,0,0,0,0,0,0,0,4.149377593361e-07,0,0,NA,NA,1,0,0,-0.0113912133891213,0,0,NA,NA,NA,NA,-4.28115418375579e-08,NA,NA,NA,NA,"priority",1
102172,54,63,179,240,0.00102435276758167,676,28,222,14.560219778561,11,33,1.89195689060678e-05,35,82030,0.000743630379129587,14.560219778561,7,33,14.3178210632764,26,7,9,0.000894736842105263,94.5,1.45228215767635e-05,0,0,0.08356648517101,15.628044560542,0.874371859296482,0.0376884422110553,0.0879396984924623,0.12668410041841,0.0609214216676194,0.0599072011015747,10.4573400433815,4.16527839636525,10.3695909680327,4.3455165034371,3.06913405514358e-06,0.537073347857662,0.302103758169935,0.323264861500156,0.181836484593838,"priority",1
102173,222,1,1,9,3.03076223670253e-05,4,1,1,1,2,5.445,1.37965128585716e-10,0,82066,1.21853142592547e-05,0,1,2.7225,3,1,0,1,0,0,8.29875518672199e-07,0,0,NA,NA,1,0,0,0,0,0.0125523012552301,NA,NA,NA,NA,8.07512901455146e-09,NA,NA,NA,NA,"priority",1
102051,222,46,46,180,0.000719126322461118,279,15,42,4.12310562561766,7,5.445,2.24660555203669e-06,0,81757,0,0,0,0,0,0,0,0,0,10,5.39419087136929e-06,0,0,0.432203288700324,253.084986963164,1,0,0,-0.0113912133891213,0,0,NA,NA,NA,NA,-4.27372033381006e-08,NA,NA,NA,NA,"priority",1
102204,66,67,118,204,0.000970428588186365,645,17,114,12.0830459735946,13,37,8.10208070054473e-06,0,82200,0,0,0,0,0,0,0,0,0,54,1.57676348547718e-05,0,0,0.304592829611186,144.532450833221,1,0,0,-0.0113912133891213,1.87225264530469e-18,0,NA,NA,NA,NA,-8.38782835517116e-08,NA,NA,NA,NA,"priority",1
102257,150,10,24,24,0.000210000988239945,30,4,9,1.4142135623731,3,5.445,9.9988613713709e-08,0,82064,0,0,0,0,0,0,0,0,0,0.5,1.2448132780083e-06,0,0,NA,NA,1,0,0,-0.0113912133891213,0,0,NA,NA,NA,NA,-1.25784644613096e-07,NA,NA,NA,NA,"priority",1
102307,138,0,1,-Inf,0,1,1,1,0,0,0,3.22581389486624e-13,0,82025,0,0,0,0,0,0,0,0,0,0,4.149377593361e-07,0,0,NA,NA,1,0,0,0,0,0,NA,NA,NA,NA,0,NA,NA,NA,NA,"priority",1
102092,138,16,176,180,0.000255527298833092,138,8,173,2.82842712474619,4,5.445,2.02585045306498e-06,0,82279,0,0,0,0,0,0,0,0,0,7,4.149377593361e-06,0,0,0.340758056197063,170.263740264745,1,0,0,-0.0113912133891213,0,0,NA,NA,NA,NA,-1.26301026877869e-07,NA,NA,NA,NA,"priority",1
102219,90,22,33,228,0.000328599072620395,133,8,13,16.2788205960997,7,17,1.08810822681308e-06,0,82369,0,0,0,0,0,0,0,0,5.26315789473684e-05,6,4.149377593361e-06,0,0,0.0736631467653554,68.5452104731062,0.98961937716263,0,0.0103806228373702,-0.0113912133891213,0,-9.3098062826743e-19,NA,NA,NA,NA,-4.21431707181496e-08,NA,NA,NA,NA,"priority",1
102110,174,79,117,180,0.00144830523945719,1259,25,90,17.0880074906351,16,75.5,2.11838553736565e-05,0,81761,0,0,0,0,0,0,0,0,0,137.5,2.94605809128631e-05,0,0,0.0521256649020264,17.660034204682,1,0,0,-0.0113912133891213,0,0,NA,NA,NA,NA,-4.19488126325661e-08,NA,NA,NA,NA,"priority",1
102123,30,7,183,197,0.000130876875062922,37,3,174,1,2,5.445,1.45461384299804e-06,0,82185,0,0,0,0,0,0,0,0,0,0.5,1.2448132780083e-06,0,0,NA,NA,1,0,0,-0.0113912133891213,0,0,NA,NA,NA,NA,-4.29495315945559e-08,NA,NA,NA,NA,"priority",1
102040,174,253,240,240,0.00458625834699019,5254,81,234,47.0106370941726,47,638,0.000158456370680351,253,81766,0.00458625834699019,47.0106370941726,44,638,25.0798724079689,122,53,46,0.00242105263157895,857,0.000104979253112033,0,0,0.146955970232116,23.19492811156,0.593314763231198,0.139275766016713,0.267409470752089,2.65806485355649,0.19669722633545,0.104936704635853,15.0430381352229,3.89164966009854,14.2929202022303,3.62087670246555,1.9061815690045e-05,0.725351243154435,0.166286055742914,0.536497146007261,0.122991440586645,"priority",1
102044,174,127,215,240,0.00224097182253462,2045,41,210,40.2492235949962,25,442,7.25994624945136e-05,107,81883,0.00191736990584126,28.6356421265527,25,266.5,15.2643375224737,50,26,21,0.000947368421052632,584,4.39834024896266e-05,0,0,0.175555705155506,25.1235464505904,0.721461187214612,0.0776255707762557,0.200913242009132,1.10367154811715,0.119814402203149,0.0638675210145345,9.26580361792432,4.03758931539151,9.79972500681422,3.95525035648222,7.93795545639089e-06,0.720362583752677,0.188947562951522,0.544824777287771,0.142904859616464,"priority",1
102277,102,22,156,156,0.000377648105059266,71,9,152,4.12310562561766,6,5.445,6.89690950784125e-07,0,81870,0,0,0,0,0,0,0,0,0,6,3.3195020746888e-06,0,0,0.0516428649846,60.7808565592862,1,0,0,-0.0113912133891213,0,0,NA,NA,NA,NA,-4.18301283507292e-08,NA,NA,NA,NA,"priority",1
102162,102,1,1,155,4.8741257037019e-05,6,1,1,0,1,2.7225,1.74884679324624e-09,0,81997,0,0,0,0,0,0,0,0,0,0,8.29875518672199e-07,0,0,NA,NA,1,0,0,-0.0113912133891213,0,0,NA,NA,NA,NA,-4.21962970048815e-08,NA,NA,NA,NA,"priority",1
102211,78,9,8,12,0.00013211516377199,16,4,1,0,1,2.7225,2.47276827351037e-08,0,82105,0,0,0,0,0,0,0,0,0,0,4.149377593361e-07,0,0,NA,NA,1,0,0,-0.0113912133891213,0,0,NA,NA,NA,NA,-1.26358240522153e-07,NA,NA,NA,NA,"priority",1
102222,42,8,20,48,0.000135327985827469,24,4,18,0,1,2.7225,1.82309749084096e-07,0,82083,0,0,0,0,0,0,0,0,0,0,4.149377593361e-07,0,0,NA,NA,1,0,0,-0.0113912133891213,0,0,NA,NA,NA,NA,-8.47893573755252e-08,NA,NA,NA,NA,"priority",1
102165,90,79,204,240,0.00147191202588619,783,23,130,13.9283882771841,13,27.5,2.63307023111582e-05,26,82170,0.000681513934525983,10.1980390271856,5,18,7.81024967590665,30,6,8,0.000473684210526316,65.5,1.53526970954357e-05,0,0,0.162839291484688,22.964825319615,0.724137931034483,0.0919540229885057,0.183908045977011,0.0639225941422594,0.0426696193606091,0.0326788689368479,6.13844143113359,1.22802363706551,6.05021382903383,1.44010247814568,2.76655258267031e-06,0.599520271395271,0.342583012225869,0.297088328338328,0.169764759050473,"priority",1
102171,138,42,129,240,0.000597816141035808,339,17,126,14.8660687473185,6,15.5,1.15283747248982e-05,6,82151,9.73816508624362e-05,1.4142135623731,3,0.5,8.60232526704263,2,3,2,0,49.5,7.05394190871369e-06,0,0,0.0832349710199755,12.4211284484914,1,0,0,-0.00929916317991631,0.00591721155804642,0.0359929927491323,7.51067611341732,0.423660995000845,7.67484345629953,0.803222809651515,3.65253201943219e-07,0.366098484848485,0.292878787878788,0.326704545454545,0.261363636363636,"priority",1
102113,186,55,228,240,0.00096487371146612,407,22,222,6.08276253029822,12,14,1.49465866002883e-05,52,81768,0.000831621172096664,4.12310562561766,8,5,7.61577310586391,16,11,9,0.000789473684210526,17,7.05394190871369e-06,0,0,0.302169595778733,34.2248308697091,0.852631578947368,0.05,0.0973684210526316,0.00952928870292887,0.0172514879732957,0.0318651594387611,5.70358576684275,0.88190026380671,5.1184051326306,0.825906646108862,3.4373522894991e-06,0.736193293885602,0.736193293885602,0.58980463980464,0.58980463980464,"priority",1
102272,42,8,58,240,0.000146359312111233,50,4,59,2.23606797749979,3,5.445,7.22520699278767e-08,2,82216,3.64892478349713e-05,0,1,2.7225,2.23606797749979,1,1,1,0,1,1.6597510373444e-06,0,0,NA,NA,1,0,0,0,0,0.00935593296025017,NA,NA,NA,NA,1.10279568884857e-07,NA,NA,NA,NA,"priority",1
102204,210,9,7,240,0.000141218717532304,40,4,6,2,3,5.445,1.35021377610627e-07,8,82073,0.000121842749747176,2,3,0,3.16227766016838,2,3,1,0,1.5,2.0746887966805e-06,0,0,NA,NA,1,0,0,-0.0113912133891213,0.00836820083682008,0.0132312872810392,NA,NA,2.27085306668042,0.874551041576299,4.67804644758503e-07,NA,NA,NA,NA,"priority",1
102165,150,1,1,4,1.03413685767174e-05,1,1,1,0,1,2.7225,1.4085110023788e-07,0,81999,0,0,0,0,0,0,0,0,0,0,4.149377593361e-07,0,0,NA,NA,1,0,0,-0.0113912133891213,0,0,NA,NA,NA,NA,-4.21771561183638e-08,NA,NA,NA,NA,"priority",1
102231,114,19,35,192,0.000271832148682117,84,8,177,2.23606797749979,3,5.445,6.56329209144232e-07,0,81688,0,0,0,0,0,0,0,0,0,2,1.6597510373444e-06,0,0,NA,NA,1,0,0,-0.0113912133891213,0,0,NA,NA,NA,NA,-2.15061135644091e-07,NA,NA,NA,NA,"priority",1
102209,210,42,156,180,0.000756891373879923,281,13,155,5,5,5.445,5.87321934396186e-06,0,82070,0,0,0,0,0,0,0,0,0,18.5,6.22406639004149e-06,0,0,0.13791731546165,35.6486939816908,1,0,0,-0.0113912133891213,-1.85124279980612e-18,0,NA,NA,NA,NA,-4.26474678002021e-08,NA,NA,NA,NA,"priority",1
102054,30,72,58,240,0.00130941308923589,1307,24,186,15,18,36.5,2.98319161668959e-05,62,82080,0.00109649122807018,15,12,36.5,14.2126704035519,28,12,13,0.000368421052631579,107,3.3195020746888e-05,0,0,0.116143751525872,31.0346576953423,0.905555555555556,0.0388888888888889,0.0555555555555556,0.141328451882845,0.0627615062761506,0.0594672401822255,11.7654448501131,3.54102147722833,12.0069877875988,2.04465892291124,4.37580230450799e-06,0.616195696664447,0.616195696664447,0.465573315573316,0.465573315573316,"priority",1
102291,174,8,12,32,0.000123586479639127,25,4,7,1,2,5.445,3.02133255768354e-07,0,82020,0,0,0,0,0,0,0,0,0,0,8.29875518672199e-07,0,0,NA,NA,1,0,0,-0.0113912133891213,0,0,NA,NA,NA,NA,-8.38908967009863e-08,NA,NA,NA,NA,"priority",1
102108,198,17,22,60,0.000289979594028568,74,6,18,2,4,5.445,3.84720328727886e-07,0,81952,0,0,0,0,0,0,0,0,0,1,1.6597510373444e-06,0,0,NA,NA,1,0,0,-0.0113912133891213,0,0,NA,NA,NA,NA,-4.18979854443046e-08,NA,NA,NA,NA,"priority",1
102123,210,140,240,240,0.00252747252747253,2167,45,150,20.8806130178211,23,183.5,5.89675280872586e-05,140,81900,0.00252747252747253,20.8086520466848,23,178,18.4390889145858,67,30,18,0.000526315789473684,299,4.93775933609958e-05,0,0,0.0645663146804431,12.8909718068183,0.685185185185185,0.0925925925925926,0.222222222222222,0.733378661087866,0.0870654897350829,0.0771509996426183,10.9511731407533,3.82939500015333,11.6968740567366,3.71619994555638,1.05327835522708e-05,0.74740552788091,0.266316912233428,0.56754711050127,0.202229430178613,"priority",1
102063,138,113,84,240,0.0022766217870257,1477,35,138,18.0277563773199,17,82.5,2.70590047518333e-05,2,82106,4.87175115095121e-05,0,1,2.7225,14.3178210632764,2,1,1,5.26315789473684e-05,200.5,3.23651452282158e-05,0,0,0.0904427270538583,26.3425528188541,0.987037037037037,0.00740740740740741,0.00555555555555556,1.72372600151491e-18,0,0.0599072011015747,NA,NA,NA,NA,1.61610296977529e-07,NA,NA,NA,NA,"priority",1
102124,186,24,107,228,0.000511452891535455,343,12,108,2.82842712474619,6,5.445,1.0376760232938e-05,0,82142,0,0,0,0,0,0,0,0,0.000105263157894737,36,8.71369294605809e-06,0,0,0.058948793654329,12.0697903620777,0.958083832335329,0.00598802395209581,0.0359281437125748,-0.0113912133891213,0,0,NA,NA,NA,NA,-1.28316461928484e-07,NA,NA,NA,NA,"priority",1
102045,198,47,48,96,0.000828258221680877,234,14,42,4.47213595499958,8,5.445,2.40629004795517e-06,0,81483,0,0,0,0,0,0,0,0,0,12,5.80912863070539e-06,0,0,0.0875714180059632,51.587038118075,1,0,0,-0.0113912133891213,-9.38945920221065e-19,0,NA,NA,NA,NA,-8.31986243606655e-08,NA,NA,NA,NA,"priority",1
102153,234,40,204,228,0.000731011964229148,216,14,201,3.60555127546399,8,5.445,4.72957526487545e-06,0,82331,0,0,0,0,0,0,0,0,0.000105263157894737,8,4.149377593361e-06,0,0,0.0274521150730648,5.85492445934499,0.941176470588235,0.0147058823529412,0.0441176470588235,-0.0113912133891213,0,0,NA,NA,NA,NA,-8.43840839466371e-08,NA,NA,NA,NA,"priority",1
102023,78,53,107,228,0.00098685412833977,714,19,103,10,8,24,8.19362059692749e-06,0,81942,0,0,0,0,0,0,0,0,5.26315789473684e-05,67,1.70124481327801e-05,0,0,0.0995084769876348,50.3805929715245,0.982758620689655,0.00689655172413793,0.0103448275862069,-0.0113912133891213,-9.68476246019859e-19,0,NA,NA,NA,NA,-4.19871193594712e-08,NA,NA,NA,NA,"priority",1
102110,54,1,1,1,1.00610706991438e-05,1,1,1,0,1,2.7225,1.80802266403472e-10,0,82162,0,0,0,0,0,0,0,0,0,0,4.149377593361e-07,0,0,NA,NA,1,0,0,-0.0113912133891213,0,0,NA,NA,NA,NA,-4.20965301219406e-08,NA,NA,NA,NA,"priority",1
102201,114,77,142,240,0.00152539477216704,1213,27,138,20.0249843945008,15,67,3.70842211588415e-05,6,82058,0.000121865022301299,1,2,5.445,13.9283882771841,4,2,2,0.000105263157894737,195,2.78008298755187e-05,0,0,0.0499895481378794,9.06848271433171,0.993449781659389,0.00436681222707424,0.00218340611353712,0.0113912133891213,0.00418410041841004,0.0582777752183436,13.7649293929598,0.231165770960432,13.7649293929598,0.231165770960432,4.24813890100704e-07,NA,NA,NA,NA,"priority",1
102268,126,54,36,240,0.000969527386080532,397,18,32,9.8488578017961,11,18.5,3.55544911868452e-06,25,81887,0.000415206320905638,9.8488578017961,4,4.5,10,9,6,6,0.000105263157894737,45,8.29875518672199e-06,0,0,0.175369776330894,99.7383728012652,0.968421052631579,0.0131578947368421,0.0184210526315789,0.00743723849372385,0.0412086100493561,0.0334728033472803,4.75755178791227,2.57659488131125,4.81572350947592,2.56331201696888,1.6950183697595e-06,0.753846153846154,0.586324786324786,0.568498168498168,0.442165242165242,"priority",1
102219,138,92,36,240,0.00164091009282163,1300,27,46,16.0312195418814,20,79,1.83644486128893e-05,3,82158,4.86866768908688e-05,0,1,2.7225,10.6301458127346,1,1,1,0.000315789473684211,189,3.02904564315353e-05,0,0,0.152655769787828,61.3746568060501,0.952380952380952,0.00595238095238095,0.0416666666666667,3.64589624793687e-18,9.08071753911565e-19,0.0444775975428228,NA,NA,NA,NA,3.57007731933643e-08,NA,NA,NA,NA,"priority",1
102116,54,11,12,12,0.00018497509002121,16,3,4,0,1,2.7225,3.01053459594932e-08,0,81863,0,0,0,0,0,0,0,0,0,0,4.149377593361e-07,0,0,NA,NA,1,0,0,-0.0113912133891213,0,0,NA,NA,NA,NA,-8.4101675730094e-08,NA,NA,NA,NA,"priority",1
102094,90,29,204,240,0.000706446937308924,335,10,201,3.60555127546399,5,5.445,1.02423982740439e-05,6,81912,0.000183123351889833,1,2,5.445,1.4142135623731,9,1,2,0,25,8.71369294605809e-06,0,0,0.0823373417361165,16.9620858892977,1,0,0,0.0113912133891213,0.00418410041841004,0.00591721155804642,1.20710678118655,0.292893218813453,NA,NA,7.23725728765468e-07,NA,NA,NA,NA,"priority",1
102243,150,0,1,-Inf,0,1,1,1,0,0,0,2.55723126745988e-10,0,81796,0,0,0,0,0,0,0,0,0,0,4.149377593361e-07,0,0,NA,NA,1,0,0,0,0,0,NA,NA,NA,NA,0,NA,NA,NA,NA,"priority",1
102283,222,45,47,168,0.000759069038553361,334,20,42,7.81024967590665,9,12,2.46476505649187e-06,0,82230,0,0,0,0,0,0,0,0,0,20,7.88381742738589e-06,0,0,0.0863984873543595,67.5064609699726,1,0,0,-0.0113912133891213,0,0,NA,NA,NA,NA,-4.1963537714226e-08,NA,NA,NA,NA,"priority",1
102103,150,337,216,240,0.00570862772901743,3437,97,210,29.2745623366089,53,421.5,0.000146736072153936,148,81617,0.00300182560005881,29.2745623366089,33,387,19.8494332412792,97,37,38,0.00315789473684211,462.5,6.63900414937759e-05,0,0,0.100960561166903,11.112696602312,0.793070259865255,0.0577478344562079,0.149181905678537,1.60785564853556,0.122487708521376,0.0830520219300385,12.4975593419796,4.31783979636144,12.2428442185466,4.45088106538342,1.24751185927001e-05,0.691599193307268,0.200325283578657,0.434618148127465,0.125889394630024,"priority",1
102235,198,143,227,240,0.00263335170555453,1588,40,225,25.1793566240283,24,241.5,5.67183323989609e-05,98,81626,0.00172739078234876,25.1793566240283,23,238.5,14.0356688476182,43,28,25,0.00157894736842105,236.5,3.19502074688797e-05,0,0,0.0965237245082172,13.1779752599902,0.563953488372093,0.162790697674419,0.273255813953488,0.986516736401674,0.105352956585893,0.0587266478979841,9.34412914717207,2.4763991165285,9.89844902156387,2.5282096951388,7.14362163351448e-06,0.673496873496873,0.186768040549553,0.491639337093883,0.136336959026035,"priority",1
102070,198,25,46,50,0.000368233705658525,123,10,42,6.70820393249937,7,7,6.59325576949023e-07,0,82201,0,0,0,0,0,0,0,0,0,9,3.7344398340249e-06,0,0,0.141377393855617,195.26449543292,1,0,0,-0.0113912133891213,0,9.30169199145501e-19,NA,NA,NA,NA,-8.4459031457611e-08,NA,NA,NA,NA,"priority",1
102177,186,106,240,240,0.00206147840936814,1025,33,234,16.4012194668567,15,45,4.09242634856932e-05,106,81980,0.00206147840936814,11.4017542509914,15,34,23.259406699226,63,19,19,0.000947368421052632,141.5,2.0746887966805e-05,0,0,0.161544681060025,19.9814043865983,0.639751552795031,0.0683229813664596,0.291925465838509,0.13086820083682,0.0477060847321815,0.0973196933022009,19.3692238224683,3.2474793796917,18.6152446693051,3.76372047120224,8.54100346833168e-06,0.768124930624931,0.563291615791616,0.524866310160428,0.384901960784314,"priority",1
102188,54,33,95,108,0.000660584731381192,321,20,93,4.47213595499958,7,5.445,2.60290818073109e-06,0,82205,0,0,0,0,0,0,0,0,0,16.5,7.88381742738589e-06,0,0,0.282057420288424,208.231962777214,1,0,0,-0.0227824267782427,-0.00418410041841004,-0.00418410041841004,NA,NA,NA,NA,-2.10330287961094e-07,NA,NA,NA,NA,"priority",1
102247,210,1,1,5,1.03890706976261e-05,1,1,1,0,1,2.7225,4.57232703987757e-08,0,81894,0,0,0,0,0,0,0,0,0,0,4.149377593361e-07,0,0,NA,NA,1,0,0,-0.0113912133891213,0,0,NA,NA,NA,NA,-4.20428096705189e-08,NA,NA,NA,NA,"priority",1
102146,162,95,239,240,0.00162220839889251,814,30,234,11.1803398874989,15,40,2.52778544659722e-05,94,81987,0.00162220839889251,11.1803398874989,15,40,9.21954445729289,39,15,13,0.000842105263157895,52.5,1.49377593360996e-05,0,0,0.0579890942531449,8.04522838764879,0.490566037735849,0.19811320754717,0.311320754716981,0.15597280334728,0.0467796648012508,0.0385754998213092,6.12398710319958,1.71896687669241,5.9283430358417,1.64362910181811,6.66050851142012e-06,0.793937837869278,0.621342655723783,0.605757659189032,0.474071211539242,"priority",1
102079,150,1,1,8,1.05852589683607e-05,1,1,1,0,1,2.7225,3.39745644670867e-08,0,81812,0,0,0,0,0,0,0,0,0,0,4.149377593361e-07,0,0,NA,NA,1,0,0,-0.0113912133891213,0,0,NA,NA,NA,NA,-4.28325783734457e-08,NA,NA,NA,NA,"priority",1
102102,150,80,48,228,0.0012905110910906,602,28,42,11.6619037896906,18,42,5.84345019534272e-06,0,81965,0,0,0,0,0,0,0,0,5.26315789473684e-05,54.5,1.20331950207469e-05,0,0,0.187335503609386,94.0427227315542,0.992021276595745,0.00265957446808511,0.00531914893617021,-0.0113912133891213,0,0,NA,NA,NA,NA,-8.40670353902882e-08,NA,NA,NA,NA,"priority",1
102190,234,189,119,240,0.00330794394804941,3056,67,114,35.5105618091294,28,381,7.55933122932535e-05,74,82223,0.00143512155966092,31.6227766016838,19,251,18.6010752377383,44,18,18,0.00105263157894737,594,6.47302904564315e-05,0,0,0.139458070836077,28.8425709795619,0.718045112781955,0.109022556390977,0.172932330827068,1.0388179916318,0.132312872810392,0.0778287666850974,13.1790021351704,2.19156469729271,13.1329845091336,2.14811712205895,5.96196904293041e-06,0.692594326969327,0.144541424758816,0.495974511599512,0.103507724159898,"priority",1
102205,138,40,71,83,0.000780944943381492,329,19,66,7.07106781186548,9,10,1.97023774005898e-06,0,81699,0,0,0,0,0,0,0,0,0,18,8.29875518672199e-06,0,0,0.0474911289530675,48.7523705564127,1,0,0,-0.0113912133891213,0,0,NA,NA,NA,NA,-4.22743159223039e-08,NA,NA,NA,NA,"priority",1
102354,78,14,46,48,0.000184963685463087,48,6,9,1,2,5.445,2.77969560760114e-07,0,82102,0,0,0,0,0,0,0,0,0,0,4.149377593361e-07,0,0,NA,NA,1,0,0,-0.0113912133891213,0,0,NA,NA,NA,NA,-4.22073641045277e-08,NA,NA,NA,NA,"priority",1
102175,222,147,239,240,0.00270006108735492,2154,49,234,27.6586333718787,29,121,5.23784053582346e-05,147,81850,0.00270006108735492,15.2643375224737,29,121,19.4164878389476,74,31,29,0.00152631578947368,324,4.60580912863071e-05,0,0,0.0750677265409407,15.7841166570599,0.712609970674487,0.06158357771261,0.225806451612903,0.494884937238494,0.0638675210145345,0.0812405348909941,14.3816746104659,3.98145534483551,14.6410187509325,3.70071014797653,1.12552932076392e-05,0.709967472896535,0.423690266083416,0.502983172777223,0.300167377302536,"priority",1
102099,198,117,216,240,0.00199540084439524,912,31,210,25.4950975679639,18,156.5,4.37273769793131e-05,77,81964,0.00147625786930848,14.0356688476182,17,60.5,13.8924439894498,44,22,19,0.000578947368421053,218,1.99170124481328e-05,0,0,0.0765531144293129,8.34494002612438,0.853968253968254,0.0571428571428571,0.0888888888888889,0.241746861924686,0.0587266478979841,0.058127380708995,8.79461809464692,2.95746850097689,8.96376460235864,3.2095121375081,6.13434075290927e-06,0.726391712575923,0.435835027545554,0.509842539283329,0.305905523569997,"priority",1
102329,90,65,48,132,0.00138943057722309,327,31,46,6.32455532033676,10,7,2.34312569576798e-06,0,81817,0,0,0,0,0,0,0,0,0,13,7.05394190871369e-06,0,0,0.0563704713908358,41.3988694809556,1,0,0,-0.0113912133891213,-9.36897892098112e-19,0,NA,NA,NA,NA,-8.433730926116e-08,NA,NA,NA,NA,"priority",1
102056,90,14,171,180,0.000281700491138682,127,7,150,4.47213595499958,8,5.445,2.63607662788662e-06,0,82136,0,0,0,0,0,0,0,0,0,4.5,3.3195020746888e-06,0,0,0.0218540237286948,6.69378279985655,1,0,0,-0.0113912133891213,0,0,NA,NA,NA,NA,-4.20056663963742e-08,NA,NA,NA,NA,"priority",1
102213,66,10,11,240,0.000245052992709673,59,8,215,1.4142135623731,3,5.445,9.28100340854362e-07,10,82107,0.000133971524961331,1.4142135623731,3,0.5,1.4142135623731,1,3,1,0,2,2.0746887966805e-06,0,0,NA,NA,1,0,0,-0.00929916317991632,0.00591721155804642,0.00591721155804642,NA,NA,1.1380711874577,0.2391463117381,5.18128985695273e-07,0.42962962962963,0.42962962962963,0.392592592592593,0.392592592592593,"priority",1
102089,198,120,46,240,0.00192391992596561,546,52,42,11.1803398874989,17,20.5,6.7394629661336e-06,8,82008,0.000146327187591454,2,3,0,4.47213595499958,4,1,3,0,42.5,1.2448132780083e-05,0,0,0.125089494336059,56.3040430063467,1,0,0,-0.0113912133891213,0.00836820083682008,0.0187118659205003,4.19841386020575,0.244911387339221,NA,NA,5.28020690047611e-07,NA,NA,NA,NA,"priority",1
102159,138,1,1,10,1.08111614430738e-05,1,1,1,0,1,2.7225,1.52893392797041e-12,0,81949,0,0,0,0,0,0,0,0,0,0,4.149377593361e-07,0,0,NA,NA,1,0,0,-0.0113912133891213,0,0,NA,NA,NA,NA,-4.20774796195624e-08,NA,NA,NA,NA,"priority",1
102122,66,5,12,12,0.000123039064903107,17,4,10,1.4142135623731,3,5.445,7.77706418967017e-11,0,81827,0,0,0,0,0,0,0,0,0,0.5,1.2448132780083e-06,0,0,NA,NA,1,0,0,-0.0113912133891213,0,0,NA,NA,NA,NA,-4.21669547442737e-08,NA,NA,NA,NA,"priority",1
102111,114,10,12,12,0.000196581931663206,23,4,7,0,1,2.7225,1.30099799138747e-07,0,82177,0,0,0,0,0,0,0,0,0,0,4.149377593361e-07,0,0,NA,NA,1,0,0,-0.0113912133891213,0,0,NA,NA,NA,NA,-4.25312869716503e-08,NA,NA,NA,NA,"priority",1
102339,210,3,12,12,6.18131019050798e-05,8,2,10,0,1,2.7225,1.43887484317031e-08,0,82196,0,0,0,0,0,0,0,0,0,0,4.149377593361e-07,0,0,NA,NA,1,0,0,-0.0113912133891213,0,0,NA,NA,NA,NA,-4.20373184613148e-08,NA,NA,NA,NA,"priority",1
102111,210,12,23,36,0.000317700823578289,40,8,23,1.4142135623731,3,5.445,7.68255695014421e-08,0,82032,0,0,0,0,0,0,0,0,0,0.5,1.2448132780083e-06,0,0,NA,NA,1,0,0,-0.0113912133891213,0,0,NA,NA,NA,NA,-4.22226973683099e-08,NA,NA,NA,NA,"priority",1
102138,222,15,10,12,0.000246791707798618,36,6,3,2,3,5.445,2.92255013896571e-07,0,81979,0,0,0,0,0,0,0,0,0,0,1.2448132780083e-06,0,0,NA,NA,1,0,0,-0.0227824267782427,-0.00418410041841004,-0.00418410041841004,NA,NA,NA,NA,-1.26365872924709e-07,NA,NA,NA,NA,"priority",1
102323,114,0,1,-Inf,0,1,1,1,0,0,0,2.00181930235704e-12,0,81698,0,0,0,0,0,0,0,0,0,0,4.149377593361e-07,0,0,NA,NA,1,0,0,0,0,0,NA,NA,NA,NA,0,NA,NA,NA,NA,"priority",1
102311,162,9,11,12,0.000149785115968246,18,7,6,2,3,5.445,9.22513657937996e-08,0,81922,0,0,0,0,0,0,0,0,0,0,1.2448132780083e-06,0,0,NA,NA,1,0,0,-0.0113912133891213,0,0,NA,NA,NA,NA,-4.21287435022206e-08,NA,NA,NA,NA,"priority",1
102178,126,0,1,-Inf,0,1,1,1,0,0,0,4.82313543743008e-09,0,81855,0,0,0,0,0,0,0,0,0,0,4.149377593361e-07,0,0,NA,NA,1,0,0,0,0,0,NA,NA,NA,NA,0,NA,NA,NA,NA,"priority",1
102040,114,77,105,240,0.00119598247519557,1089,30,102,15.0332963783729,12,48.5,2.90800674569859e-05,8,82026,0.000207251359325092,7.81024967590665,3,2.5,5.3851648071345,9,3,4,0.000210526315789474,93,1.95020746887967e-05,0,0,0.183493760015508,29.9896462811623,0.875621890547264,0.0149253731343284,0.109452736318408,-0.000930962343096229,0.0326788689368479,0.0225320703227385,3.63686061682572,1.16804386549024,3.84914748910096,1.33270229635941,7.81938529913732e-07,0.569155844155844,0.325231910946197,0.235714285714286,0.13469387755102,"priority",1
102231,66,1,1,144,6.07777115976029e-05,6,4,144,1,2,5.445,1.35674292805392e-09,0,82032,0,0,0,0,0,0,0,0,0,0,8.29875518672199e-07,0,0,NA,NA,1,0,0,-0.0113912133891213,0,0,NA,NA,NA,NA,-4.25364755594982e-08,NA,NA,NA,NA,"priority",1
102168,30,18,48,60,0.000398905858217461,119,8,43,2.82842712474619,3,5.445,5.50855641545411e-07,0,81998,0,0,0,0,0,0,0,0,0,4,2.0746887966805e-06,0,0,NA,NA,1,0,0,-0.0113912133891213,0,0,NA,NA,NA,NA,-4.25105452721365e-08,NA,NA,NA,NA,"priority",1
102308,150,79,96,240,0.00133225774909553,1161,25,54,17.6918060129541,19,94.5,1.96081807967335e-05,44,82264,0.000765827093260722,17.464249196573,10,79,16.1554944214035,19,10,9,0.000210526315789474,214,2.82157676348548e-05,0,0,0.122016515213074,40.7916668812788,0.939153439153439,0.0185185185185185,0.0423280423280423,0.319152719665272,0.0730721723705982,0.0675962109682155,14.2543401239742,2.04095837385671,13.8479670229676,2.03683014368484,2.99162373189413e-06,0.541270902300314,0.166544893015481,0.387212195484254,0.119142213995155,"priority",1
102191,78,12,9,228,0.000247011164904654,92,6,10,2.23606797749979,4,5.445,1.14863435786201e-06,0,82208,0,0,0,0,0,0,0,0,0.000210526315789474,4,2.9045643153527e-06,0,0,0.177339410016706,109.475785367167,0.973076923076923,0.00384615384615385,0.0230769230769231,-0.0113912133891213,0,0,NA,NA,NA,NA,-1.26185486355668e-07,NA,NA,NA,NA,"priority",1
102118,222,135,204,240,0.00237743992392192,2091,41,240,22.1359436211787,23,138.5,8.01916043407267e-05,107,82021,0.00237743992392192,22.1359436211787,20,138.5,18,88,23,27,0.000631578947368421,323,4.149377593361e-05,0,0,0.0968776532451576,11.7868704588824,0.90855106888361,0.0201900237529691,0.0712589073634204,0.568106694560669,0.0926190109672747,0.0753138075313808,14.517288769958,2.50925075225956,14.3966216797599,2.71324643543593,9.82204851275315e-06,0.669124998330825,0.234193749415789,0.381522377997942,0.13353283229928,"priority",1
102126,54,51,48,108,0.000807086216985129,229,16,44,5,7,8.5,2.00755088907613e-06,0,81918,0,0,0,0,0,0,0,0,0,16.5,6.22406639004149e-06,0,0,0.0635926941772138,48.0398065790753,1,0,0,-0.0113912133891213,0,0,NA,NA,NA,NA,-4.22713262856887e-08,NA,NA,NA,NA,"priority",1
102408,186,67,48,240,0.00116016364413507,339,24,42,5.09901951359278,9,8.5,1.80740148759633e-06,11,81769,0.000330198485978794,1,2,5.445,3.16227766016838,16,2,4,0,11,6.22406639004149e-06,0,0,0.369043584092081,307.114987494266,1,0,0,0.0113912133891213,0.00418410041841004,0.0132312872810392,2.69917281883408,0.534747409614748,2.23606797749979,0,1.25547673590108e-06,NA,NA,NA,NA,"priority",1
102187,198,37,24,240,0.000772267032778445,354,12,237,7.07106781186548,9,8.5,5.50403418684218e-06,31,81915,0.000573765488616249,2.23606797749979,3,1,7,16,3,3,0,19,7.46887966804979e-06,0,0,0.0505604937518742,15.5997881874717,1,0,0,-0.0185983263598326,0.00517183254184012,0.0251046025104603,6.54970354689117,0.389968167626273,6.21637021355784,0.187382101563353,2.31567046661943e-06,0.875,0.875,0.572058823529412,0.572058823529412,"priority",1
102238,66,73,47,240,0.00126572174646795,739,22,42,12.0830459735946,13,24.5,1.17924014441167e-05,33,81830,0.000635463766344861,12.0830459735946,9,24.5,6.70820393249937,19,7,8,0.000263157894736842,51,1.74273858921162e-05,0,0,0.119098935377122,40.3745404986318,0.963178294573643,0.00775193798449612,0.0290697674418605,0.0911192468619247,0.0505566777137848,0.0280677988807505,4.81827044429885,1.32417949823218,4.1976662026162,1.26867313625272,2.53280443501556e-06,0.640241702741703,0.582037911583366,0.48718045112782,0.442891319207109,"priority",1
102222,114,16,180,204,0.000341487290981321,232,14,169,3.60555127546399,5,5.445,2.82454089773024e-06,0,81934,0,0,0,0,0,0,0,0,0,14.5,5.80912863070539e-06,0,0,0.212303350061053,106.52494326224,1,0,0,-0.0113912133891213,0,0,NA,NA,NA,NA,-4.23127918128134e-08,NA,NA,NA,NA,"priority",1
102138,222,238,192,240,0.00390372439705757,3203,80,210,34.8855270850248,40,338,0.000124665116941943,109,81879,0.00200295558079605,25,26,159,20.0997512422418,55,32,26,0.00221052631578947,464.5,6.55601659751037e-05,0,0,0.0981335062248431,12.4900682112145,0.640866873065015,0.111455108359133,0.247678018575851,0.653880753138075,0.104602510460251,0.0840993775826016,15.0150597254431,2.44333802389918,14.5794450105092,2.75957606571915,8.29741660811407e-06,0.782518318332117,0.329977604115953,0.548293765549405,0.231208214388303,"priority",1
102264,138,24,24,36,0.000440614902575149,73,11,18,2.23606797749979,4,5.445,3.84297142601173e-07,0,82011,0,0,0,0,0,0,0,0,0,2,2.4896265560166e-06,0,0,0.121727370995172,192.097030960369,1,0,0,-0.0113912133891213,0,0,NA,NA,NA,NA,-8.52280451064315e-08,NA,NA,NA,NA,"priority",1
102040,222,35,120,216,0.000696285257075846,394,23,69,14,7,35,1.0142757957804e-05,0,81673,0,0,0,0,0,0,0,0,0,57.5,8.29875518672199e-06,0,0,0.0528200476780074,10.5466222076227,1,0,0,-0.0113912133891214,0,0,NA,NA,NA,NA,-8.42320436129937e-08,NA,NA,NA,NA,"priority",1
102156,78,42,240,240,0.000770943978070927,163,14,234,6.08276253029822,9,13.5,8.42418062666945e-06,42,81718,0.000770943978070927,6.08276253029822,9,13.5,4.47213595499958,21,10,11,0.000473684210526316,14,4.5643153526971e-06,0,0,0.0686536254531881,8.18491252888064,0.918088737201365,0.0238907849829352,0.0580204778156997,0.0450941422594142,0.0254508892481097,0.0187118659205003,3.09112311186641,0.888512069706333,2.6530218275531,1.03358877623702,3.18368785577168e-06,0.617610443854788,0.573495412150874,0.454148340347435,0.421709173179761,"priority",1
102411,138,41,23,204,0.000685761309346927,364,18,12,12.2065556157337,10,22.5,2.52880443681485e-06,0,82188,0,0,0,0,0,0,0,0,0,54.5,1.12033195020747e-05,0,0,0.04021482678928,43.555158867612,1,0,0,-0.0113912133891213,-2.84489707460352e-18,0,NA,NA,NA,NA,-4.19984985536766e-08,NA,NA,NA,NA,"priority",1
102185,102,1,1,9,1.03241792277514e-05,1,1,1,0,1,2.7225,1.19023263354804e-09,0,81922,0,0,0,0,0,0,0,0,0,0,4.149377593361e-07,0,0,NA,NA,1,0,0,-0.0113912133891213,0,0,NA,NA,NA,NA,-4.17946121645977e-08,NA,NA,NA,NA,"priority",1
102183,186,19,11,48,0.000346039470127061,98,8,6,3.60555127546399,5,5.445,5.77093236274899e-07,0,82082,0,0,0,0,0,0,0,0,0,5.5,3.7344398340249e-06,0,0,0.116617717637349,184.079529947316,1,0,0,-0.0113912133891213,0,0,NA,NA,NA,NA,-1.25724171226263e-07,NA,NA,NA,NA,"priority",1
102094,114,103,46,180,0.00181689368315202,737,26,46,16.1245154965971,16,27,7.97449475475357e-06,0,81658,0,0,0,0,0,0,0,0,0,77,1.41078838174274e-05,0,0,0.0622188194984624,26.8523393521007,1,0,0,-0.0113912133891213,1.87182557734578e-18,3.72153852481909e-18,NA,NA,NA,NA,-1.26865246864124e-07,NA,NA,NA,NA,"priority",1
102082,90,45,118,180,0.0008056640625,212,14,114,4.12310562561766,7,6,3.95201862764742e-06,0,82086,1.21823453451258e-05,0,1,2.7225,4.24264068711928,1,0,1,0,11,5.39419087136929e-06,0,0,0.142978636283843,47.6329715068098,1,0,0,0,0,0.0177516346741393,NA,NA,NA,NA,-1.17850488128122e-07,NA,NA,NA,NA,"priority",1
102261,138,107,180,240,0.00191388726350692,1274,36,174,16.7630546142402,18,88.5,3.13624954301904e-05,33,82315,0.00060742270546073,16.7630546142402,6,23.5,13.6014705087354,17,9,9,0.000421052631578947,187.5,2.53112033195021e-05,0,0,0.0944132821144877,18.2877068304029,0.890034364261168,0.0274914089347079,0.0824742268041237,0.0869351464435146,0.0701383038252728,0.0569099184465918,9.57758687738175,4.91716974559355,10.5779476996515,4.32959585543114,2.37216538436822e-06,0.817132352941176,0.453962418300654,0.595138888888889,0.330632716049383,"priority",1
102232,162,31,226,240,0.00047623117971011,319,22,11,5.8309518948453,8,10.5,1.19252568824221e-05,15,81896,0.000256422780111361,5.8309518948453,2,5.445,6.40312423743285,6,3,3,0.000578947368421053,19.5,7.46887966804979e-06,0,0,0.0746762766215101,11.4033615869376,0.943615257048093,0.021558872305141,0.0348258706467662,0.0113912133891213,0.024397288262951,0.0267913148009743,4.60208282495523,3.11949523294685,4.60208282495523,3.11949523294685,9.46975212433306e-07,NA,NA,NA,NA,"priority",1
102216,186,13,192,240,0.000210631895687061,83,6,176,2.23606797749979,4,5.445,3.31951935596216e-06,8,82098,0.000182708470364686,2.23606797749979,4,1,3.60555127546399,7,3,4,0.000157894736842105,3.5,2.4896265560166e-06,0,0,0.26177235367568,47.9224109893521,0.951327433628319,0.00442477876106195,0.0442477876106195,-0.0072071129707113,0.00935593296025017,0.0150859886002677,3.30045183396064,0.377743637415408,3.34650989189139,0.44867283761068,7.22635858325188e-07,0.5,0.5,0.291666666666667,0.291666666666667,"priority",1
102231,102,23,36,132,0.000341905911766906,64,8,30,2.23606797749979,4,5.445,8.31169935185146e-07,0,81899,0,0,0,0,0,0,0,0,0,1,1.6597510373444e-06,0,0,NA,NA,1,0,0,-0.0113912133891213,0,0,NA,NA,NA,NA,-4.18644482751345e-08,NA,NA,NA,NA,"priority",1
102169,126,99,93,240,0.00143819772704415,908,43,90,10.6301458127346,16,19.5,1.48015427062688e-05,11,81890,0.000207595555012822,1,2,5.445,5,6,2,3,5.26315789473684e-05,51.5,1.82572614107884e-05,0,0,0.11174883139296,32.6035259475336,0.990625,0.00625,0.003125,0.0113912133891213,0.00418410041841004,0.0209205020920502,4.49509379141286,0.437261603164951,4.24264068711928,0,8.26220569802952e-07,NA,NA,NA,NA,"priority",1
102148,186,31,46,63,0.000455710623753916,119,8,42,3,6,5.445,3.90443978736023e-07,0,81929,0,0,0,0,0,0,0,0,0,4,3.3195020746888e-06,0,0,0.097450910760507,202.792317794896,1,0,0,-0.0113912133891213,0,0,NA,NA,NA,NA,-1.27173727535715e-07,NA,NA,NA,NA,"priority",1
102138,234,28,47,48,0.000477075891764936,92,13,42,2,3,5.445,9.31174311723898e-07,0,82205,0,0,0,0,0,0,0,0,0,1.5,2.0746887966805e-06,0,0,NA,NA,1,0,0,-0.0113912133891213,0,0,NA,NA,NA,NA,-4.26179290303232e-08,NA,NA,NA,NA,"priority",1
102171,78,20,58,240,0.000376639236677814,114,8,54,3.60555127546399,4,5.445,9.64660794789566e-07,1,81863,1.2215530825892e-05,0,1,2.7225,4.12310562561766,0,1,0,0,5,3.7344398340249e-06,0,0,0.269391368470829,254.266423735986,1,0,0,0,0,0.0172514879732957,NA,NA,NA,NA,8.6982798854883e-09,NA,NA,NA,NA,"priority",1
102061,234,94,131,240,0.00156004463777358,1406,29,128,29.0688837074973,14,109.5,4.13293880207061e-05,69,82189,0.00127754322354573,14.422205101856,14,49,36.8781778291715,36,15,13,0.001,300.5,3.11203319502075e-05,0,0,0.150634536712632,27.5358151217692,0.767045454545455,0.0568181818181818,0.176136363636364,0.193629707112971,0.0603439544010709,0.154301999285237,26.8901949232693,1.9563235258088,27.5581802215587,3.07292953688663,5.17697793309944e-06,0.612373891540558,0.297911622911623,0.413182881932882,0.201007888507889,"priority",1
102135,42,1,1,8,1.22443981878291e-05,2,1,1,0,1,2.7225,4.69721454594309e-10,0,81670,1.22443981878291e-05,0,1,2.7225,1.4142135623731,1,0,1,0,0,4.149377593361e-07,0,0,NA,NA,1,0,0,0,0,0.00591721155804642,NA,NA,NA,NA,8.55779090355302e-09,NA,NA,NA,NA,"priority",1
102222,126,151,191,240,0.00271157740580987,1546,54,186,26.3058928759318,21,257,5.14130367407345e-05,45,82044,0.000792257812880893,24.1660919471891,9,180,21.9317121994613,20,10,7,0.000789473684210526,331,3.27800829875519e-05,0,0,0.133824805154498,20.2428835269646,0.802575107296137,0.0643776824034335,0.133047210300429,0.741746861924686,0.10111335542757,0.0917644861902147,12.3333776830092,6.66101299225266,9.86344026613805,4.58409643542234,3.23056168483653e-06,0.687662337662338,0.0922473867595819,0.486796536796537,0.0653019744483159,"priority",1
102206,150,144,178,240,0.00238179144742438,1880,48,174,20.2484567313166,19,89,7.11030617455972e-05,61,81864,0.00100166129189876,12.8062484748657,15,64.5,17.0880074906351,21,17,9,0.00105263157894737,228,3.60995850622407e-05,0,0,0.0572053585852712,6.60431193055861,0.575539568345324,0.136690647482014,0.287769784172662,0.258483263598326,0.0535826296019485,0.0714979392913601,14.9885268448062,2.21067204721572,14.0165378558097,2.1954972546546,4.1485827390951e-06,0.729511278195489,0.554428571428571,0.597213622291022,0.453882352941176,"priority",1
102246,138,1,1,2,2.02580880416506e-05,2,2,1,0,1,2.7225,6.25373533543943e-14,0,81846,0,0,0,0,0,0,0,0,0,0,4.149377593361e-07,0,0,NA,NA,1,0,0,-0.0113912133891213,0,0,NA,NA,NA,NA,-8.47618746512579e-08,NA,NA,NA,NA,"priority",1
101934,174,280,216,240,0.00510465769484405,3503,88,210,39.4081209904761,49,563.5,0.000114057873754155,199,81912,0.00371129993163395,29.4278779391243,46,422.5,22.2036033111745,105,51,43,0.00289473684210526,759.5,7.63485477178423e-05,0,0,0.07666896756716,12.0612777778758,0.404858299595142,0.202429149797571,0.392712550607287,1.75639121338912,0.12312919639801,0.0929021059044959,14.3999049542405,6.15985023063172,13.8898061595034,5.97283438146829,1.54863732708524e-05,0.712878845154387,0.197252884338835,0.506552646413328,0.140162625463882,"priority",1
102076,114,23,192,240,0.000402669822947299,84,10,240,1,2,5.445,1.16638515054838e-06,12,81831,0.000354388923513094,0,1,2.7225,2.23606797749979,17,3,3,0,2,1.6597510373444e-06,0,0,NA,NA,1,0,0,0,0,0.00935593296025017,2.23606797749979,0,2.23606797749979,0,1.44050444299727e-06,NA,NA,NA,NA,"priority",1
102178,54,39,59,120,0.000802880638411756,273,15,54,3.16227766016838,6,5.445,1.67451405999334e-06,0,81913,0,0,0,0,0,0,0,0,0,13.5,5.39419087136929e-06,0,0,0.194364510033212,152.643898281865,1,0,0,-0.0113912133891213,0,0,NA,NA,NA,NA,-4.21801324489906e-08,NA,NA,NA,NA,"priority",1
102092,186,10,11,12,0.000161655350792111,17,3,10,0,1,2.7225,7.58498711207832e-08,0,82136,0,0,0,0,0,0,0,0,0,0,4.149377593361e-07,0,0,NA,NA,1,0,0,-0.0113912133891213,0,0,NA,NA,NA,NA,-8.39498082565392e-08,NA,NA,NA,NA,"priority",1
102007,78,94,71,240,0.00159793122796746,635,42,78,5.09901951359278,13,13,8.54422866587054e-06,6,81870,8.55014046659338e-05,1.4142135623731,2,5.445,3,1,2,1,0.000157894736842105,37.5,1.32780082987552e-05,0,0,0.197881274476783,74.4476057523759,0.946969696969697,0.00757575757575758,0.0454545454545455,0.0113912133891213,0.00591721155804642,0.0125523012552301,NA,NA,2.61803398874989,0.540181513475453,2.74485753857628e-07,NA,NA,NA,NA,"priority",1
102112,222,10,8,36,0.000148651275542291,32,4,6,1,2,5.445,2.98627240713436e-07,0,82132,0,0,0,0,0,0,0,0,0,0,8.29875518672199e-07,0,0,NA,NA,1,0,0,-0.0113912133891213,0,0,NA,NA,NA,NA,-8.44121736704502e-08,NA,NA,NA,NA,"priority",1
102291,126,31,23,240,0.000535873046803639,399,17,70,4.12310562561766,8,5.445,7.88990239226475e-06,2,81808,3.66712301975357e-05,1,2,5.445,1,1,2,1,0.000105263157894737,24,9.12863070539419e-06,0,0,0.0188825293622017,5.31653133969501,1,0,0,0.0113912133891213,0.00418410041841004,0.00418410041841004,NA,NA,0.5,0.707106781186548,1.11241940231294e-07,NA,NA,NA,NA,"priority",1
102184,78,134,203,240,0.00219587176108915,1921,48,222,21.5870331449229,22,163,7.05562569693541e-05,65,81791,0.00114927070215549,16.5529453572468,14,68,14.2126704035519,29,16,15,0.00168421052631579,168.5,3.7344398340249e-05,0,0,0.0796455826727996,10.1756312799007,0.510752688172043,0.182795698924731,0.306451612903226,0.273127615062762,0.0692591855951751,0.0594672401822255,10.3865321981728,2.20063681440482,10.5091004603788,2.15933508621939,4.76636577750755e-06,0.630865800865801,0.504692640692641,0.468695887445887,0.37495670995671,"priority",1
102040,162,95,168,240,0.00162878327458369,1052,35,162,20.2484567313166,14,59.5,2.49670616498415e-05,53,81986,0.00110994560046837,20.2484567313166,11,59.5,13.0384048104053,38,16,13,0.000473684210526316,151.5,2.32365145228216e-05,0,0,0.071253210525654,15.7778821456395,0.720812182741117,0.065989847715736,0.213197969543147,0.237562761506276,0.0847215762816594,0.0545539950226163,8.03020697912396,1.97283819115118,8.25986194752566,1.62059432976675,4.51628699161899e-06,0.633654818996742,0.326428240089231,0.377832304232322,0.194640883998469,"priority",1
102056,66,1,1,14,1.3393335476267e-05,1,1,1,0,1,2.7225,2.2421233520505e-10,0,82038,0,0,0,0,0,0,0,0,0,0,4.149377593361e-07,0,0,NA,NA,1,0,0,-0.0113912133891213,0,0,NA,NA,NA,NA,-4.24084289636338e-08,NA,NA,NA,NA,"priority",1
102157,102,60,204,240,0.00102818952960329,951,22,45,9.05538513813742,10,12,2.56137730743174e-05,5,81989,0.000109770822915269,5.09901951359278,3,2,9.21954445729289,4,3,3,0.000473684210526316,79,2.03319502074689e-05,0,0,0.156161440155762,30.1460357639379,0.908629441624365,0.0152284263959391,0.0761421319796954,-0.00302301255230125,0.0213348096803045,0.0385754998213092,7.10430439897559,1.94763664733548,7.10430439897559,1.94763664733548,2.4977494453818e-07,0.80952380952381,0.80952380952381,0.464285714285714,0.464285714285714,"priority",1
102216,174,20,22,60,0.000283087375533866,80,8,18,2.23606797749979,3,5.445,8.13917478425738e-07,0,81859,0,0,0,0,0,0,0,0,0,1.5,2.0746887966805e-06,0,0,NA,NA,1,0,0,-0.0113912133891213,0,0,NA,NA,NA,NA,-8.45221586249327e-08,NA,NA,NA,NA,"priority",1
102133,198,127,191,240,0.00217195011835908,2183,39,138,31.3049516849971,24,171,6.04432914157243e-05,57,81744,0.00117439812096301,22.2036033111745,17,109.5,17.464249196573,39,19,15,0.000684210526315789,338,4.60580912863071e-05,0,0,0.0646355663666192,11.8049536988278,0.824,0.048,0.128,0.446767782426778,0.0929021059044959,0.0730721723705982,7.80494855595235,3.43554602214699,7.92241127084139,3.03198315607735,4.82910299477222e-06,0.541677525373178,0.235067605350624,0.382102144090635,0.165817911586502,"priority",1
102190,42,61,45,216,0.000886333420451575,407,20,35,7.61577310586391,10,7,6.69656284385029e-06,0,81951,0,0,0,0,0,0,0,0,0,27,7.88381742738589e-06,0,0,0.319150080038369,91.6977609002094,1,0,0,-0.0113912133891213,0,0,NA,NA,NA,NA,-8.45008213268578e-08,NA,NA,NA,NA,"priority",1
102176,114,17,156,156,0.000256371910184374,96,8,150,1.4142135623731,2,5.445,1.28321391342134e-06,0,81750,0,0,0,0,0,0,0,0,0,3,2.9045643153527e-06,0,0,0.0540711745927946,29.8247538089259,1,0,0,-0.0113912133891213,0,0,NA,NA,NA,NA,-4.20271846119314e-08,NA,NA,NA,NA,"priority",1
102047,150,99,59,240,0.00162141177007924,816,30,54,11.1803398874989,15,18,1.28151976132704e-05,10,81851,0.000134390538906061,0,1,2.7225,7,1,1,1,0,82,1.6597510373444e-05,0,0,0.0996223138653985,31.5197322590182,1,0,0,0,1.90175639798605e-18,0.0292887029288703,NA,NA,NA,NA,5.20182824531141e-07,NA,NA,NA,NA,"priority",1
102197,66,113,45,240,0.00177480752518391,952,52,42,26.4764045897475,17,109.5,7.73782526790226e-06,1,81901,1.22098631274343e-05,0,1,2.7225,8.24621125123532,0,1,0,0,141.5,1.70124481327801e-05,0,0,0.140415528341591,75.3437387980377,1,0,0,1.6064208726412e-18,3.78629341586882e-18,0.0345029759465913,NA,NA,NA,NA,8.67714504493056e-09,NA,NA,NA,NA,"priority",1
102054,78,2,4,227,2.99078837181481e-05,8,2,1,1,2,5.445,1.82176040319456e-08,0,81938,0,0,0,0,0,0,0,0,5.26315789473684e-05,0.5,1.2448132780083e-06,0,0,NA,NA,1,0,0,-0.0227824267782427,-0.00418410041841004,-0.00418410041841004,NA,NA,NA,NA,-8.46564035733299e-08,NA,NA,NA,NA,"priority",1
102117,90,15,9,17,0.000235737859500236,31,5,3,2.23606797749979,4,5.445,1.14723800351168e-07,0,82179,0,0,0,0,0,0,0,0,0,1,1.6597510373444e-06,0,0,NA,NA,1,0,0,-0.0113912133891213,0,0,NA,NA,NA,NA,-1.25267466919785e-07,NA,NA,NA,NA,"priority",1
102130,102,60,36,156,0.00117474302496329,444,21,35,11.1803398874989,11,14,5.64822602409257e-06,0,82196,0,0,0,0,0,0,0,0,0,37.5,9.54356846473029e-06,0,0,0.196763897394368,81.108819988508,1,0,0,-0.0113912133891213,0,0,NA,NA,NA,NA,-4.19980769920505e-08,NA,NA,NA,NA,"priority",1
102101,186,16,12,24,0.000332639308110239,50,7,8,1.4142135623731,3,5.445,9.83353218303773e-08,0,82058,0,0,0,0,0,0,0,0,0,0.5,1.2448132780083e-06,0,0,NA,NA,1,0,0,-0.0113912133891213,0,0,NA,NA,NA,NA,-8.39969971073534e-08,NA,NA,NA,NA,"priority",1
102248,66,105,59,240,0.00183913085842346,1786,28,235,36.0555127546399,20,338,4.78210170146207e-05,72,81982,0.00151252714010393,21.9317121994613,13,206,13,52,14,18,0.000736842105263158,465.5,3.69294605809129e-05,0,0,0.0613270169634842,11.0677793778334,0.858333333333333,0.0388888888888889,0.102777777777778,0.850533472803347,0.0917644861902147,0.0543933054393305,9.30430993942653,2.32298866725851,9.35401020259554,2.41843725473765,6.24442486526616e-06,0.657845598196475,0.174135599522596,0.383846323429657,0.10160637973138,"priority",1
102240,54,0,1,-Inf,0,1,1,1,0,0,0,6.65916475524551e-09,0,82019,0,0,0,0,0,0,0,0,0,0,4.149377593361e-07,0,0,NA,NA,1,0,0,0,0,0,NA,NA,NA,NA,0,NA,NA,NA,NA,"priority",1
102205,78,15,21,24,0.000219364075091787,44,6,18,1,2,5.445,8.73149698505096e-08,0,81862,0,0,0,0,0,0,0,0,0,0.5,1.2448132780083e-06,0,0,NA,NA,1,0,0,-0.0113912133891213,0,0,NA,NA,NA,NA,-2.09159005939195e-07,NA,NA,NA,NA,"priority",1
102097,102,47,237,240,0.000705595371294364,519,22,234,13.3416640641263,9,17,9.86198708788493e-06,47,81747,0.000697273294432823,9.21954445729289,9,14,6.70820393249937,10,7,7,5.26315789473684e-05,59.5,1.2448132780083e-05,0,0,0.125582769181215,38.5694703078193,0.974025974025974,0.00649350649350649,0.0194805194805195,0.0471861924686192,0.0385754998213092,0.0280677988807505,4.47723224320653,1.98665296762935,5.0629647953191,1.61062681222333,2.83327181089162e-06,0.711111111111111,0.533333333333333,0.572306397306397,0.429229797979798,"priority",1
102366,114,48,216,228,0.00079439766324872,291,22,210,4.12310562561766,6,7,1.19993034268266e-05,0,81898,0,0,0,0,0,0,0,0,0.000210526315789474,14,6.22406639004149e-06,0,0,0.0351004115109672,4.43859815466697,0.736842105263158,0.0657894736842105,0.197368421052632,-0.0113912133891213,0,0,NA,NA,NA,NA,-8.4620449149266e-08,NA,NA,NA,NA,"priority",1
102218,126,1,1,9,1.05454085291264e-05,1,1,1,0,1,2.7225,8.08445536730685e-12,0,82383,0,0,0,0,0,0,0,0,0,0,4.149377593361e-07,0,0,NA,NA,1,0,0,-0.0113912133891213,0,0,NA,NA,NA,NA,-4.26357342709102e-08,NA,NA,NA,NA,"priority",1
102010,198,39,83,132,0.000658769564846104,253,15,79,5,7,5.445,1.94591822359401e-06,0,81946,0,0,0,0,0,0,0,0,0,15.5,5.39419087136929e-06,0,0,0.0598641019433619,40.5293453081001,1,0,0,-0.0113912133891213,0,0,NA,NA,NA,NA,-4.22048096432251e-08,NA,NA,NA,NA,"priority",1
102214,126,107,228,240,0.00192809899201913,1228,43,234,14.0356688476182,13,28.5,4.00521348683551e-05,86,82023,0.00123136193506699,14.0356688476182,8,16,18.3847763108502,15,15,6,0.00136842105263158,218.5,2.86307053941909e-05,0,0,0.0916656049716249,15.7908799456637,0.782016348773842,0.0681198910081744,0.149863760217984,0.0555543933054393,0.0587266478979841,0.0769237502546035,14.0764749948123,2.24129919120791,13.1231575531314,1.6634954063087,5.11015571102652e-06,0.916666666666667,0.625,0.782857142857143,0.533766233766234,"priority",1
102347,222,19,21,120,0.000342693139711709,93,7,20,2.23606797749979,5,5.445,1.13282056457435e-06,0,81975,0,0,0,0,0,0,0,0,0,7,4.149377593361e-06,0,0,0.0379364442067819,33.8418453971366,1,0,0,-0.0113912133891213,0,0,NA,NA,NA,NA,-4.24011230191839e-08,NA,NA,NA,NA,"priority",1
102177,222,49,226,240,0.000725845780454334,245,22,222,3.16227766016838,7,5.445,1.39322934354315e-05,17,81884,0.000293097552635435,1.4142135623731,3,0.5,4,7,4,3,0.000578947368421053,8,4.5643153526971e-06,0,0,0.26451086375451,21.0984737158901,0.735632183908046,0.0459770114942529,0.218390804597701,-0.00929916317991632,0.00591721155804642,0.0167364016736402,3.33333333333333,0.577350269189626,3.29056941504209,0.479100441507521,1.1838744343194e-06,0.972222222222222,0.972222222222222,0.747619047619048,0.747619047619048,"priority",1
102212,114,1,1,3,1.022662194224e-05,1,1,1,0,1,2.7225,2.01900992008149e-15,0,82230,0,0,0,0,0,0,0,0,0,0,4.149377593361e-07,0,0,NA,NA,1,0,0,-0.0113912133891213,0,0,NA,NA,NA,NA,-4.20863677078371e-08,NA,NA,NA,NA,"priority",1
102277,198,9,23,48,0.000158619764022597,37,4,20,1,2,5.445,5.94355132630173e-08,0,82389,0,0,0,0,0,0,0,0,0,0.5,1.2448132780083e-06,0,0,NA,NA,1,0,0,-0.0227824267782427,-0.00418410041841004,-0.00418410041841004,NA,NA,NA,NA,-8.49718815298235e-08,NA,NA,NA,NA,"priority",1
102139,102,47,240,240,0.000829845136253249,441,19,138,13.6014705087354,9,54,4.88937373601704e-06,47,81943,0.000829845136253249,13.6014705087354,9,54,12.8062484748657,21,9,8,5.26315789473684e-05,109,1.45228215767635e-05,0,0,0.0438062765619737,22.9817379071477,0.958579881656805,0.0118343195266272,0.029585798816568,0.214550209205021,0.0569099184465918,0.0535826296019485,6.74283110736156,2.75872199346982,7.74987748152868,3.38109803155076,3.43014549789531e-06,0.539940476190476,0.142089598997494,0.385595238095238,0.101472431077694,"priority",1
102225,126,19,12,24,0.000283624973795519,52,5,6,1.4142135623731,3,5.445,1.02712402252414e-07,0,82180,0,0,0,0,0,0,0,0,0,0.5,1.2448132780083e-06,0,0,NA,NA,1,0,0,-0.0113912133891213,0,0,NA,NA,NA,NA,-8.3902672396604e-08,NA,NA,NA,NA,"priority",1
102079,42,104,59,240,0.00220538064138805,931,33,66,19.2353840616713,19,81,9.52510661819483e-06,1,81760,4.89236790606654e-05,1,2,5.445,5.3851648071345,3,1,3,0.000105263157894737,100.5,1.95020746887967e-05,0,0,0.0940747873890166,46.9980060712002,0.98582995951417,0,0.01417004048583,0.0113912133891213,0.00418410041841004,0.0225320703227385,4.77647890571122,0.527137453557993,NA,NA,1.20365976687298e-07,NA,NA,NA,NA,"priority",1
102308,234,58,155,180,0.000902661136438945,337,19,162,7.21110255092798,8,6.5,1.01731082230643e-05,0,82303,1.21502253866809e-05,0,1,2.7225,4.47213595499958,1,0,1,0,22.5,8.71369294605809e-06,0,0,0.0527468723617171,11.0096996726763,1,0,0,0,0,0.0187118659205003,NA,NA,NA,NA,-3.26780487783269e-08,NA,NA,NA,NA,"priority",1
102118,174,45,60,216,0.000730140186915888,232,17,54,4.47213595499958,8,5.445,2.16335893970266e-06,0,81707,0,0,0,0,0,0,0,0,0,14,5.39419087136929e-06,0,0,0.0526927051774772,32.0981776761417,1,0,0,-0.0113912133891213,0,0,NA,NA,NA,NA,-8.50478772772739e-08,NA,NA,NA,NA,"priority",1
102243,162,1,1,9,1.03612984779253e-05,1,1,1,0,1,2.7225,7.82989252738063e-25,0,81899,0,0,0,0,0,0,0,0,0,0,4.149377593361e-07,0,0,NA,NA,1,0,0,-0.0113912133891213,0,0,NA,NA,NA,NA,-4.1963116854146e-08,NA,NA,NA,NA,"priority",1
102162,66,32,59,204,0.000568504832291074,171,11,55,5,4,5.445,1.15220064067148e-06,0,81705,0,0,0,0,0,0,0,0,0,9.5,4.9792531120332e-06,0,0,0.309986556851858,326.592042911535,0.951219512195122,0.018970189701897,0.029810298102981,-0.0113912133891213,0,0,NA,NA,NA,NA,-1.27583485848759e-07,NA,NA,NA,NA,"priority",1
102197,198,49,36,192,0.00091588511137163,381,16,34,6.40312423743285,10,12.5,3.68376036907108e-06,0,82036,0,0,0,0,0,0,0,0,0,24.5,8.29875518672199e-06,0,0,0.183862788478771,101.083133768536,1,0,0,-0.0113912133891213,0,0,NA,NA,NA,NA,-1.26100553085433e-07,NA,NA,NA,NA,"priority",1
102057,78,47,24,240,0.000820304369651187,731,15,18,21.2132034355964,15,99,1.63343289501118e-05,14,81851,0.000268781077812122,21.2132034355964,8,99,12.2065556157337,8,5,6,0.000210526315789474,182,1.95020746887967e-05,0,0,0.112193405640253,31.1620324478644,0.935114503816794,0.0190839694656489,0.0458015267175573,0.402834728033473,0.0887581733706963,0.0510734544591368,8.25417206293773,2.45812372888387,8.61048154411418,2.30748986413512,9.5691264547993e-07,0.392328042328042,0.0784656084656085,0.304497354497354,0.0608994708994709,"priority",1
102157,162,17,23,120,0.000354846340781522,106,9,18,2,2,5.445,9.39388324933789e-07,0,81910,0,0,0,0,0,0,0,0,0,2,2.0746887966805e-06,0,0,NA,NA,1,0,0,-0.0113912133891213,0,0,NA,NA,NA,NA,-4.2317927223914e-08,NA,NA,NA,NA,"priority",1
102378,90,46,108,144,0.00093805201924834,382,23,105,4.12310562561766,8,5.5,3.23818795360666e-06,0,81979,0,0,0,0,0,0,0,0,0,25,9.95850622406639e-06,0,0,0.201641604245086,151.355802136063,1,0,0,-0.0113912133891213,0,0,NA,NA,NA,NA,-4.20876377412644e-08,NA,NA,NA,NA,"priority",1
102134,114,64,118,144,0.00091662936198333,271,20,114,4.47213595499958,7,5.445,2.55119277238508e-06,0,81648,1.22476974328826e-05,0,1,2.7225,2,1,0,1,0,9,4.5643153526971e-06,0,0,1.02208005533796,445.711238706891,1,0,0,-0.0113912133891213,-0.00418410041841004,0.00418410041841004,NA,NA,NA,NA,-1.17391631852856e-07,NA,NA,NA,NA,"priority",1
102264,174,152,118,240,0.00251984223596436,1648,57,114,21.1896201004171,29,114.5,3.52599723667594e-05,31,81654,0.000673573860435496,9.8488578017961,9,20,17.464249196573,24,10,9,0.000263157894736842,207.5,3.7344398340249e-05,0,0,0.237944509751822,60.5729716531913,0.933025404157044,0.0207852193995381,0.046189376443418,0.0722907949790795,0.0412086100493561,0.0730721723705982,11.8088732542401,2.23479898949624,11.9085650606461,2.02376936442841,2.6904911463245e-06,0.611643911643912,0.467727697139462,0.433799533799534,0.331729055258467,"priority",1
102176,198,20,23,216,0.000365894096527436,197,11,18,5,5,5.445,3.51424842532035e-06,0,82032,0,0,0,0,0,0,0,0,0,21.5,5.39419087136929e-06,0,0,0.374037961689434,139.979558152355,1,0,0,-0.0113912133891213,9.30377987925412e-19,9.39450809452488e-19,NA,NA,NA,NA,-8.49046351138401e-08,NA,NA,NA,NA,"priority",1
102279,126,12,11,12,0.000196286717162387,22,7,7,1,2,5.445,8.34076803243608e-08,0,81682,0,0,0,0,0,0,0,0,0,0,8.29875518672199e-07,0,0,NA,NA,1,0,0,-0.0113912133891213,0,0,NA,NA,NA,NA,-8.35800407185242e-08,NA,NA,NA,NA,"priority",1
102194,210,0,1,-Inf,1.35624482931659e-05,2,1,1,0,1,2.7225,2.32942221749061e-14,0,82106,0,0,0,0,0,0,0,0,0,0,4.149377593361e-07,0,0,NA,NA,1,0,0,0,0,0,NA,NA,NA,NA,0,NA,NA,NA,NA,"priority",1
102309,102,129,180,240,0.00232365750991508,2082,38,126,26.2488094968134,25,182.5,4.49023294225162e-05,7,81996,9.75657349138982e-05,1,2,5.445,10,1,2,1,5.26315789473684e-05,246,4.35684647302905e-05,0,0,0.147866864469497,34.9884779678736,0.997252747252747,0,0.00274725274725275,0.0113912133891213,0.00418410041841004,0.0418410041841004,NA,NA,9.60977222864644,0.551865406662827,3.23968193631973e-07,NA,NA,NA,NA,"priority",1
102060,174,35,108,144,0.000768752059157301,339,13,103,4.47213595499958,7,5.445,2.48148050865172e-06,0,81803,0,0,0,0,0,0,0,0,0,26.5,7.88381742738589e-06,0,0,0.493772183795529,382.715012575128,1,0,0,-0.0227824267782427,-0.00418410041841004,-0.00418410041841004,NA,NA,NA,NA,-8.56309692278261e-08,NA,NA,NA,NA,"priority",1
102032,30,58,94,180,0.000842210689247018,541,26,126,13.0384048104053,11,32.5,8.51695176882667e-06,0,82049,0,0,0,0,0,0,0,0,0,36,1.16182572614108e-05,0,0,0.107312009359779,35.8163843089533,1,0,0,-0.0113912133891213,0,0,NA,NA,NA,NA,-1.67191809172953e-07,NA,NA,NA,NA,"priority",1
102224,222,58,132,228,0.00103393747719256,1303,21,212,36.7695526217005,11,116.5,2.6780761598615e-05,0,81729,0,0,0,0,0,0,0,0,0.000526315789473684,327.5,2.53112033195021e-05,0,0,0.102349801561617,23.5831197690485,0.739495798319328,0.0756302521008403,0.184873949579832,-0.0113912133891213,-7.65651992126218e-18,-3.82825996063109e-18,NA,NA,NA,NA,-8.43534619251237e-08,NA,NA,NA,NA,"priority",1
102317,90,121,59,240,0.00218149023813586,1629,43,54,19.8494332412792,21,77.5,2.81639270928373e-05,28,82307,0.000461686126331904,12.1655250605964,7,17.5,6.08276253029822,10,7,6,0.000210526315789474,193,3.40248962655602e-05,0,0,0.076511823516902,22.1448271146221,0.911347517730496,0.0390070921985816,0.049645390070922,0.0618305439330544,0.0509017784962194,0.0254508892481097,5.30595000713026,0.645192549709939,5.41692322472569,0.658103264692335,1.84665605333493e-06,0.684006211180124,0.390860692102928,0.521059782608696,0.297748447204969,"priority",1
102136,174,31,239,240,0.000537365200718115,112,11,235,8.06225774829855,6,8,6.14748299791697e-06,30,81881,0.000537365200718115,8.06225774829855,6,8,7.61577310586391,14,6,4,0.000157894736842105,10.5,3.3195020746888e-06,0,0,0.0400850106147123,4.67703444722141,0.940677966101695,0.0127118644067797,0.0466101694915254,0.022081589958159,0.0337332960179856,0.0318651594387611,3.48508210655017,4.05860447454604,2.78969843345606,3.44399465453234,2.20634503910759e-06,0.555241385598528,0.431854411021078,0.388229825729826,0.301956531123198,"priority",1
102052,126,19,22,72,0.000388771368132182,115,9,57,5.09901951359278,4,5.445,4.42459672485772e-07,0,82150,0,0,0,0,0,0,0,0,0,2.5,2.9045643153527e-06,0,0,0.0771684220698961,123.411564579048,1,0,0,-0.0113912133891213,0,0,NA,NA,NA,NA,-4.16307688016521e-08,NA,NA,NA,NA,"priority",1
102236,126,1,1,2,1.02032487143907e-05,1,1,1,0,1,2.7225,3.97926644507822e-10,0,81875,0,0,0,0,0,0,0,0,0,0,4.149377593361e-07,0,0,NA,NA,1,0,0,-0.0113912133891213,0,0,NA,NA,NA,NA,-4.23290582254397e-08,NA,NA,NA,NA,"priority",1
102148,186,6,20,35,0.000114347135032532,17,2,16,1.4142135623731,2,5.445,2.76033782377027e-07,0,81986,0,0,0,0,0,0,0,0,0,0,8.29875518672199e-07,0,0,NA,NA,1,0,0,-0.0113912133891213,0,0,NA,NA,NA,NA,-4.204576706973e-08,NA,NA,NA,NA,"priority",1
102288,186,43,35,240,0.000766572568869853,440,16,58,16.1554944214035,9,46,7.97983109035835e-06,14,81981,0.000243958966101902,12.0415945787923,2,5.445,10.816653826392,6,2,2,5.26315789473684e-05,105.5,1.2448132780083e-05,0,0,0.06304636877923,23.9012084665192,0.982558139534884,0.00581395348837209,0.0116279069767442,0.0113912133891213,0.0503832409154489,0.0452579658008032,6.98946574328017,5.41246129288939,6.98946574328017,5.41246129288939,9.78044759044653e-07,NA,NA,NA,NA,"priority",1
102046,138,23,22,36,0.000505904273040238,121,8,11,2.82842712474619,5,5.445,2.65184150066128e-07,0,82174,0,0,0,0,0,0,0,0,0,4.5,3.3195020746888e-06,0,0,0.10083021208348,308.146055226363,1,0,0,-0.0113912133891213,0,0,NA,NA,NA,NA,-1.26485567722671e-07,NA,NA,NA,NA,"priority",1
102148,114,14,23,36,0.000229534160421425,26,5,21,1.4142135623731,2,5.445,1.15724322478207e-07,0,82042,0,0,0,0,0,0,0,0,0,0,8.29875518672199e-07,0,0,NA,NA,1,0,0,-0.0113912133891213,0,0,NA,NA,NA,NA,-4.2740259238478e-08,NA,NA,NA,NA,"priority",1
102418,78,73,48,132,0.00152559956062733,474,40,45,8.06225774829855,12,17,4.23453326467049e-06,0,82071,0,0,0,0,0,0,0,0,0,31.5,1.16182572614108e-05,0,0,0.0629502230140023,42.0632409594541,1,0,0,-0.0113912133891213,0,0,NA,NA,NA,NA,-1.28341389464952e-07,NA,NA,NA,NA,"priority",1
102121,42,85,60,168,0.00125304718292211,410,37,54,8.06225774829855,10,16.5,4.72917228394214e-06,0,81658,0,0,0,0,0,0,0,0,0,22.5,8.29875518672199e-06,0,0,0.248727534623707,106.395269097033,1,0,0,-0.0113912133891213,0,9.36163335208786e-19,NA,NA,NA,NA,-8.44079164496683e-08,NA,NA,NA,NA,"priority",1
102090,102,142,240,240,0.00262698092689662,512,52,234,18.0277563773199,17,61,1.21418779000073e-05,142,81843,0.00262698092689662,18.0277563773199,17,35.5,12.0415945787923,73,27,28,0.000315789473684211,102.5,1.20331950207469e-05,0,0,0.0555037776862083,12.2427498387343,0.8875,0.06875,0.04375,0.137144351464435,0.0754299430013387,0.0503832409154489,9.22834184060305,1.97630212530696,9.08593153355436,2.0384562458672,1.08668482862004e-05,0.661931369284311,0.441287579522874,0.434831664341468,0.289887776227645,"priority",1
102228,54,63,177,204,0.000900009000090001,182,18,174,4,4,5.445,4.28097091427553e-06,0,82172,0,0,0,0,0,0,0,0,0,2.5,2.9045643153527e-06,0,0,0.949385157384145,157.163520518582,1,0,0,-0.0113912133891213,0,0,NA,NA,NA,NA,-8.46761058508903e-08,NA,NA,NA,NA,"priority",1
102093,150,451,216,240,0.00770276393294064,6030,148,210,53.1507290636732,86,920.5,0.000262010289155704,343,81711,0.00603345938735299,39.8120584747888,65,725,23.3238075793812,150,77,63,0.00568421052631579,967.5,0.000121161825726141,0,0,0.112244415743009,12.5439677845908,0.49171974522293,0.138853503184713,0.369426751592357,3.02208158995816,0.166577650522129,0.0975891530518042,15.0319556969092,4.51259777724106,14.9807672826435,4.24790830104785,2.52027463868315e-05,0.697866940590949,0.194858950944226,0.518181055300808,0.144686918038537,"priority",1
102236,102,30,58,96,0.000460178506453201,195,15,54,3.16227766016838,6,5.445,1.64125320788574e-06,0,82062,0,0,0,0,0,0,0,0,0,9.5,4.5643153526971e-06,0,0,0.085912499759266,58.199220436811,1,0,0,-0.0113912133891213,0,0,NA,NA,NA,NA,-1.70383207167408e-07,NA,NA,NA,NA,"priority",1
102211,174,12,10,12,0.000142046895768017,15,4,4,0,1,2.7225,1.5688051932439e-08,0,81927,0,0,0,0,0,0,0,0,0,0,4.149377593361e-07,0,0,NA,NA,1,0,0,-0.0113912133891213,0,0,NA,NA,NA,NA,-1.26897310424195e-07,NA,NA,NA,NA,"priority",1
102144,102,15,12,144,0.000245071009324952,46,6,8,2,3,5.445,2.72428503255016e-07,0,81975,0,0,0,0,0,0,0,0,0,1,1.6597510373444e-06,0,0,NA,NA,1,0,0,-0.0113912133891213,0,0,NA,NA,NA,NA,-4.27638480244685e-08,NA,NA,NA,NA,"priority",1
102154,126,404,204,240,0.0069192710884687,5932,132,174,39.6232255123179,67,907.5,0.000198966007422403,318,81600,0.00556372549019608,38.3275357934736,49,868.5,30.6104557300279,136,64,55,0.00357894736842105,979,0.000111203319502075,0,0,0.122256372538443,16.3774415875943,0.57942238267148,0.0776173285198556,0.342960288808664,3.6225,0.160366258550099,0.128077220627732,18.9851100256771,9.10546015699262,18.8576479089059,8.88632209348695,2.31533586363091e-05,0.766595557220557,0.1287123404716,0.562793633613498,0.0944937458906614,"priority",1
102417,90,86,144,229,0.00144319557746169,725,28,138,24.1867732448956,10,31.5,1.33379977638437e-05,0,82020,0,0,0,0,0,0,0,0,0,183,1.57676348547718e-05,0,0,0.211412885978821,60.9449955946485,1,0,0,-0.0113912133891213,0,3.72041865772684e-18,NA,NA,NA,NA,-4.18075581375903e-08,NA,NA,NA,NA,"priority",1
102207,162,43,46,240,0.00073295870999267,290,14,37,5.65685424949238,12,11,3.49516952322064e-06,3,82219,7.29758328366923e-05,0,1,2.7225,2.23606797749979,3,1,1,0,23,7.46887966804979e-06,0,0,0.100820875088584,52.5935256187428,1,0,0,0,0,0.00935593296025017,NA,NA,NA,NA,2.63345615244891e-07,NA,NA,NA,NA,"priority",1
102160,90,41,46,192,0.000759463882678875,293,18,42,6.08276253029822,6,5.445,2.15822900407443e-06,0,81828,0,0,0,0,0,0,0,0,0,21,6.63900414937759e-06,0,0,0.151011104080173,113.368916451864,1,0,0,-0.0113912133891213,0,0,NA,NA,NA,NA,-4.25312869716505e-08,NA,NA,NA,NA,"priority",1
102181,126,43,108,228,0.000900199503673787,475,16,106,6.70820393249937,8,10,7.64428689061677e-06,0,81707,0,0,0,0,0,0,0,0,5.26315789473684e-05,36.5,1.2448132780083e-05,0,0,0.101141637695068,40.233914149196,0.971698113207547,0.00471698113207547,0.0235849056603774,-0.0113912133891213,0,0,NA,NA,NA,NA,-1.26661701246507e-07,NA,NA,NA,NA,"priority",1
102334,162,34,152,240,0.000536879995119273,366,13,133,7.28010988928052,6,5.5,1.3191521147743e-05,5,82046,0.000109694561587402,2.23606797749979,3,1,4.24264068711928,4,2,3,0.000421052631578947,24.5,7.88381742738589e-06,0,0,0.112351042355139,16.3599268477263,0.862745098039216,0.0522875816993464,0.0849673202614379,-0.0185983263598326,0.00517183254184012,0.0135675342557292,3.84267465763511,0.59226447922643,4.18287315636847,0.0845240525773495,3.74230070424509e-07,0.374098124098124,0.280573593073593,0.220779220779221,0.165584415584416,"priority",1
102051,42,137,168,240,0.00246895472768163,1343,36,162,13.4536240470737,22,85.5,3.86216087184994e-05,12,81910,0.00021975338786473,12.8062484748657,4,10,11.3137084989848,6,3,4,0.000210526315789474,122,2.57261410788382e-05,0,0,0.199874464899668,32.0991713085531,0.929411764705882,0.0156862745098039,0.0549019607843137,0.0304497907949791,0.0535826296019485,0.0473376924643714,8.64350003111351,4.44070673236302,4.95540459674481,4.9158872977155,8.77398685799145e-07,0.708695652173913,0.708695652173913,0.516666666666667,0.516666666666667,"priority",1
102071,210,52,59,240,0.00116107111866147,910,27,61,15.2315462117278,13,54,1.85969597966905e-05,10,81905,0.00021976680300348,2.23606797749979,4,1,8.24621125123532,8,4,4,5.26315789473684e-05,114,2.32365145228216e-05,0,0,0.0432652974652063,13.1661455788124,0.982758620689655,0.00431034482758621,0.0129310344827586,-0.00720711297071129,0.00935593296025017,0.0345029759465913,7.60555103391507,0.455475532476354,7.22104920423108,0.376737556881371,8.3552768899486e-07,0.403174603174603,0.403174603174603,0.234603174603175,0.234603174603175,"priority",1
102148,174,21,24,168,0.000355579533332516,171,5,19,4.47213595499958,6,5.445,2.60842143756504e-06,0,82068,0,0,0,0,0,0,0,0,0,8.5,5.39419087136929e-06,0,0,0.0567907488586519,28.699603803501,1,0,0,-0.0113912133891213,0,0,NA,NA,NA,NA,-4.19538600676825e-08,NA,NA,NA,NA,"priority",1
102144,54,15,24,228,0.000285671843040463,115,6,21,2.23606797749979,4,5.445,4.01481858805912e-06,0,81988,0,0,0,0,0,0,0,0,0.000105263157894737,3.5,2.9045643153527e-06,0,0,0.217270610107645,38.3206347591104,0.971111111111111,0.00444444444444444,0.0244444444444444,-0.0113912133891213,0,0,NA,NA,NA,NA,-1.25598371575246e-07,NA,NA,NA,NA,"priority",1
102130,114,1,1,2,1.01011121324458e-05,1,1,1,0,1,2.7225,2.36223411166335e-10,0,82014,0,0,0,0,0,0,0,0,0,0,4.149377593361e-07,0,0,NA,NA,1,0,0,-0.0113912133891213,0,0,NA,NA,NA,NA,-4.19168737255437e-08,NA,NA,NA,NA,"priority",1
102088,234,7,33,36,0.000160954567890637,17,3,32,0,1,2.7225,2.3076515568727e-09,0,82120,0,0,0,0,0,0,0,0,0,0,8.29875518672199e-07,0,0,NA,NA,1,0,0,-0.0113912133891213,0,0,NA,NA,NA,NA,-4.2096106590036e-08,NA,NA,NA,NA,"priority",1
102164,198,24,58,108,0.000387672029463074,126,9,33,4.47213595499958,4,5.445,7.14396077253408e-07,0,82296,0,0,0,0,0,0,0,0,0,5,3.3195020746888e-06,0,0,0.0542633729880286,61.5128375522398,1,0,0,-0.0113912133891213,0,0,NA,NA,NA,NA,-8.51976750065678e-08,NA,NA,NA,NA,"priority",1
102360,198,99,227,240,0.00155907429963459,386,35,222,5.8309518948453,12,13.5,2.51100241213969e-05,37,82324,0.000558767795539575,5.09901951359278,7,8.5,5.09901951359278,9,9,6,0.000789473684210526,17,7.46887966804979e-06,0,0,0.0866685652501641,6.18731655951834,0.779017857142857,0.0401785714285714,0.180803571428571,0.024173640167364,0.0213348096803045,0.0213348096803045,3.86759484729339,1.56526423220732,3.08897896270862,1.90800552644287,2.25328245066031e-06,0.845,0.845,0.715595238095238,0.715595238095238,"priority",1
102119,126,6,9,24,9.87008500610711e-05,17,3,1,2.23606797749979,4,5.445,3.07476057676773e-07,0,82011,0,0,0,0,0,0,0,0,0,0,8.29875518672199e-07,0,0,NA,NA,1,0,0,-0.0113912133891213,0,0,NA,NA,NA,NA,-1.26381140496271e-07,NA,NA,NA,NA,"priority",1
102162,210,50,240,240,0.000930676822473396,416,22,234,11.0453610171873,11,17,6.81197558369959e-06,50,81661,0.000930676822473396,11.0453610171873,8,17,7.07106781186548,26,10,9,0.000263157894736842,60.5,1.03734439834025e-05,0,0,0.0612134237760631,19.4764185202752,0.912751677852349,0.029082774049217,0.058165548098434,0.0597384937238494,0.0462148996535032,0.0295860577902321,3.55961370995168,0.703771280612226,3.77977329065994,1.29671116942216,3.76864641464216e-06,0.673737373737374,0.352910052910053,0.416810966810967,0.21832955404384,"priority",1
102099,78,190,227,240,0.00314207817294879,2936,55,222,31.8276609256791,34,365,9.22523196363516e-05,170,81793,0.00314207817294879,31.8276609256791,30,365,20.5182845286832,87,34,29,0.00215789473684211,367,5.64315352697095e-05,0,0,0.182221202437041,26.0065032362485,0.53314121037464,0.109510086455331,0.357348703170029,1.51580543933054,0.133170129396147,0.0858505628815196,7.95377145136917,3.53244184707042,7.82351176145012,3.14763290776435,1.30628780193712e-05,0.771889946115952,0.186666196119544,0.524149319195759,0.126755064119236,"priority",1
102211,150,21,48,74,0.000391255440895975,163,10,58,19.2093727122985,9,28,9.44153905060048e-07,0,82012,0,0,0,0,0,0,0,0,0,37,4.9792531120332e-06,0,0,0.0935081878151045,120.353813424757,1,0,0,-0.0113912133891213,0,0,NA,NA,NA,NA,-4.18359838660366e-08,NA,NA,NA,NA,"priority",1
102338,222,46,192,240,0.000839079201780307,515,17,181,12.369316876853,11,36.5,2.01807038713982e-05,1,82258,2.43137445597997e-05,0,1,2.7225,2.23606797749979,1,1,1,0.000105263157894737,72,1.2448132780083e-05,0,0,0.0901869672072175,13.5722808872003,0.953703703703704,0.0185185185185185,0.0277777777777778,0,-9.58879554463187e-19,0.00935593296025016,NA,NA,NA,NA,-2.46131013926887e-08,NA,NA,NA,NA,"priority",1
102275,102,47,95,228,0.000774011428051085,433,14,58,6.08276253029822,10,9,6.87518420418855e-06,0,82224,0,0,0,0,0,0,0,0,0.000157894736842105,31.5,1.07883817427386e-05,0,0,0.112825493219846,43.1288540567443,0.956521739130435,0.00434782608695652,0.0391304347826087,-0.0227824267782427,-0.00418410041841004,-0.00418410041841004,NA,NA,NA,NA,-8.49494542252414e-08,NA,NA,NA,NA,"priority",1
102115,138,3,8,12,6.1808517213672e-05,8,1,1,1,2,5.445,3.3504103748072e-08,0,81703,0,0,0,0,0,0,0,0,0,0,4.149377593361e-07,0,0,NA,NA,1,0,0,-0.0113912133891213,0,0,NA,NA,NA,NA,-4.19055387137195e-08,NA,NA,NA,NA,"priority",1
102004,66,1,1,5,1.0382814365662e-05,1,1,1,0,1,2.7225,1.15147963980843e-15,0,81928,0,0,0,0,0,0,0,0,0,0,4.149377593361e-07,0,0,NA,NA,1,0,0,-0.0113912133891213,0,0,NA,NA,NA,NA,-4.19980769920507e-08,NA,NA,NA,NA,"priority",1
102168,126,50,60,240,0.000771321530889591,425,16,23,8.06225774829855,10,23,6.12285263628853e-06,16,81963,0.000244012542244671,2.23606797749979,4,1.5,4.47213595499958,4,4,3,0,28,1.12033195020747e-05,0,0,0.536729941311908,199.971158034756,1,0,0,-0.00511506276150627,0.00935593296025017,0.0187118659205003,3.95901810076241,0.699473742719014,3.91278239963075,0.503499610247923,9.79157901268005e-07,0.378957688338493,0.378957688338493,0.302291021671827,0.302291021671827,"priority",1
102194,66,5,31,60,0.000113987392994335,30,5,56,2,3,5.445,4.16861028275569e-07,0,81907,0,0,0,0,0,0,0,0,0,2,2.4896265560166e-06,0,0,0.0245039722332374,35.7479750069398,1,0,0,-0.0227824267782427,-0.00418410041841004,-0.00418410041841004,NA,NA,NA,NA,-1.27935883311557e-07,NA,NA,NA,NA,"priority",1
102174,174,52,108,156,0.000954911058604606,337,15,102,11.4017542509914,8,24.5,3.74490060773732e-06,0,82035,0,0,0,0,0,0,0,0,0,44.5,9.95850622406639e-06,0,0,0.0395524976758444,25.6139439707013,1,0,0,-0.0113912133891213,-1.83764685407423e-18,1.84973952059075e-18,NA,NA,NA,NA,-1.25431447595557e-07,NA,NA,NA,NA,"priority",1
102274,90,93,72,144,0.00159451486885115,617,33,66,7.28010988928052,13,20.5,7.04017310193255e-06,0,82153,0,0,0,0,0,0,0,0,0,33,1.12033195020747e-05,0,0,0.182864660380769,70.9292786503301,1,0,0,-0.0113912133891213,-9.48536917538285e-19,0,NA,NA,NA,NA,-1.67987249431794e-07,NA,NA,NA,NA,"priority",1
102175,150,32,24,240,0.000659268212284364,201,12,24,5,9,5.445,3.23599273508267e-06,4,82057,0.000109679856684987,0,1,2.7225,3,5,1,1,0,14,6.63900414937759e-06,0,0,0.106376854317945,53.3563180657923,1,0,0,-0.0113912133891213,-0.00418410041841004,0.00836820083682008,NA,NA,NA,NA,3.74040482442834e-07,NA,NA,NA,NA,"priority",1
102180,150,37,131,216,0.000633682671216183,554,13,120,9.48683298050514,8,25.5,9.67902490839593e-06,0,81679,0,0,0,0,0,0,0,0,0,55,1.36929460580913e-05,0,0,0.0411192857669706,14.2051876414739,1,0,0,-0.0113912133891213,0,0,NA,NA,NA,NA,-8.44905832499024e-08,NA,NA,NA,NA,"priority",1
102318,102,25,108,144,0.00042547501246034,176,9,106,3.60555127546399,6,5.445,2.78110716486514e-06,0,82059,0,0,0,0,0,0,0,0,0,11,5.39419087136929e-06,0,0,0.72157793037787,341.667613918486,1,0,0,-0.0113912133891213,0,0,NA,NA,NA,NA,-4.23483372645294e-08,NA,NA,NA,NA,"priority",1
102162,222,21,9,24,0.000305278261135025,53,8,6,1.4142135623731,2,5.445,2.33428593647571e-07,0,81935,0,0,0,0,0,0,0,0,0,0,8.29875518672199e-07,0,0,NA,NA,1,0,0,-0.0113912133891213,0,0,NA,NA,NA,NA,-1.26400230149539e-07,NA,NA,NA,NA,"priority",1
102071,66,22,36,168,0.000433666191155492,160,8,59,6.70820393249937,5,9,1.11942912369708e-06,0,81788,0,0,0,0,0,0,0,0,0,17,6.22406639004149e-06,0,0,0.0311716098378726,42.3623225136668,1,0,0,-0.0113912133891213,0,0,NA,NA,NA,NA,-8.59661283997831e-08,NA,NA,NA,NA,"priority",1
102390,174,54,156,240,0.00105596620908131,858,18,186,12.6491106406735,10,57,1.84354409476796e-05,24,81950,0.00036607687614399,5.3851648071345,3,1,7.28010988928052,6,3,3,5.26315789473684e-05,109,1.70124481327801e-05,0,0,0.0932680120382456,20.9670187684701,0.991891891891892,0.00810810810810811,0,-0.0072071129707113,0.0225320703227385,0.0304607108338097,5.20155506987243,2.81349200863032,5.20155506987243,2.81349200863032,1.48954565234051e-06,0.775252525252525,0.775252525252525,0.611616161616162,0.611616161616162,"priority",1
102124,90,97,166,240,0.00168469370315209,822,29,150,29.6816441593117,20,91,2.30415017950551e-05,5,81991,8.53752241099633e-05,1.4142135623731,3,0.5,4.47213595499958,2,2,2,0.000263157894736842,160,1.82572614107884e-05,0,0,0.159436413603808,30.8240921862179,0.971098265895954,0.0115606936416185,0.0173410404624277,-0.00929916317991633,0.00591721155804642,0.0187118659205003,4.35738832105943,0.16227766016838,4.03884361523178,0.612767903371987,3.15525516865144e-07,0.331944444444444,0.331944444444444,0.255555555555556,0.255555555555556,"priority",1
102150,174,19,23,36,0.000380102259769241,93,7,20,3.60555127546399,3,5.445,3.25993019463335e-07,0,81758,0,0,0,0,0,0,0,0,0,2.5,2.0746887966805e-06,0,0,NA,NA,1,0,0,-0.0113912133891213,0,0,NA,NA,NA,NA,-2.5242426157279e-07,NA,NA,NA,NA,"priority",1
102150,78,84,119,240,0.00158633312995729,1446,29,118,17.0293863659264,13,62,3.19397803360601e-05,14,81667,0.000195917567683397,2.23606797749979,2,5.445,11.1803398874989,2,3,2,0.000473684210526316,108,3.02904564315353e-05,0,0,0.158362106853245,36.6121692513182,0.96875,0.00347222222222222,0.0277777777777778,0.0113912133891213,0.00935593296025016,0.0467796648012508,11.1803398874989,0,10.7868932583326,0.681469551782771,7.77313577741216e-07,NA,NA,NA,NA,"priority",1
102168,90,172,215,240,0.00280864722904457,2373,54,222,24.7588368062799,30,218,8.02461744797179e-05,154,81854,0.00274879663791629,21.5870331449229,24,180.5,19.4164878389476,71,31,26,0.00178947368421053,326.5,5.31120331950207e-05,0,0,0.156883755665958,24.4781390127614,0.746231155778894,0.0653266331658292,0.188442211055276,0.743838912133891,0.0903223144139034,0.0812405348909941,14.2097520421134,3.09939748624147,14.1284180240747,3.6924333812407,1.14164053879227e-05,0.800606066047242,0.338717951019987,0.582972404897539,0.246642171302805,"priority",1
102150,222,1,1,1,1.02278771018287e-05,1,1,1,0,1,2.7225,4.6411345839724e-09,0,82115,0,0,0,0,0,0,0,0,0,0,4.149377593361e-07,0,0,NA,NA,1,0,0,-0.0113912133891213,0,0,NA,NA,NA,NA,-4.27944648612081e-08,NA,NA,NA,NA,"priority",1
102167,54,1,1,4,1.03466114847387e-05,1,1,1,0,1,2.7225,2.04848637560753e-15,0,81857,0,0,0,0,0,0,0,0,0,0,4.149377593361e-07,0,0,NA,NA,1,0,0,-0.0113912133891213,0,0,NA,NA,NA,NA,-4.22167331087685e-08,NA,NA,NA,NA,"priority",1
102137,198,26,24,96,0.000512870610071802,124,9,18,2.23606797749979,6,5.445,6.02194094959242e-07,0,82134,0,0,0,0,0,0,0,0,0,4,2.9045643153527e-06,0,0,0.118499680662161,139.535032197158,1,0,0,-0.0113912133891213,0,0,NA,NA,NA,NA,-4.2565901486414e-08,NA,NA,NA,NA,"priority",1
102188,78,114,84,240,0.00190937173156909,1162,28,54,16.2788205960997,18,81,2.31045306379741e-05,65,82020,0.00103633260180444,10,10,26,10.0498756211209,20,11,11,0.000631578947368421,167,2.57261410788382e-05,0,0,0.135827064554053,36.1153762010768,0.796812749003984,0.0557768924302789,0.147410358565737,0.0973953974895398,0.0418410041841004,0.0420496887913008,7.69495286656859,2.20600780130456,8.2422647463004,1.50717584809566,4.25102595975392e-06,0.71578499098742,0.581575305177279,0.557536409900068,0.452998333043805,"priority",1
102017,150,75,107,144,0.00118809940839999,313,23,102,6.40312423743285,12,14,3.73729191568644e-06,0,81955,0,0,0,0,0,0,0,0,0,15.5,6.22406639004149e-06,0,0,0.0262363774745179,10.6516768695324,1,0,0,-0.0113912133891213,-9.35834967400379e-19,0,NA,NA,NA,NA,-4.27918388431962e-08,NA,NA,NA,NA,"priority",1
102171,54,51,215,240,0.000887980634723692,349,16,211,6.70820393249937,8,10,1.16832445408351e-05,11,82008,0.000158521119890742,1,2,5.445,2.23606797749979,2,2,2,0.000368421052631579,17,7.46887966804979e-06,0,0,0.143033400917946,21.6447108642562,0.88961038961039,0.0324675324675325,0.0779220779220779,0.0113912133891213,0.00418410041841004,0.00935593296025017,2.11803398874989,0.166925267711095,2.23606797749979,0,6.21225051931035e-07,NA,NA,NA,NA,"priority",1
102118,126,10,12,24,0.000172882193134107,22,4,6,0,1,2.7225,9.56827040188703e-08,0,82225,0,0,0,0,0,0,0,0,0,0,4.149377593361e-07,0,0,NA,NA,1,0,0,-0.0113912133891213,0,0,NA,NA,NA,NA,-8.43543122367275e-08,NA,NA,NA,NA,"priority",1
102079,78,37,71,132,0.000683456925127294,227,16,68,5,6,6.5,2.87035992035536e-06,0,82017,0,0,0,0,0,0,0,0,0,12,5.39419087136929e-06,0,0,0.182454326415813,83.5362104002921,1,0,0,-0.0113912133891213,0,0,NA,NA,NA,NA,-4.24097185093102e-08,NA,NA,NA,NA,"priority",1
102398,54,47,155,240,0.000781002123349523,420,24,215,8.24621125123532,8,18.5,1.17715463426001e-05,35,82004,0.000573142773523243,8.24621125123532,6,18.5,7.61577310586391,12,6,7,0.000421052631578947,30,8.71369294605809e-06,0,0,0.194835977674578,31.5599815474739,0.916666666666667,0.00231481481481481,0.0810185185185185,0.0660146443514644,0.0345029759465913,0.0318651594387611,1.63488574723001,2.71692350998113,2.10592299061683,3.04599836328087,2.35578097197076e-06,0.771428571428571,0.617142857142857,0.569444444444444,0.455555555555556,"priority",1
102238,234,101,72,240,0.00177773448439612,830,35,66,10.770329614269,18,36.5,7.46182148589567e-06,12,82363,0.000267110231536005,8.24621125123532,3,9,5,10,2,3,0,55,1.70124481327801e-05,0,0,0.0658362011691538,36.5977667328035,1,0,0,0.026265690376569,0.0345029759465913,0.0209205020920502,4.09512776192868,0.919180569976053,3.64269164289302,0.67940796992286,1.03347291890601e-06,0.544444444444444,0.544444444444444,0.294444444444444,0.294444444444444,"priority",1
102185,114,42,84,240,0.000684379048224281,377,14,79,7.28010988928052,9,26,9.97192716350264e-06,27,81877,0.000427470474003688,1,2,5.445,7.61577310586391,8,3,2,0,35.5,7.46887966804979e-06,0,0,0.113724635342115,20.7389462450989,1,0,0,0.0113912133891213,0.00418410041841004,0.0318651594387611,7.44794149757221,0.237349736641004,7.39199762814165,0.193795248451476,1.74612233306913e-06,NA,NA,NA,NA,"priority",1
102069,54,53,227,240,0.000785501240864279,153,18,213,2.82842712474619,7,5.445,8.50926900265049e-06,11,81856,0.00018324863174355,2.82842712474619,3,1,3.60555127546399,4,3,2,0.000473684210526316,3,2.9045643153527e-06,0,0,1.34963924708563,100.592514869551,0.758620689655172,0.0387931034482759,0.202586206896552,-0.0072071129707113,0.0118344231160928,0.00573005564001757,2.30277563773199,1.84240297560984,1.66666666666667,0.577350269189626,7.24053629205737e-07,0.791666666666667,0.791666666666667,0.541666666666667,0.541666666666667,"priority",1
102156,150,12,12,29,0.000196524976012393,28,5,8,1,2,5.445,3.22918713084348e-07,0,82056,0,0,0,0,0,0,0,0,0,1,1.6597510373444e-06,0,0,NA,NA,1,0,0,-0.0113912133891213,0,0,NA,NA,NA,NA,-4.19084768317996e-08,NA,NA,NA,NA,"priority",1
102147,66,41,24,230,0.000627346224286394,198,14,18,4.12310562561766,9,5.445,1.75155569199939e-06,0,81831,1.22203077073481e-05,0,1,2.7225,1.4142135623731,1,0,1,0,8,4.9792531120332e-06,0,0,0.0514876453276533,35.7243846670762,1,0,0,-0.0113912133891213,-0.00418410041841004,0.00173311113963638,NA,NA,NA,NA,-1.16591949244797e-07,NA,NA,NA,NA,"priority",1
102070,210,14,36,48,0.000275355667737494,78,12,22,1.4142135623731,3,5.445,2.78029183323649e-07,0,81748,0,0,0,0,0,0,0,0,0,1.5,2.0746887966805e-06,0,0,NA,NA,1,0,0,-0.0113912133891213,0,0,NA,NA,NA,NA,-4.18188401987951e-08,NA,NA,NA,NA,"priority",1
102130,162,13,17,36,0.000196908535985035,39,3,8,1.4142135623731,2,5.445,3.17727272080141e-07,0,81969,0,0,0,0,0,0,0,0,0,0,8.29875518672199e-07,0,0,NA,NA,1,0,0,-0.0113912133891213,0,0,NA,NA,NA,NA,-4.22892704508797e-08,NA,NA,NA,NA,"priority",1
102387,30,1,1,11,1.14251765189772e-05,1,1,1,0,1,2.7225,2.45478899613957e-08,0,81866,0,0,0,0,0,0,0,0,0,0,4.149377593361e-07,0,0,NA,NA,1,0,0,-0.0113912133891213,0,0,NA,NA,NA,NA,-4.27822128671783e-08,NA,NA,NA,NA,"priority",1
102160,114,35,46,98,0.000572354080153927,232,13,31,4.12310562561766,6,5.445,1.36480292833181e-06,0,81735,0,0,0,0,0,0,0,0,0,13,6.22406639004149e-06,0,0,0.0704552210749407,78.4589443558365,1,0,0,-0.0227824267782427,-0.00418410041841004,-0.00418410041841004,NA,NA,NA,NA,-8.41541129418044e-08,NA,NA,NA,NA,"priority",1
102190,102,4,9,24,9.11891059414769e-05,15,3,9,1,2,5.445,5.95288827934962e-08,0,82208,0,0,0,0,0,0,0,0,0,0,8.29875518672199e-07,0,0,NA,NA,1,0,0,-0.0113912133891213,0,0,NA,NA,NA,NA,-4.26205337463206e-08,NA,NA,NA,NA,"priority",1
102076,174,84,60,240,0.00139149964602202,1105,24,34,17.8044938147649,19,50.5,1.72936356742143e-05,1,81897,1.22104594795902e-05,0,1,2.7225,4.12310562561766,0,1,0,0,106.5,2.61410788381743e-05,0,0,0.167008452267461,60.8738783657887,1,0,0,3.82744758246925e-18,-1.91610018716598e-18,0.0172514879732956,NA,NA,NA,NA,8.57449182632328e-09,NA,NA,NA,NA,"priority",1
102181,90,61,84,108,0.00116850869078339,291,15,79,5.09901951359278,9,11,3.75956021267097e-06,0,81795,0,0,0,0,0,0,0,0,0,12,5.80912863070539e-06,0,0,0.453947380766073,171.167650273312,1,0,0,-0.0113912133891213,0,0,NA,NA,NA,NA,-4.23333409392236e-08,NA,NA,NA,NA,"priority",1
102245,90,61,240,240,0.00113305473994566,231,19,239,5.8309518948453,10,12,5.32444656910212e-06,61,82079,0.00113305473994566,5.8309518948453,10,12,7.61577310586391,32,12,9,0.000157894736842105,26,7.05394190871369e-06,0,0,0.0289324932157513,8.32927256459056,0.983870967741935,0.00806451612903226,0.00806451612903226,0.0388179916317992,0.024397288262951,0.0318651594387611,4.5709457080701,0.494734525387056,4.78889036635683,1.11999791834942,4.53066833435005e-06,0.574835741181895,0.415159146409146,0.388596979943134,0.280653374403374,"priority",1
102270,114,39,71,240,0.000782960815257949,721,15,95,6.70820393249937,8,10,1.0927375066877e-05,13,81972,0.000378177914409798,1.4142135623731,3,0.5,6.70820393249937,18,3,4,0,73.5,1.86721991701245e-05,0,0,0.0386311096783693,16.1177986140863,1,0,0,-0.00929916317991632,0.00591721155804642,0.0280677988807505,6.29706661700455,0.359540486374693,6.45243819105763,0.221499629506309,1.45559849504062e-06,0.458333333333333,0.458333333333333,0.190277777777778,0.190277777777778,"priority",1
102065,222,28,48,63,0.000389930056296152,126,10,54,3.16227766016838,5,5.445,6.67997577512718e-07,0,81877,0,0,0,0,0,0,0,0,0,5,3.7344398340249e-06,0,0,0.953420365210471,1299.09905457739,1,0,0,-0.0113912133891213,0,0,NA,NA,NA,NA,-4.21236539017813e-08,NA,NA,NA,NA,"priority",1
101943,210,56,33,240,0.00101437231130231,1064,23,21,18.3847763108502,16,50.5,2.50469310712135e-05,32,81635,0.00067373063024438,8.94427190999916,7,13,15.6204993518133,23,8,9,0.000578947368421053,123,2.82157676348548e-05,0,0,0.124015176528321,34.0309601289192,0.584615384615385,0.261538461538462,0.153846153846154,0.0430020920502092,0.0374237318410007,0.0653577378736959,12.977416593448,2.40520079829403,12.823009867185,2.5231313755676,2.77678285678924e-06,0.731125356125356,0.470009157509158,0.430525030525031,0.276766091051805,"priority",1
102393,234,42,192,204,0.000729220076340227,140,15,187,3.60555127546399,5,5.445,4.18555371206166e-06,0,82365,0,0,0,0,0,0,0,0,0,5,3.3195020746888e-06,0,0,0.108381083243575,20.9736421646105,1,0,0,-0.0113912133891213,9.30002168121571e-19,0,NA,NA,NA,NA,-4.21122067958658e-08,NA,NA,NA,NA,"priority",1
102241,102,42,21,216,0.000684876779252799,174,9,19,4,6,5.445,1.79218517767049e-06,0,81961,0,0,0,0,0,0,0,0,0,9,4.9792531120332e-06,0,0,0.453231064623476,306.999084642452,1,0,0,-0.0227824267782427,-0.00418410041841004,-0.00418410041841004,NA,NA,NA,NA,-8.42659715510496e-08,NA,NA,NA,NA,"priority",1
102139,114,47,190,240,0.000781132963811073,449,20,186,8.24621125123532,8,11.5,8.34605609081229e-06,11,81838,0.00020772746157042,1,2,5.445,9.48683298050514,6,2,2,5.26315789473684e-05,25,1.03734439834025e-05,0,0,0.111264401127173,33.6409942668271,0.991596638655462,0,0.00840336134453781,0.0113912133891213,0.00418410041841004,0.0396938618431177,9.01541836291133,0.666680945702084,9.01541836291133,0.666680945702084,7.85895991562798e-07,NA,NA,NA,NA,"priority",1
102233,114,65,132,203,0.00107139378591604,810,24,126,10.816653826392,9,18.5,1.5707523319934e-05,0,81900,0,0,0,0,0,0,0,0,0,64,1.49377593360996e-05,0,0,0.17105374526736,39.7003977014616,1,0,0,-0.0113912133891213,9.64103070120616e-19,0,NA,NA,NA,NA,-4.25356107069443e-08,NA,NA,NA,NA,"priority",1
102037,30,23,11,204,0.000426179604261796,133,9,21,4.12310562561766,4,5.445,1.74803661516772e-06,0,82042,0,0,0,0,0,0,0,0,0,4.5,2.9045643153527e-06,0,0,0.0503284567930504,20.3794007148868,1,0,0,-0.0113912133891213,0,0,NA,NA,NA,NA,-1.69285406095587e-07,NA,NA,NA,NA,"priority",1
102131,198,33,59,180,0.000550451982238749,241,8,45,3,5,5.445,3.17507747352801e-06,0,81908,0,0,0,0,0,0,0,0,0,16,4.9792531120332e-06,0,0,0.203583415723032,77.7859685971698,1,0,0,-0.0113912133891213,0,0,NA,NA,NA,NA,-8.45460691953775e-08,NA,NA,NA,NA,"priority",1
102241,126,17,12,60,0.000288584865327063,105,6,31,7.07106781186548,4,5.445,6.17833462325631e-07,0,82204,0,0,0,0,0,0,0,0,0,7,3.3195020746888e-06,0,0,0.117829935548644,154.368575702391,1,0,0,-0.0113912133891213,0,0,NA,NA,NA,NA,-4.25027723495834e-08,NA,NA,NA,NA,"priority",1
102191,42,61,156,240,0.000954338569960358,1062,18,187,12.2065556157337,12,40,2.58117726832427e-05,21,82149,0.000474747105868605,6.40312423743285,9,14,8.24621125123532,18,8,8,0.000736842105263158,77.5,2.24066390041494e-05,0,0,0.132548481321794,27.8084719406387,0.853174603174603,0.0555555555555556,0.0912698412698413,0.0471861924686192,0.0267913148009743,0.0345029759465913,6.56348567153022,1.97720028311825,6.51630100851995,1.93842975225142,1.94409131605613e-06,0.552922077922078,0.425324675324675,0.325270562770563,0.250208125208125,"priority",1
101968,126,358,214,240,0.00631018784098815,5062,136,210,39.560080889705,67,578.5,0.000198782747597853,307,81657,0.00526592943654555,31.8276609256791,56,568.5,23.7697286480094,123,64,54,0.00384210526315789,698,0.000100829875518672,0,0,0.109021855912703,13.1889905477751,0.40406976744186,0.212209302325581,0.383720930232558,2.36726987447699,0.133170129396147,0.0994549315816294,13.0272000543663,4.39504689512823,11.9829025849996,3.93043258828879,2.19910352369831e-05,0.73851277267105,0.220972325681102,0.571871690525451,0.17111121448793,"priority",1
102073,222,2,25,36,4.56834819949977e-05,7,2,30,0,1,2.7225,3.13131344047235e-10,0,81795,0,0,0,0,0,0,0,0,0,0,4.149377593361e-07,0,0,NA,NA,1,0,0,-0.0113912133891213,0,0,NA,NA,NA,NA,-4.17708291910594e-08,NA,NA,NA,NA,"priority",1
102130,42,76,132,240,0.00135493084970033,1281,30,127,20.3960780543711,13,75.5,3.50370143103967e-05,56,81855,0.000916254352208173,12.369316876853,9,23,17,19,11,8,0.000157894736842105,121.5,2.82157676348548e-05,0,0,0.130143568921522,24.7564063295331,0.931596091205212,0.0130293159609121,0.0553745928338762,0.0848430962343096,0.0517544639198869,0.0711297071129707,12.4652233327536,4.86893444072583,11.768495972386,5.02521171720436,3.70717385180448e-06,0.6878367003367,0.55026936026936,0.56579335016835,0.45263468013468,"priority",1
102347,78,17,43,72,0.000342637575104933,107,7,24,3,6,5.445,6.5634907038609e-07,0,81728,0,0,0,0,0,0,0,0,0,7,3.7344398340249e-06,0,0,0.227831659852926,316.324405262136,1,0,0,-0.0113912133891213,0,-9.46864709219173e-19,NA,NA,NA,NA,-8.38480274625768e-08,NA,NA,NA,NA,"priority",1
102196,54,14,24,24,0.000183706461568608,25,4,18,1,2,5.445,3.46864900844367e-07,0,81817,0,0,0,0,0,0,0,0,0,0.5,1.2448132780083e-06,0,0,NA,NA,1,0,0,-0.0113912133891213,0,0,NA,NA,NA,NA,-4.17524889076163e-08,NA,NA,NA,NA,"priority",1
102286,42,1,1,6,1.04592663870556e-05,1,1,1,0,1,2.7225,1.76198348762328e-08,0,82102,0,0,0,0,0,0,0,0,0,0,4.149377593361e-07,0,0,NA,NA,1,0,0,-0.0113912133891213,0,0,NA,NA,NA,NA,-4.22961103312648e-08,NA,NA,NA,NA,"priority",1
102431,126,1,1,10,1.08501057885314e-05,1,1,1,0,1,2.7225,5.79748424021662e-08,0,81854,0,0,0,0,0,0,0,0,0,0,4.149377593361e-07,0,0,NA,NA,1,0,0,-0.0113912133891213,0,0,NA,NA,NA,NA,-4.17258408633177e-08,NA,NA,NA,NA,"priority",1
102199,222,16,24,48,0.000268459651734615,67,7,13,1.4142135623731,3,5.445,4.4885774618918e-07,0,82096,0,0,0,0,0,0,0,0,0,0.5,1.2448132780083e-06,0,0,NA,NA,1,0,0,-0.0113912133891213,0,0,NA,NA,NA,NA,-8.36126099019822e-08,NA,NA,NA,NA,"priority",1
102236,126,50,228,240,0.000965711142350712,234,13,223,6.08276253029822,13,17,8.57527133037702e-06,34,81937,0.000683451920377851,5.3851648071345,8,14.5,4.12310562561766,22,10,8,0.000631578947368421,19,7.05394190871369e-06,0,0,0.149426157067258,28.9251352295946,0.833333333333333,0.0722222222222222,0.0944444444444444,0.0492782426778243,0.0225320703227385,0.0172514879732957,2.28698161356721,1.42215735484832,2.34581305687061,1.28977220306334,2.81735757721065e-06,0.803409090909091,0.669507575757576,0.538863636363636,0.44905303030303,"priority",1
102272,102,129,168,240,0.00236380560454635,1900,50,174,26.9258240356725,21,245.5,5.20089410387009e-05,33,82172,0.000718006133476123,14.3178210632764,8,39,8,26,7,8,0.000105263157894737,306,3.98340248962656e-05,0,0,0.0923662451876983,17.2686388984488,0.981481481481482,0,0.0185185185185185,0.15178870292887,0.0599072011015747,0.0334728033472803,5.69116010903514,2.50387051543967,5.49403043720224,2.63658260145173,2.96196063271092e-06,0.615668683741439,0.328356631328768,0.341858992400788,0.182324795947087,"priority",1
102390,174,45,46,180,0.000707213578500707,236,15,42,3.16227766016838,6,5.445,2.21729569641541e-06,0,82380,0,0,0,0,0,0,0,0,0,9,4.9792531120332e-06,0,0,0.149086998593813,81.6123840696114,1,0,0,-0.0113912133891213,0,0,NA,NA,NA,NA,-8.50539282305598e-08,NA,NA,NA,NA,"priority",1
101990,66,120,60,240,0.0024726245143059,1247,44,58,22.561028345357,25,87,1.55652704819693e-05,5,82240,0.00014591439688716,10.6301458127346,3,3,5.8309518948453,7,3,2,0.000157894736842105,147.5,2.82157676348548e-05,0,0,0.104282129251603,46.1110436429708,0.978260869565217,0.0031055900621118,0.0186335403726708,0.00116108786610879,0.0444775975428228,0.024397288262951,4.27372123365144,1.57181857543216,4.79279812071606,1.42955561664836,5.68212831419655e-07,0.529487179487179,0.529487179487179,0.234615384615385,0.234615384615385,"priority",1
102107,66,54,178,192,0.000923922293272387,277,18,174,4.47213595499958,9,6.5,1.22932387786939e-05,0,81934,0,0,0,0,0,0,0,0,0,10,5.80912863070539e-06,0,0,0.301648742409858,34.7680363859328,1,0,0,-0.0113912133891213,0,9.34162759081267e-19,NA,NA,NA,NA,-4.18648671583807e-08,NA,NA,NA,NA,"priority",1
102144,198,1,3,3,1.01041740342936e-05,2,2,1,0,1,2.7225,7.75293769310477e-19,0,82120,0,0,0,0,0,0,0,0,0,0,4.149377593361e-07,0,0,NA,NA,1,0,0,-0.0113912133891213,0,0,NA,NA,NA,NA,-4.15840149715761e-08,NA,NA,NA,NA,"priority",1
102201,210,31,35,36,0.00061041117296611,97,11,31,3.16227766016838,7,5.445,7.75326633050368e-07,0,81822,0,0,0,0,0,0,0,0,0,3.5,2.9045643153527e-06,0,0,0.0898174669962089,82.0033124223993,1,0,0,-0.0113912133891213,0,0,NA,NA,NA,NA,-1.2754329839894e-07,NA,NA,NA,NA,"priority",1
102172,186,16,8,216,0.000281534362274395,87,9,6,2,4,5.445,8.1982625157845e-07,0,82009,0,0,0,0,0,0,0,0,0,5.5,3.3195020746888e-06,0,0,0.0740186305858836,73.1287746719256,1,0,0,-0.0113912133891213,0,0,NA,NA,NA,NA,-1.27403488035708e-07,NA,NA,NA,NA,"priority",1
102193,210,21,12,191,0.000354770439059002,129,9,7,2.23606797749979,5,5.445,1.04112292207677e-06,0,82097,0,0,0,0,0,0,0,0,0,6.5,3.3195020746888e-06,0,0,0.375581926930071,292.111822132631,1,0,0,-0.0227824267782427,-0.00418410041841004,-0.00418410041841004,NA,NA,NA,NA,-1.67230232550361e-07,NA,NA,NA,NA,"priority",1
102125,210,11,11,48,0.000172635167941649,35,5,6,2,3,5.445,5.91177750060598e-08,0,82071,0,0,0,0,0,0,0,0,0,1,1.6597510373444e-06,0,0,NA,NA,1,0,0,-0.0113912133891213,0,0,NA,NA,NA,NA,-1.26758911943753e-07,NA,NA,NA,NA,"priority",1
102218,90,58,46,142,0.00107719049134575,316,18,30,17.8044938147649,12,38,2.16158508354051e-06,0,82070,0,0,0,0,0,0,0,0,0,51,8.29875518672199e-06,0,0,0.0796983937666751,74.7035367101476,1,0,0,-0.0113912133891213,0,0,NA,NA,NA,NA,-4.13935400165217e-08,NA,NA,NA,NA,"priority",1
102029,198,252,180,240,0.00409976084728391,3414,90,174,32.1403173599764,43,328,8.26881867538121e-05,72,82036,0.00140182358964357,22.0227155455452,13,158.5,17.0880074906351,43,15,11,0.000631578947368421,423.5,6.39004149377593e-05,0,0,0.117113332449005,21.5884786785855,0.748971193415638,0.0905349794238683,0.160493827160494,0.65178870292887,0.0921452533286412,0.0714979392913601,7.46355923022712,3.3503450536595,7.91924951959569,4.03805386024853,5.7806954189253e-06,0.692631953100219,0.39578968748584,0.469302133732281,0.268172647847018,"priority",1
102285,126,27,58,60,0.00039383645941023,121,16,30,2.82842712474619,5,5.445,6.10517288177526e-07,0,82151,0,0,0,0,0,0,0,0,0,3,2.9045643153527e-06,0,0,0.0919581898801981,106.474250536879,1,0,0,-0.0113912133891213,0,0,NA,NA,NA,NA,-8.45793957571845e-08,NA,NA,NA,NA,"priority",1
102155,30,32,48,156,0.00058023778371921,315,9,42,5.09901951359278,5,5.445,3.94566951178918e-06,0,82083,0,0,0,0,0,0,0,0,0,27.5,9.12863070539419e-06,0,0,0.256799254390654,144.883109344956,1,0,0,-0.0113912133891213,0,0,NA,NA,NA,NA,-1.6851158060029e-07,NA,NA,NA,NA,"priority",1
102238,186,57,24,240,0.000943234436631796,643,22,18,13.4164078649987,11,46,1.67566775297678e-05,45,82288,0.000644079331129691,13.4164078649987,5,46,8,8,6,4,5.26315789473684e-05,58.5,1.49377593360996e-05,0,0,0.136289981324411,29.6486559695918,0.981751824817518,0.0072992700729927,0.0109489051094891,0.181077405857741,0.056135597761501,0.0334728033472803,5.91421356237309,1.42458318518887,5.10458506932112,1.06388604844536,2.6535416039744e-06,0.664930555555556,0.166232638888889,0.582932692307692,0.145733173076923,"priority",1
102244,138,1,1,9,1.03953345738433e-05,1,1,1,0,1,2.7225,6.86324071279377e-14,0,82171,0,0,0,0,0,0,0,0,0,0,4.149377593361e-07,0,0,NA,NA,1,0,0,-0.0113912133891213,0,0,NA,NA,NA,NA,-4.20406974972122e-08,NA,NA,NA,NA,"priority",1
102111,222,182,156,240,0.00317173738014492,2660,51,151,41.1096095821889,39,524.5,5.30526550941099e-05,15,82054,0.00021936773344383,17.7200451466693,5,22,11.4017542509914,3,5,3,0.000263157894736842,400.5,6.14107883817427e-05,0,0,0.123181528335827,32.8922343575114,0.802083333333333,0.0625,0.135416666666667,0.0806589958158996,0.0741424483124241,0.0477060847321815,10.6005461985944,1.2010955154352,10.2867317510051,0.98941263059454,8.33310556092612e-07,0.725,0.329545454545455,0.577777777777778,0.262626262626263,"priority",1
102245,114,198,240,240,0.00312953296860188,1935,69,234,22.0907220343745,23,160,5.21433569411765e-05,198,81846,0.00311560736016421,22.0907220343745,23,160,31.3847096529504,57,32,27,0.00157894736842105,426.5,3.94190871369295e-05,0,0,0.0529313137547675,8.81051098479846,0.731428571428571,0.08,0.188571428571429,0.658064853556485,0.0924297993070064,0.131316776790588,18.129197712634,3.75688669183816,17.7525194805968,4.37418256663162,1.29516724999021e-05,0.763611547182976,0.252135888220794,0.604134712159922,0.199478442694314,"priority",1
102069,90,214,119,240,0.00348619588751208,1817,83,114,18.2482875908947,29,98.5,3.37780875468728e-05,8,81816,0.000122225481568397,1,2,5.445,7.28010988928052,2,2,1,0,164.5,3.7344398340249e-05,0,0,0.0907133005093259,24.4840515608206,1,0,0,0.0113912133891213,0.00418410041841004,0.0304607108338097,NA,NA,6.80233260480864,0.67567911549392,4.27616946775256e-07,NA,NA,NA,NA,"priority",1
102088,222,15,11,36,0.000318241349343321,81,7,6,2.82842712474619,3,5.445,1.58627944338189e-07,0,81895,0,0,0,0,0,0,0,0,0,0.5,1.2448132780083e-06,0,0,NA,NA,1,0,0,-0.0113912133891213,0,0,NA,NA,NA,NA,-4.17620738644965e-08,NA,NA,NA,NA,"priority",1
102128,174,1,1,6,1.0436234606554e-05,1,1,1,0,1,2.7225,1.64219805897738e-08,0,82088,0,0,0,0,0,0,0,0,0,0,4.149377593361e-07,0,0,NA,NA,1,0,0,-0.0113912133891213,0,0,NA,NA,NA,NA,-4.22546774765963e-08,NA,NA,NA,NA,"priority",1
102137,30,1,1,5,1.04907576425169e-05,1,1,1,0,1,2.7225,2.99364346484936e-11,0,82078,0,0,0,0,0,0,0,0,0,0,4.149377593361e-07,0,0,NA,NA,1,0,0,-0.0113912133891213,0,0,NA,NA,NA,NA,-4.24398301880539e-08,NA,NA,NA,NA,"priority",1
102328,66,49,84,240,0.000902989627821843,450,16,78,9.21954445729289,10,12,4.42409704263734e-06,6,81927,0.000109853894320554,1,2,5.445,4.12310562561766,3,2,1,5.26315789473684e-05,45.5,1.28630705394191e-05,0,0,0.0743200449956023,50.3745593558582,0.979838709677419,0.00806451612903226,0.0120967741935484,0.0113912133891213,0.00418410041841004,0.0172514879732957,NA,NA,3.64269164289302,0.67940796992286,3.74910463143498e-07,NA,NA,NA,NA,"priority",1
102211,138,103,156,238,0.001708984375,1330,31,162,21.2602916254693,19,105,2.98235010430859e-05,0,82020,1.21921482565228e-05,0,1,2.7225,11.4017542509914,1,0,1,0.000210526315789474,141.5,2.82157676348548e-05,0,0,0.115302828368791,26.6042394301789,0.953890489913545,0.0259365994236311,0.0201729106628242,7.67088079316047e-18,3.86772673427387e-18,0.0477060847321815,NA,NA,NA,NA,-3.30032209933533e-08,NA,NA,NA,NA,"priority",1
102133,198,34,23,96,0.000487721608505865,104,14,12,2.23606797749979,5,5.445,6.36043454372046e-07,0,81942,0,0,0,0,0,0,0,0,0,2.5,2.0746887966805e-06,0,0,NA,NA,1,0,0,-0.0113912133891213,0,0,NA,NA,NA,NA,-4.26844488942508e-08,NA,NA,NA,NA,"priority",1
102054,150,1,1,10,1.07839965491211e-05,1,1,1,0,1,2.7225,2.3785103816188e-08,0,81952,0,0,0,0,0,0,0,0,0,0,4.149377593361e-07,0,0,NA,NA,1,0,0,-0.0113912133891213,0,0,NA,NA,NA,NA,-4.23359109834975e-08,NA,NA,NA,NA,"priority",1
102201,222,0,1,-Inf,0,1,1,1,0,0,0,1.01270723763189e-20,0,81864,0,0,0,0,0,0,0,0,0,0,4.149377593361e-07,0,0,NA,NA,1,0,0,0,0,0,NA,NA,NA,NA,0,NA,NA,NA,NA,"priority",1
102094,174,1,1,5,1.05636778500803e-05,1,1,1,0,1,2.7225,3.00852460879129e-16,0,82019,0,0,0,0,0,0,0,0,0,0,4.149377593361e-07,0,0,NA,NA,1,0,0,-0.0113912133891213,0,0,NA,NA,NA,NA,-4.27271655986157e-08,NA,NA,NA,NA,"priority",1
102109,90,89,48,240,0.00151239800461037,827,33,42,16.7630546142402,16,99.5,7.49794344658024e-06,4,81995,0.000146350387218733,0,1,2.7225,4.12310562561766,8,1,1,0,108.5,1.74273858921162e-05,0,0,0.271965671160797,153.980569129608,1,0,0,1.73889925157504e-18,0,0.0172514879732957,NA,NA,NA,NA,5.70226150865423e-07,NA,NA,NA,NA,"priority",1
102362,198,1,1,3,1.02528349088523e-05,1,1,1,0,1,2.7225,7.87862917669814e-10,0,81834,0,0,0,0,0,0,0,0,0,0,4.149377593361e-07,0,0,NA,NA,1,0,0,-0.0113912133891213,0,0,NA,NA,NA,NA,-4.21746053121193e-08,NA,NA,NA,NA,"priority",1
102056,90,1,1,10,1.07769072431594e-05,1,1,1,0,1,2.7225,4.56824382195864e-08,0,81896,0,0,0,0,0,0,0,0,0,0,4.149377593361e-07,0,0,NA,NA,1,0,0,-0.0113912133891213,0,0,NA,NA,NA,NA,-4.21720548143934e-08,NA,NA,NA,NA,"priority",1
102118,54,69,58,96,0.00109495711417969,237,34,54,5.3851648071345,10,6,2.27732944954436e-06,0,81857,0,0,0,0,0,0,0,0,0,12,5.80912863070539e-06,0,0,0.13322594325684,82.9496974532986,1,0,0,0,0,0,NA,NA,NA,NA,-1.97670462270567e-22,NA,NA,NA,NA,"priority",1
102189,126,56,47,240,0.000828823558090781,367,23,42,4.47213595499958,8,7,1.03095344940414e-05,8,82310,0.000157939497023448,1,2,5.445,5.3851648071345,5,2,2,0,18.5,8.29875518672199e-06,0,0,0.124501389157386,24.2304697972661,1,0,0,0.0113912133891213,0.00418410041841004,0.0225320703227385,4.92865038106704,0.645608892763574,4.92865038106704,0.645608892763574,6.1861116603632e-07,NA,NA,NA,NA,"priority",1
102267,114,1,1,4,1.04353633593522e-05,1,1,1,0,1,2.7225,1.71147013969805e-15,0,81937,0,0,0,0,0,0,0,0,0,0,4.149377593361e-07,0,0,NA,NA,1,0,0,-0.0113912133891213,0,0,NA,NA,NA,NA,-4.25975364311171e-08,NA,NA,NA,NA,"priority",1
102138,210,144,72,240,0.00249990853993147,2320,36,54,27.6586333718787,24,205.5,5.26913416881678e-05,51,81876,0.00116029117201622,16.1245154965971,9,131.5,13.9283882771841,44,10,12,0.000736842105263158,469,4.89626556016597e-05,0,0,0.0690345604594273,15.5895636561371,0.796923076923077,0.0553846153846154,0.147692307692308,0.538817991631799,0.0674665920359711,0.0582777752183436,10.6638284977724,3.12458202646468,10.1507589609943,3.17316745291128,4.68798784436559e-06,0.752108389976037,0.176966679994362,0.425383766560237,0.100090298014173,"priority",1
102184,138,67,48,204,0.0012595998630338,693,27,36,9.8488578017961,13,24,7.54189140281958e-06,0,82081,0,0,0,0,0,0,0,0,0,76,1.70124481327801e-05,0,0,0.126715055577301,69.7423060940356,1,0,0,-0.0113912133891213,9.58127914855505e-19,0,NA,NA,NA,NA,-1.28024613500093e-07,NA,NA,NA,NA,"priority",1
102255,114,116,84,240,0.00209763771845311,1905,41,79,32.1403173599764,22,212,3.50944362511295e-05,33,81933,0.000524819059475425,4.47213595499958,6,7,10.295630140987,10,8,5,0.000526315789473684,461,4.35684647302905e-05,0,0,0.120360384498038,36.2582289958932,0.798165137614679,0.055045871559633,0.146788990825688,0.017897489539749,0.0187118659205003,0.0430779503806988,9.72551333621465,0.719713786090573,8.97789374869198,1.20590160091232,2.11104524798716e-06,0.877380952380952,0.877380952380952,0.69047619047619,0.69047619047619,"priority",1
102295,54,33,21,60,0.00061163392100265,141,11,18,4.12310562561766,7,5.445,7.4584164965074e-07,0,81929,0,0,0,0,0,0,0,0,0,7,4.149377593361e-06,0,0,0.361491909824717,489.938096484862,1,0,0,-0.0113912133891213,0,0,NA,NA,NA,NA,-1.27933275462006e-07,NA,NA,NA,NA,"priority",1
102268,162,45,46,204,0.000831274126877484,646,13,42,15.2643375224737,13,41.5,1.15164190895211e-05,0,82014,0,0,0,0,0,0,0,0,0,129,1.45228215767635e-05,0,0,0.110962062803435,34.1966343590546,1,0,0,-0.0113912133891213,0,1.91262670110018e-18,NA,NA,NA,NA,-8.35133114790135e-08,NA,NA,NA,NA,"priority",1
102156,210,67,84,240,0.00126728812526656,711,18,46,22.2036033111745,11,16.5,1.06681940711051e-05,10,81943,0.000158646864283709,1,2,5.445,30.4138126514911,3,1,2,5.26315789473684e-05,166,1.90871369294606e-05,0,0,0.0878251405023564,35.3671615480046,0.975308641975309,0.00925925925925926,0.0154320987654321,0.0113912133891213,0.00418410041841004,0.127254446240549,30.056148730663,0.505813167606569,NA,NA,6.21578104074205e-07,NA,NA,NA,NA,"priority",1
101989,30,5,9,24,0.000129680661371373,26,5,1,1,2,5.445,2.00663536878131e-07,0,82025,0,0,0,0,0,0,0,0,0,0,8.29875518672199e-07,0,0,NA,NA,1,0,0,-0.0113912133891213,0,0,NA,NA,NA,NA,-2.11395073885961e-07,NA,NA,NA,NA,"priority",1
102117,222,80,213,240,0.00138450327908671,749,22,214,15,12,52.5,3.4525125222778e-05,45,81911,0.000793544212621015,15,11,42,17.6918060129541,20,11,9,0.000526315789473684,116,1.74273858921162e-05,0,0,0.129635903997116,14.5522752055594,0.8625,0.04375,0.09375,0.1643410041841,0.0627615062761506,0.0740242929412307,11.5297429268787,4.05563269356357,12.4044140724573,4.27124837382783,3.27880663092627e-06,0.68016428016428,0.384440680092854,0.493922743922744,0.279173724825899,"priority",1
102268,210,42,60,240,0.000782750143708034,465,19,234,7.28010988928052,12,18,1.10489344947492e-05,35,81972,0.000524569365149075,2.23606797749979,5,2,7.21110255092798,8,7,5,0.000105263157894737,35,1.28630705394191e-05,0,0,0.0822723320001836,20.866115219489,0.978260869565217,0.0108695652173913,0.0108695652173913,-0.00302301255230125,0.00935593296025017,0.024254765642489,6.2466935455547,0.688131299176709,6.18477803067124,0.610961670822358,2.06793434386441e-06,0.733766233766234,0.733766233766234,0.616704723847581,0.616704723847581,"priority",1
102203,174,0,1,-Inf,0,1,1,1,0,0,0,4.66983688287236e-12,0,82026,0,0,0,0,0,0,0,0,0,0,4.149377593361e-07,0,0,NA,NA,1,0,0,0,0,0,NA,NA,NA,NA,0,NA,NA,NA,NA,"priority",1
102076,234,22,68,72,0.000339309708329375,60,8,63,1,2,5.445,5.24445403667331e-07,0,82100,0,0,0,0,0,0,0,0,0,0,8.29875518672199e-07,0,0,NA,NA,1,0,0,-0.0113912133891213,0,0,NA,NA,NA,NA,-8.37674511683927e-08,NA,NA,NA,NA,"priority",1
102213,150,84,143,240,0.00183917565954544,1376,26,216,26,17,101,4.08037083659028e-05,71,81921,0.00146482586882484,25.0199920063936,14,101,21.0237960416286,49,16,15,0.000736842105263158,210,2.73858921161826e-05,0,0,0.0737374678052719,11.4960454122527,0.787330316742081,0.0316742081447964,0.180995475113122,0.411202928870293,0.104686159022567,0.0879656738143458,17.0195165372668,3.77057074654211,16.945241199439,3.6399707973678,6.0021414863163e-06,0.623147476968562,0.190964549393592,0.413438602749341,0.126698926648992,"priority",1
102015,222,18,24,96,0.000366860287373892,133,8,18,4.12310562561766,5,5.445,8.95885869449983e-07,0,81994,0,0,0,0,0,0,0,0,0,5,3.7344398340249e-06,0,0,0.161437648135382,164.331040955977,1,0,0,-0.0113912133891213,0,0,NA,NA,NA,NA,-1.27236893507852e-07,NA,NA,NA,NA,"priority",1
102092,186,30,21,96,0.00064697265625,113,14,24,2.23606797749979,4,5.445,8.16688524193608e-07,0,81734,0,0,0,0,0,0,0,0,0,2,2.0746887966805e-06,0,0,NA,NA,1,0,0,-0.0113912133891213,0,0,NA,NA,NA,NA,-4.25010454194649e-08,NA,NA,NA,NA,"priority",1
102118,54,67,83,240,0.0011974438240002,932,23,234,13,15,38,2.07185771724159e-05,58,81841,0.000879754646204225,4.47213595499958,7,6,11.1803398874989,14,11,8,0.000526315789473684,121,2.15767634854772e-05,0,0,0.151432379830594,38.4146593268076,0.836309523809524,0.0476190476190476,0.116071428571429,0.0137133891213389,0.0187118659205003,0.0467796648012508,9.91685031949882,0.681242344675185,9.84779814701948,0.650352843551646,3.59638443156753e-06,0.724358974358974,0.724358974358974,0.571794871794872,0.571794871794872,"priority",1
102254,174,190,240,240,0.00326455039345141,3776,67,174,31.9061122670876,32,340,0.00010148520545243,190,82094,0.00326455039345141,30.2324329156619,31,238.5,18.9736659610103,78,37,30,0.00121052631578947,406,7.17842323651452e-05,0,0,0.11067120193068,18.7547760381471,0.58974358974359,0.094017094017094,0.316239316239316,0.975125523012552,0.122311434793565,0.0752036232678254,12.7072312915008,3.25252256017549,12.7814496413821,3.28074418809582,1.3530975410467e-05,0.746059663795613,0.364148169233573,0.574956400380578,0.28063348113814,"priority",1
102189,186,44,155,240,0.000718863464678217,461,20,108,3.60555127546399,6,5.445,1.06212756396963e-05,6,81992,9.7570494682408e-05,0,1,2.7225,3.16227766016838,2,1,1,0.000157894736842105,25.5,8.71369294605809e-06,0,0,0.357537830918841,71.4838041173799,0.938405797101449,0.0326086956521739,0.0289855072463768,0,-9.43455757867159e-19,0.0132312872810392,NA,NA,NA,NA,3.66609836252333e-07,NA,NA,NA,NA,"priority",1
102164,126,21,34,216,0.000331035112551938,205,10,210,3,5,5.445,3.723009535847e-06,0,82100,0,0,0,0,0,0,0,0,0,15.5,5.39419087136929e-06,0,0,0.0539732604724528,19.0747407874661,1,0,0,-0.0113912133891213,0,0,NA,NA,NA,NA,-8.40661908604331e-08,NA,NA,NA,NA,"priority",1
102198,162,33,22,156,0.000624311421226588,170,9,18,4.24264068711928,6,5.445,9.83944455792969e-07,0,82083,0,0,0,0,0,0,0,0,0,13.5,4.5643153526971e-06,0,0,0.0689221382174323,77.823821453802,1,0,0,-0.0113912133891213,0,0,NA,NA,NA,NA,-8.46461277634262e-08,NA,NA,NA,NA,"priority",1
102208,210,196,240,240,0.00363973911131739,3026,66,234,46.6476151587624,42,467,9.91385846832087e-05,196,81874,0.00363973911131739,37.6430604494374,41,423.5,34.4818792991333,102,44,43,0.00136842105263158,582.5,6.05809128630705e-05,0,0,0.122377896488087,17.9871242562866,0.609467455621302,0.153846153846154,0.236686390532544,1.76057531380753,0.157502344976726,0.144275645603068,24.4890233915465,10.3272323000386,23.8445506468457,10.8587611137547,1.5186616051113e-05,0.652480990603163,0.126600789221509,0.442690605020922,0.0858951920189848,"priority",1
102124,126,39,24,108,0.000792885982995645,209,14,11,3.60555127546399,8,6.5,1.29864133682694e-06,0,82198,0,0,0,0,0,0,0,0,0,9,4.5643153526971e-06,0,0,0.33073118569943,283.465470490995,1,0,0,-0.0113912133891213,0,0,NA,NA,NA,NA,-1.70957544317965e-07,NA,NA,NA,NA,"priority",1
102248,78,75,142,180,0.00113419931948041,698,26,138,8.94427190999916,13,22.5,1.42038736704749e-05,0,81819,0,0,0,0,0,0,0,0,0,48,1.74273858921162e-05,0,0,0.0663976380329754,19.8522099236703,1,0,0,-0.0113912133891213,1.91157706296117e-18,0,NA,NA,NA,NA,-4.21355315496327e-08,NA,NA,NA,NA,"priority",1
102058,186,65,36,240,0.00101844646862269,686,19,20,8.94427190999916,8,23.5,1.14565137151455e-05,13,81759,0.000256852456610281,6.40312423743285,4,4,5.3851648071345,8,4,4,0.000210526315789474,54,1.53526970954357e-05,0,0,0.116298096518356,37.6482445567464,0.978,0.004,0.018,0.0146443514644351,0.0208741032429278,0.0183479699043285,3.81391159995056,1.39239760019066,3.81391159995056,1.39239760019066,9.48376378837791e-07,0.679166666666667,0.679166666666667,0.463244047619048,0.463244047619048,"priority",1
102115,210,38,226,240,0.000661910715599029,403,17,222,6,6,5.445,1.66869034004042e-05,11,81890,0.000183172548540725,6,3,3,8.94427190999916,4,2,3,0.000526315789473684,21.5,7.88381742738589e-06,0,0,0.213773012775583,24.6273160964465,0.798816568047337,0.0118343195266272,0.189349112426035,0.00116108786610879,0.0251046025104603,0.0374237318410007,7.01072699028755,2.29664115644576,6.04395453043174,2.22288714696612,6.8282478255879e-07,0.579365079365079,0.43452380952381,0.388888888888889,0.291666666666667,"priority",1
102185,162,36,213,240,0.000473327492270663,202,11,43,4.47213595499958,6,6,1.16541894588226e-05,21,81545,0.000318842356980808,2.23606797749979,3,1,2.23606797749979,5,4,3,5.26315789473684e-05,10,5.39419087136929e-06,0,0,0.043036633240591,4.85557142478761,1,0,0,-0.0072071129707113,0.00935593296025016,0.00935593296025017,1.68816503408199,0.47449786780808,1.61967716615477,0.410927207563347,1.2917029503131e-06,0.816666666666667,0.816666666666667,0.705952380952381,0.705952380952381,"priority",1
102104,114,85,106,240,0.00138380603842635,971,27,102,21.2602916254693,12,60.5,1.46013551562633e-05,1,81568,2.45194193801491e-05,0,1,2.7225,12.0415945787923,1,1,1,0.000105263157894737,115,2.24066390041494e-05,0,0,0.120152507151424,44.9371602818468,0.978609625668449,0.00802139037433155,0.0133689839572193,0,-3.78720544322107e-18,0.0503832409154489,NA,NA,NA,NA,5.98719634577806e-08,NA,NA,NA,NA,"priority",1
102288,210,53,35,65,0.000889885777674838,264,19,30,5,10,13,1.89422193715313e-06,0,82057,0,0,0,0,0,0,0,0,0,13.5,6.63900414937759e-06,0,0,0.0516078480648538,44.1687981527865,1,0,0,-0.0113912133891213,0,0,NA,NA,NA,NA,-8.42142423800423e-08,NA,NA,NA,NA,"priority",1
102206,222,59,45,204,0.0010763077751006,460,22,42,9.4339811320566,13,19,4.62969765070434e-06,0,82008,0,0,0,0,0,0,0,0,0,47,1.20331950207469e-05,0,0,0.041045866187533,26.0492652099794,1,0,0,-0.0227824267782427,-0.00418410041841004,-0.00418410041841004,NA,NA,NA,NA,-8.49089425886062e-08,NA,NA,NA,NA,"priority",1
102232,174,87,96,240,0.00165153776516356,964,26,90,18.0277563773199,13,60,2.51183304465454e-05,37,81841,0.000610940726530712,9.21954445729289,7,5.5,15,13,7,8,0.000947368421052632,242.5,1.90871369294606e-05,0,0,0.17166797760651,28.096416680175,0.77112676056338,0.0528169014084507,0.176056338028169,0.0116213389121339,0.0385754998213092,0.0627615062761506,14.2177862600753,0.740311797488836,14.3105891653987,0.638913684077366,2.47140931437818e-06,0.745475958414555,0.609934875066454,0.497558711593799,0.407093491304018,"priority",1
102175,222,18,22,156,0.000368573008170035,124,9,24,3,4,5.445,2.31139662152043e-06,0,81795,0,0,0,0,0,0,0,0,0,4.5,3.3195020746888e-06,0,0,0.0359058823320293,12.5788214222305,1,0,0,-0.0113912133891213,0,0,NA,NA,NA,NA,-4.2436386689352e-08,NA,NA,NA,NA,"priority",1
102142,186,1,1,1,1.00962169475098e-05,1,1,1,0,1,2.7225,3.06570318491792e-08,0,81976,0,0,0,0,0,0,0,0,0,0,4.149377593361e-07,0,0,NA,NA,1,0,0,-0.0113912133891213,0,0,NA,NA,NA,NA,-4.22435855544342e-08,NA,NA,NA,NA,"priority",1
102122,162,45,22,240,0.00084248055579297,378,16,18,6,6,5.445,6.70069400064958e-06,8,81791,0.000158941692851292,6,2,5.445,6.08276253029822,5,2,2,0,32.5,8.29875518672199e-06,0,0,0.0259045647783666,7.84247837284428,1,0,0,0.0113912133891213,0.0251046025104603,0.0254508892481097,3.54138126514911,3.59405585233477,3.54138126514911,3.59405585233477,6.22593768775476e-07,NA,NA,NA,NA,"priority",1
102141,138,36,144,168,0.000596898563788966,262,14,138,3.16227766016838,7,5.445,5.18704773055573e-06,0,81737,0,0,0,0,0,0,0,0,0,13,6.22406639004149e-06,0,0,0.112735098835773,33.0163345842788,1,0,0,-0.0113912133891213,0,0,NA,NA,NA,NA,-1.25050322333879e-07,NA,NA,NA,NA,"priority",1
102303,126,9,11,16,0.0001724286576429,22,4,6,1,2,5.445,9.90910453176764e-08,0,81909,0,0,0,0,0,0,0,0,0,0,8.29875518672199e-07,0,0,NA,NA,1,0,0,-0.0113912133891213,0,0,NA,NA,NA,NA,-8.47721785848013e-08,NA,NA,NA,NA,"priority",1
102065,126,42,239,240,0.000732368234748431,166,15,234,5.65685424949238,7,8,1.1552698714744e-05,42,81926,0.000732368234748431,5.65685424949238,7,8,7.07106781186548,18,10,9,0,10,3.3195020746888e-06,0,0,0.0718495955537468,4.82027765130673,0.928947368421053,0.0263157894736842,0.0447368421052632,0.022081589958159,0.0236688462321857,0.0295860577902321,3.30397362184453,0.98449382650425,3.68068304084662,1.51017745565952,3.021723774275e-06,0.780906593406593,0.709915084915085,0.553882783882784,0.503529803529803,"priority",1
102228,162,43,180,192,0.000719152618812545,154,11,168,5.65685424949238,6,7,3.91507254908139e-06,0,81885,0,0,0,0,0,0,0,0,0,8.5,2.9045643153527e-06,0,0,0.607694889001231,109.879551356006,1,0,0,-0.0113912133891213,-9.31440912623145e-19,0,NA,NA,NA,NA,-4.20660575922187e-08,NA,NA,NA,NA,"priority",1
102067,42,106,240,240,0.00184546943364865,1226,35,234,17.1172427686237,12,40.5,3.15045871025696e-05,106,81822,0.00184546943364865,8.48528137423857,12,31.5,10.6301458127346,45,17,15,0.000473684210526316,168,2.94605809128631e-05,0,0,0.0786106041587907,17.4955404161625,0.79646017699115,0.0442477876106195,0.15929203539823,0.120407949790795,0.0355032693482785,0.0444775975428228,6.90683076914,1.98989107557091,7.00018745461004,2.0909833991068,7.67938968209271e-06,0.782175925925926,0.741008771929825,0.559405218009449,0.529962838114215,"priority",1
102162,66,141,204,240,0.00232637450975616,1259,40,198,25.0599281722833,26,92.5,5.16536569748612e-05,27,82153,0.00058427568074203,9.8488578017961,8,40.5,12.0830459735946,21,8,9,0.000894736842105263,198.5,3.02904564315353e-05,0,0,0.0715312462405825,10.1513714533496,0.806896551724138,0.0551724137931034,0.137931034482759,0.158064853556485,0.0412086100493561,0.0505566777137848,7.55165895492106,2.73294765905434,8.20742565900826,2.42325968229403,2.35984610399271e-06,0.515040591819248,0.269783167143416,0.308820132436733,0.161762926514479,"priority",1
102202,114,45,84,204,0.0009773140965342,642,23,42,10,11,16.5,8.53457856134964e-06,0,81844,0,0,0,0,0,0,0,0,0,87,1.49377593360996e-05,0,0,0.232362350136844,99.2738066532419,1,0,0,-0.0227824267782427,-0.00418410041841004,-0.00418410041841004,NA,NA,NA,NA,-8.36017506875406e-08,NA,NA,NA,NA,"priority",1
102220,198,31,24,156,0.00059861951010934,165,11,18,3.16227766016838,7,5.445,1.09128804825582e-06,0,81916,0,0,0,0,0,0,0,0,0,6,4.149377593361e-06,0,0,0.0436559541829005,40.5070633414567,1,0,0,-0.0113912133891213,0,0,NA,NA,NA,NA,-4.1930315756662e-08,NA,NA,NA,NA,"priority",1
102274,78,8,7,36,0.000122403515428963,20,3,1,1,2,5.445,3.35274180817008e-07,0,81966,0,0,0,0,0,0,0,0,0,0,8.29875518672199e-07,0,0,NA,NA,1,0,0,-0.0113912133891213,0,0,NA,NA,NA,NA,-1.26683432796719e-07,NA,NA,NA,NA,"priority",1
102219,222,41,60,156,0.000731707317073171,295,16,43,9.21954445729289,9,18,2.24803759749573e-06,0,82212,0,0,0,0,0,0,0,0,0,29,6.63900414937759e-06,0,0,0.11865888841856,85.4572529106182,1,0,0,-0.0113912133891213,0,0,NA,NA,NA,NA,-8.57485483842616e-08,NA,NA,NA,NA,"priority",1
102144,54,230,204,240,0.00398425911169411,3009,92,198,38.6005181312376,35,389.5,0.000104720412397865,111,81817,0.00182113741642935,37.8021163428716,21,389.5,31.04834939252,38,25,19,0.00147368421052632,597,6.09958506224066e-05,0,0,0.0827489004233885,11.5359869667273,0.665094339622642,0.0754716981132075,0.259433962264151,1.61831589958159,0.158167850806994,0.129909411684184,21.7249613302428,7.67931944608256,21.7148330606106,7.73964531041665,7.40669961897746e-06,0.705567108759833,0.130833636061426,0.546429923183848,0.101324753967866,"priority",1
102364,222,97,156,240,0.00175753359452235,1406,34,234,24.6981780704569,20,77,4.80541415010055e-05,86,82030,0.00152383274411801,16.0312195418814,14,65,15.8113883008419,39,16,14,0.000421052631578947,210,2.73858921161826e-05,0,0,0.0663931326447383,9.06885849780382,0.805157593123209,0.0257879656160458,0.169054441260745,0.260575313807531,0.0670762323928092,0.0661564364051962,8.94121113401279,2.61307965079343,10.0945043798329,2.80018691291084,6.33361283780789e-06,0.671092973731382,0.265315826824035,0.490584300359387,0.193951932700223,"priority",1
102106,66,61,36,240,0.00135824676039793,875,22,30,13.4164078649987,12,60.5,1.94759286134611e-05,1,81917,2.44149566024146e-05,5,2,5.445,7.61577310586391,1,1,1,0,99,1.95020746887967e-05,0,0,0.130288337526627,31.7879562753745,1,0,0,0.0113912133891213,0.0209205020920502,0.0318651594387611,NA,NA,NA,NA,1.79132590635065e-08,NA,NA,NA,NA,"priority",1
102059,186,58,84,240,0.00119691732721033,625,19,69,13.8924439894498,10,17.5,9.63367104001448e-06,25,82132,0.000377441192227147,13.8924439894498,5,9.5,12.8062484748657,6,5,4,5.26315789473684e-05,67,1.45228215767635e-05,0,0,0.0659722823329065,24.2425707137142,0.979351032448378,0.0117994100294985,0.00884955752212389,0.0283577405857741,0.058127380708995,0.0535826296019485,9.95953713464793,3.42687808626041,11.411311323195,0.852916969230621,1.49417543958256e-06,0.569399881164587,0.262799945152886,0.481619769119769,0.222286047286047,"priority",1
102359,114,74,106,216,0.00124467656713322,810,32,102,8.24621125123532,8,11,1.32266467384515e-05,0,81875,0,0,0,0,0,0,0,0,0,58,1.74273858921162e-05,0,0,0.0849835931013559,27.328675706375,1,0,0,-0.0113912133891213,0,0,NA,NA,NA,NA,-4.24816271210864e-08,NA,NA,NA,NA,"priority",1
102107,210,135,108,228,0.002417316778376,1902,43,102,15.6204993518133,25,101,2.61949740723313e-05,0,81957,1.22015203094306e-05,0,1,2.7225,2,1,0,1,0.000368421052631579,156,3.98340248962656e-05,0,0,0.140592443010105,52.1789360708463,0.962264150943396,0.00754716981132075,0.030188679245283,0,5.80727390142394e-18,0.00836820083682008,NA,NA,NA,NA,8.62718705516214e-09,NA,NA,NA,NA,"priority",1
102220,210,2,44,60,3.6710270309957e-05,9,3,61,1,2,5.445,9.06996781001165e-09,0,81994,0,0,0,0,0,0,0,0,0,0.5,1.2448132780083e-06,0,0,NA,NA,1,0,0,-0.0113912133891213,0,0,NA,NA,NA,NA,-4.17154407075706e-08,NA,NA,NA,NA,"priority",1
102347,54,178,167,240,0.00284890545052591,2631,79,162,22.4722050542442,24,203.5,8.35573751744083e-05,85,82053,0.00170621427613859,22.4722050542442,17,182.5,16.4012194668567,55,16,16,0.000842105263157895,248.5,5.22821576763485e-05,0,0,0.12646009539842,18.9683251365348,0.837606837606838,0.0227920227920228,0.13960113960114,0.752207112970711,0.0940259625700595,0.0686243492337101,8.40769598132906,3.99141054907236,8.24202201853181,3.64330590477557,7.09602762493389e-06,0.736019218139961,0.310763669881317,0.478897714772328,0.202201257348316,"priority",1
102136,114,24,24,240,0.000439002975464612,158,10,20,2.23606797749979,3,5.445,2.61109989124017e-06,2,82031,6.09525667125843e-05,0,1,2.7225,2.23606797749979,3,1,1,0.000210526315789474,4,3.3195020746888e-06,0,0,0.0991867417271499,24.8647611828584,0.929936305732484,0.0382165605095541,0.0318471337579618,0,0,0.00935593296025017,NA,NA,NA,NA,1.28929839979621e-07,NA,NA,NA,NA,"priority",1
102110,90,4,16,24,8.69424813384174e-05,14,4,12,0,1,2.7225,6.53078769781596e-08,0,82004,0,0,0,0,0,0,0,0,0,0,4.149377593361e-07,0,0,NA,NA,1,0,0,-0.0113912133891213,0,0,NA,NA,NA,NA,-8.30384603008691e-08,NA,NA,NA,NA,"priority",1
102238,126,1,1,1,1.01623950732709e-05,1,1,1,0,1,2.7225,3.19845544983021e-16,0,81571,0,0,0,0,0,0,0,0,0,0,4.149377593361e-07,0,0,NA,NA,1,0,0,-0.0113912133891213,0,0,NA,NA,NA,NA,-4.25204814781208e-08,NA,NA,NA,NA,"priority",1
102161,90,153,107,240,0.00277223204608978,2701,45,90,29.8328677803526,34,304.5,7.03531618180095e-05,37,81820,0.000635541432412613,25.5538646783613,8,167,21.095023109729,15,6,8,0.000157894736842105,429,6.01659751037344e-05,0,0,0.0980259106015252,20.3835658560198,0.917808219178082,0.0319634703196347,0.0502283105022831,0.687353556485356,0.106919935892725,0.0882636950197866,15.4429315097651,5.72122528182361,16.5862933473108,5.39201702485678,2.61688887681017e-06,0.619861111111111,0.103310185185185,0.464786324786325,0.0774643874643875,"priority",1
102187,186,37,60,240,0.000620309668316771,365,13,54,10.770329614269,9,15,8.53110208383099e-06,28,82211,0.000425733782583839,10.770329614269,3,2,6.70820393249937,7,3,3,0,34,7.05394190871369e-06,0,0,0.281475583162742,44.7400278124352,1,0,0,-0.00302301255230125,0.045064140645477,0.0280677988807505,5.55408715098744,1.31460027341176,6.12336924072999,0.506481700086724,1.6967523049116e-06,0.628472222222222,0.359126984126984,0.513888888888889,0.293650793650794,"priority",1
102177,150,26,34,36,0.000313586474878997,59,6,18,2,3,5.445,6.08055482091146e-07,0,82145,0,0,0,0,0,0,0,0,0,0,1.2448132780083e-06,0,0,NA,NA,1,0,0,-0.0113912133891213,0,0,NA,NA,NA,NA,-8.45580295543843e-08,NA,NA,NA,NA,"priority",1
102062,150,29,117,240,0.000462692382622248,336,9,114,9.05538513813742,7,8,5.87180531696356e-06,9,81793,0.000146711821305002,5.3851648071345,3,2.5,12.2065556157337,3,2,3,5.26315789473684e-05,64.5,9.95850622406639e-06,0,0,0.158865228969104,63.8577576747543,1,0,0,-0.000930962343096233,0.0225320703227385,0.0510734544591368,9.89077044142064,2.06373208355148,10.7130500365133,2.11213584561338,5.28700933145264e-07,0.436752136752137,0.218376068376068,0.322222222222222,0.161111111111111,"priority",1
102174,162,1,1,10,1.08630709901689e-05,1,1,1,0,1,2.7225,6.78047064674373e-08,0,81934,0,0,0,0,0,0,0,0,0,0,4.149377593361e-07,0,0,NA,NA,1,0,0,-0.0113912133891213,0,0,NA,NA,NA,NA,-4.16171041636997e-08,NA,NA,NA,NA,"priority",1
102174,138,1,1,3,1.03686038674892e-05,1,1,1,0,1,2.7225,2.79238208189813e-08,0,81981,0,0,0,0,0,0,0,0,0,0,4.149377593361e-07,0,0,NA,NA,1,0,0,-0.0113912133891213,0,0,NA,NA,NA,NA,-4.26670380405658e-08,NA,NA,NA,NA,"priority",1
102256,78,96,190,240,0.00160470386476389,1276,44,186,13,14,32,4.16262326516438e-05,29,82177,0.00055976733149178,10.1980390271856,6,15,12.7279220613579,17,9,6,0.00136842105263158,118.5,2.4896265560166e-05,0,0,0.246979392992923,35.9510542199825,0.370786516853933,0.191011235955056,0.438202247191011,0.0513702928870293,0.0426696193606091,0.0532549040224178,9.25240877053325,2.87602474459998,9.50623146483801,2.90869536975587,2.25867104418039e-06,0.803174603174603,0.803174603174603,0.585654160654161,0.585654160654161,"priority",1
102145,66,85,240,240,0.00142135017579857,482,36,234,8.54400374531753,11,28.5,2.0130863738225e-05,85,82021,0.00137769595591373,8.54400374531753,11,28.5,11.7046999107196,28,16,11,0.000684210526315789,44,9.12863070539419e-06,0,0,0.133020517827688,13.970111082271,0.882352941176471,0.0247678018575851,0.0928792569659443,0.107855648535565,0.03574896964568,0.048973639793806,6.98691538461982,1.5815545355691,7.26585917317708,1.79474506284197,5.67925089903734e-06,0.82624883286648,0.58525958994709,0.641886299974535,0.454669462481962,"priority",1
102151,102,8,8,48,0.00014854087159213,47,4,9,2,3,5.445,1.45332738192863e-07,0,81853,0,0,0,0,0,0,0,0,0,0.5,1.2448132780083e-06,0,0,NA,NA,1,0,0,-0.0113912133891213,0,0,NA,NA,NA,NA,-8.46538343869632e-08,NA,NA,NA,NA,"priority",1
102480,138,34,58,180,0.000523339818196298,257,18,54,3.16227766016838,6,5.445,2.01825545258848e-06,0,82152,0,0,0,0,0,0,0,0,0,12,5.80912863070539e-06,0,0,0.121424897314614,85.2131713243094,1,0,0,-0.0113912133891213,0,0,NA,NA,NA,NA,-8.40737922400394e-08,NA,NA,NA,NA,"priority",1
102109,42,193,120,240,0.00375229950172386,2837,52,150,30,40,290,7.09983191397106e-05,16,82218,0.00036488360213092,14.2126704035519,7,10,17.464249196573,14,7,7,0.000578947368421053,422,5.80912863070539e-05,0,0,0.0885286539501242,17.6427934221476,0.930147058823529,0.0220588235294118,0.0477941176470588,0.0304497907949791,0.0594672401822255,0.0730721723705982,16.3152562691536,0.883825972964051,14.6318376874569,3.06499812983671,1.44260034881842e-06,0.560846560846561,0.388278388278388,0.374559082892416,0.259310134310134,"priority",1
102162,174,63,108,216,0.00109060608288606,789,22,105,14.2126704035519,10,14,1.44970150259637e-05,0,82094,0,0,0,0,0,0,0,0,0,92,1.61825726141079e-05,0,0,0.101414035132732,27.6261444694097,1,0,0,-0.0113912133891213,0,1.94059680528909e-18,NA,NA,NA,NA,-4.23770741723809e-08,NA,NA,NA,NA,"priority",1
102329,174,55,144,240,0.000988335204255942,956,23,138,13.8924439894498,10,60.5,2.39722974008508e-05,25,82097,0.000572493513770296,13.8924439894498,9,60.5,8.60232526704263,22,8,7,0.000368421052631579,95,2.24066390041494e-05,0,0,0.0771804661102706,17.5220951733264,0.910144927536232,0.0202898550724638,0.0695652173913043,0.241746861924686,0.058127380708995,0.0359929927491323,6.58315765086233,1.6142205243424,6.15884309397391,1.44168621266306,2.35324881690547e-06,0.571103202353202,0.21151970457526,0.391056998556999,0.144835925391481,"priority",1
102140,222,22,33,96,0.000464797690689368,140,16,46,3.60555127546399,8,5.445,1.05887304614013e-06,0,81988,0,0,0,0,0,0,0,0,0,14.5,5.80912863070539e-06,0,0,0.144439131721311,193.101366811964,1,0,0,-0.0113912133891213,0,0,NA,NA,NA,NA,-4.21028841233476e-08,NA,NA,NA,NA,"priority",1
102213,78,62,203,240,0.00097372025338127,360,36,198,6.40312423743285,8,13,1.79501171364606e-05,31,82003,0.000524371059595381,6.40312423743285,8,13,8.06225774829855,12,5,7,0,30,8.71369294605809e-06,0,0,0.0603774302554385,7.04602219342235,1,0,0,0.0430020920502092,0.0267913148009743,0.0337332960179856,5.74236589466833,1.59042119799809,6.45372589456416,0.660891517035888,2.10941013229453e-06,0.467697516717125,0.350773137537843,0.365121806298277,0.273841354723708,"priority",1
102243,54,58,165,240,0.000998757642931963,633,28,162,13,11,27.5,2.26845863169225e-05,32,81748,0.000452610461418016,12.2065556157337,7,27.5,10.0498756211209,5,7,4,0.000263157894736842,54.5,1.20331950207469e-05,0,0,0.225882500046006,27.6223357897677,0.777777777777778,0.142857142857143,0.0793650793650794,0.103671548117155,0.0510734544591368,0.0420496887913008,7.26246890528022,2.23801858789954,7.18107691706096,2.5174371948068,1.85122336018051e-06,0.825396825396825,0.525252525252525,0.737942612942613,0.469599844599845,"priority",1
102273,66,56,35,240,0.000946360757573919,642,14,30,19.1049731745428,9,37,1.31989974120685e-05,18,82329,0.000352245259871977,19.1049731745428,6,37,16.4924225024706,11,6,7,0.000157894736842105,91,1.36929460580913e-05,0,0,0.253169651667169,56.9641873781947,0.9375,0.00892857142857143,0.0535714285714286,0.14342050209205,0.0799371262533171,0.0690059518931826,4.13234298609726,5.58966591304539,5.1544001504468,5.68494423076329,1.43160897213112e-06,0.516237745098039,0.165196078431373,0.356589795008913,0.114108734402852,"priority",1
102256,54,0,1,-Inf,0,1,1,1,0,0,0,4.29576743225081e-12,0,81592,0,0,0,0,0,0,0,0,0,0,4.149377593361e-07,0,0,NA,NA,1,0,0,0,0,0,NA,NA,NA,NA,0,NA,NA,NA,NA,"priority",1
102105,42,11,32,36,0.000197555253735029,57,5,9,2,3,5.445,1.95805365531712e-07,0,81743,0,0,0,0,0,0,0,0,0,1,1.6597510373444e-06,0,0,NA,NA,1,0,0,-0.0113912133891213,0,0,NA,NA,NA,NA,-8.41778157026897e-08,NA,NA,NA,NA,"priority",1
102317,150,1,1,7,1.04933996516191e-05,1,1,1,0,1,2.7225,4.47580819888432e-08,0,82080,0,0,0,0,0,0,0,0,0,0,4.149377593361e-07,0,0,NA,NA,1,0,0,-0.0113912133891213,0,0,NA,NA,NA,NA,-4.24316527909505e-08,NA,NA,NA,NA,"priority",1
102151,126,131,144,240,0.00240837823701848,2196,47,138,23.7065391822594,21,201,4.38912284181731e-05,89,81898,0.00167281252289433,21.4709105535839,19,179.5,22.2036033111745,48,19,17,0.001,431,4.81327800829876e-05,0,0,0.120212416425588,30.6514578790668,0.807339449541284,0.0688073394495413,0.123853211009174,0.739654811715481,0.0898364458308949,0.0929021059044959,17.5976856241558,3.89282056682124,16.8692803859382,3.83782494788821,6.95710252244745e-06,0.629657495282495,0.145305575834422,0.447463076139547,0.103260709878357,"priority",1
102093,186,36,35,168,0.00064615234565493,395,14,18,4.12310562561766,8,5.445,4.29394295894703e-06,0,81839,0,0,0,0,0,0,0,0,0,20.5,8.71369294605809e-06,0,0,0.311801523420499,154.267999636857,1,0,0,-0.0113912133891213,0,0,NA,NA,NA,NA,-8.45939309437743e-08,NA,NA,NA,NA,"priority",1
102321,102,67,34,240,0.00117140312130123,488,22,30,13.0384048104053,17,26.5,4.21551676345351e-06,18,81883,0.000329738773616013,13.0384048104053,4,9,7.21110255092798,9,5,3,5.26315789473684e-05,49.5,1.32780082987552e-05,0,0,0.047284614215874,36.1628918570224,0.98546511627907,0.00290697674418605,0.0116279069767442,0.026265690376569,0.0545539950226163,0.0301719772005355,6.49279522083348,0.515184753736749,6.94977226137223,0.354727915205944,1.295588037727e-06,0.715608465608466,0.613378684807256,0.528739778739779,0.453205524634096,"priority",1
102364,150,99,81,108,0.00158185490740065,470,48,78,7.07106781186548,15,13,5.50065361426525e-06,0,82008,0,0,0,0,0,0,0,0,0,19,7.88381742738589e-06,0,0,1.49949091647325,524.089520866105,1,0,0,-0.0113912133891213,0,0,NA,NA,NA,NA,-4.21024604635795e-08,NA,NA,NA,NA,"priority",1
102347,198,1,1,238,2.28360032427125e-05,4,1,1,0,1,2.7225,8.55906128473589e-07,0,81916,1.2207627325553e-05,0,1,2.7225,1,1,0,1,0,0,8.29875518672199e-07,0,0,NA,NA,1,0,0,0,0,0.00418410041841004,NA,NA,NA,NA,8.61097131880553e-09,NA,NA,NA,NA,"priority",1
102081,78,30,143,240,0.000426148470126992,311,11,138,8.24621125123532,6,5.445,7.62221333529481e-06,26,82131,0.000426148470126992,8.24621125123532,3,4,7.81024967590665,9,3,3,0,26.5,9.95850622406639e-06,0,0,0.0428897414270828,11.3777362715048,1,0,0,-0.00604602510460251,0.0303188755281813,0.0284947685184379,6.21373385691732,1.44369918372878,5.27698396494843,0.479750300172564,1.65528660002051e-06,0.463888888888889,0.331349206349206,0.35906432748538,0.256474519632414,"priority",1
102448,102,53,226,240,0.000774663932558669,247,19,222,23.3452350598575,14,60.5,1.7413508915257e-05,31,81982,0.000695274572467127,23.3452350598575,14,60.5,13,26,14,14,0.000789473684210526,58.5,7.05394190871369e-06,0,0,0.0908240605547869,8.77248180285853,0.777777777777778,0.0864197530864197,0.135802469135802,0.253138075313808,0.0976788077818306,0.0543933054393305,5.91043461657323,3.68922210901076,5.43425727664659,3.24112836378595,2.90909862956957e-06,0.656359689693023,0.251371796052647,0.44704246370913,0.171207752058816,"priority",1
102178,102,18,72,240,0.000390677459131475,175,9,58,6.08276253029822,4,5.445,5.04630556790347e-06,16,82063,0.000377758551356884,6.08276253029822,4,4.5,5,15,4,4,0,11,5.39419087136929e-06,0,0,0.107131641180012,27.8757851073355,0.973684210526316,0.00263157894736842,0.0236842105263158,0.00743723849372385,0.0254508892481097,0.0209205020920502,3.64412280563537,1.72060802332517,3.10355339059327,2.19634737742371,1.5387913619283e-06,0.735833333333333,0.525595238095238,0.401666666666667,0.286904761904762,"priority",1
102057,138,201,240,240,0.00345017434391631,2873,62,234,26.1725046566048,32,201.5,0.000101541554967625,201,81735,0.00345017434391631,25.6124969497314,32,201.5,15,81,43,34,0.00126315789473684,325.5,5.56016597510373e-05,0,0,0.206798650717061,26.4769462002921,0.623853211009174,0.137614678899083,0.238532110091743,0.831705020920502,0.107165259203897,0.0627615062761506,7.05620887781148,2.65796204268456,7.32438255659012,2.35633425494373,1.43935292931068e-05,0.750360251971641,0.383336215681165,0.565677093383602,0.288987210750318,"priority",1
102154,138,42,35,36,0.000611291781793286,118,16,30,2,4,5.445,4.40073096529129e-07,0,81951,0,0,0,0,0,0,0,0,0,1.5,2.0746887966805e-06,0,0,NA,NA,1,0,0,-0.0113912133891213,0,0,NA,NA,NA,NA,-8.40079592500912e-08,NA,NA,NA,NA,"priority",1
102270,114,62,156,216,0.00106116148948485,386,34,150,8.24621125123532,6,7,4.20115872424701e-06,0,81838,0,0,0,0,0,0,0,0,0,38,7.46887966804979e-06,0,0,0.0681526213516834,29.5383987989866,1,0,0,-0.0227824267782427,-0.00591721155804642,-0.00591721155804642,NA,NA,NA,NA,-8.48426559009255e-08,NA,NA,NA,NA,"priority",1
101993,42,213,156,240,0.00351639764596713,2505,64,150,35,34,224.5,5.4174937210454e-05,61,81794,0.000916937672689928,27,9,124,22.0907220343745,14,11,10,0.000526315789473684,315,5.10373443983402e-05,0,0,0.166174519185094,37.7022240801965,0.895104895104895,0.0454545454545455,0.0594405594405594,0.507437238493724,0.112970711297071,0.0924297993070064,11.5252011373107,5.74163534045961,12.0013696352133,5.67131726910752,3.7941444224815e-06,0.760330578512397,0.194503171247357,0.608236208236208,0.155595309083681,"priority",1
102320,66,9,11,24,0.000160201114013901,26,4,9,1,2,5.445,6.42105184752364e-08,0,82359,0,0,0,0,0,0,0,0,0,0,8.29875518672199e-07,0,0,NA,NA,1,0,0,-0.0113912133891213,0,0,NA,NA,NA,NA,-1.27413833846585e-07,NA,NA,NA,NA,"priority",1
102393,186,53,213,240,0.00112588072928016,348,18,189,7.21110255092798,10,9,1.76298317744952e-05,18,81831,0.000354388923513094,7.21110255092798,4,3,8.48528137423857,11,5,5,0.000526315789473684,28.5,7.46887966804979e-06,0,0,0.0867023814600731,8.9505429433633,0.940217391304348,0.0181159420289855,0.0416666666666667,0.00116108786610879,0.0301719772005355,0.0355032693482785,7.64958326995657,0.595688463041517,5.33831343273576,3.06235401567834,1.44018699055343e-06,0.634307359307359,0.555018939393939,0.487734487734488,0.426767676767677,"priority",1
102261,162,42,120,156,0.000681276257522425,303,19,80,6,6,9,4.33596864825527e-06,0,82289,0,0,0,0,0,0,0,0,0,19.5,6.63900414937759e-06,0,0,0.109186405857209,40.7580713475846,1,0,0,-0.0227824267782427,-0.00418410041841004,-0.00418410041841004,NA,NA,NA,NA,-8.40509922240646e-08,NA,NA,NA,NA,"priority",1
102170,78,11,11,24,0.000185772317447736,38,3,4,1.4142135623731,3,5.445,4.51636243335758e-08,0,82055,0,0,0,0,0,0,0,0,0,0.5,1.2448132780083e-06,0,0,NA,NA,1,0,0,-0.0113912133891213,0,0,NA,NA,NA,NA,-8.35633484134537e-08,NA,NA,NA,NA,"priority",1
102123,174,126,72,240,0.00240037230264286,947,41,70,25.0798724079689,18,148,1.52019354617885e-05,1,81807,8.55672497463542e-05,0,1,2.7225,5.09901951359278,6,1,1,0,263.5,2.24066390041494e-05,0,0,0.121091911828191,43.5206022664126,1,0,0,3.57318840245232e-18,1.46843996031678e-17,0.0213348096803045,NA,NA,NA,NA,2.74761256286166e-07,NA,NA,NA,NA,"priority",1
102249,198,145,141,240,0.00209865982321072,1138,41,138,17.8044938147649,19,48.5,2.61359518167484e-05,34,81835,0.000635424940428912,2.23606797749979,4,1.5,20,18,5,4,0.000473684210526316,106.5,2.24066390041494e-05,0,0,0.136317327070757,28.2904247400129,0.927350427350427,0,0.0726495726495727,-0.00511506276150628,0.00935593296025017,0.0836820083682008,18.8074767131991,0.839698106442773,18.6068801335123,0.85440893100611,2.616772442747e-06,0.701851851851852,0.701851851851852,0.506772486772487,0.506772486772487,"priority",1
102042,222,1,1,2,1.0075262208699e-05,2,1,1,0,1,2.7225,2.13524519404391e-09,0,81916,0,0,0,0,0,0,0,0,0,0,4.149377593361e-07,0,0,NA,NA,1,0,0,-0.0113912133891213,0,0,NA,NA,NA,NA,-4.17996225577682e-08,NA,NA,NA,NA,"priority",1
102046,210,0,1,-Inf,0,1,1,1,0,0,0,1.64766089708346e-08,0,81895,0,0,0,0,0,0,0,0,0,0,4.149377593361e-07,0,0,NA,NA,1,0,0,0,0,0,NA,NA,NA,NA,0,NA,NA,NA,NA,"priority",1
102092,54,47,35,180,0.000918802371735189,259,16,20,2.82842712474619,7,5.445,2.36985830926926e-06,0,82038,0,0,0,0,0,0,0,0,0,5,3.7344398340249e-06,0,0,0.910541283319175,349.598779824412,1,0,0,-0.0113912133891213,0,0,NA,NA,NA,NA,-1.68810724646623e-07,NA,NA,NA,NA,"priority",1
102276,90,11,8,214,0.000173449918886656,29,4,6,1.4142135623731,3,5.445,2.33022594855649e-07,0,81936,0,0,0,0,0,0,0,0,0,0,8.29875518672199e-07,0,0,NA,NA,1,0,0,-0.0113912133891213,0,0,NA,NA,NA,NA,-1.25485366942219e-07,NA,NA,NA,NA,"priority",1
102044,90,72,215,240,0.00130986191362256,1072,31,210,15.2970585407784,13,101.5,2.99601709936545e-05,17,81977,0.000451346109274553,8.60232526704263,4,18.5,9.48683298050514,20,4,5,0.000684210526315789,130.5,2.44813278008299e-05,0,0,0.0599909014444782,11.6742734324313,0.669950738916256,0.137931034482759,0.192118226600985,0.0660146443514644,0.0359929927491323,0.0396938618431177,6.1498477010923,2.11523439994535,6.18730962636538,2.44054627422806,1.8462564515412e-06,0.654603174603175,0.409126984126984,0.316190476190476,0.197619047619048,"priority",1
102227,138,112,190,223,0.00182969224576426,1553,33,186,22.3606797749979,18,122.5,3.54294135583334e-05,0,82121,0,0,0,0,0,0,0,0,0,185.5,2.98755186721992e-05,0,0,0.163609715750509,33.6587166600701,1,0,0,-0.0113912133891214,-3.83764406724821e-18,0,NA,NA,NA,NA,-1.70473452510188e-07,NA,NA,NA,NA,"priority",1
102285,66,14,11,12,0.000234356690883525,22,4,4,1,2,5.445,7.9598671121806e-08,0,81950,0,0,0,0,0,0,0,0,0,0,4.149377593361e-07,0,0,NA,NA,1,0,0,-0.0113912133891213,0,0,NA,NA,NA,NA,-8.43390092502604e-08,NA,NA,NA,NA,"priority",1
102192,222,52,204,240,0.00108294902838787,690,20,201,25,15,79,2.33124857095617e-05,5,82104,0.000121796745590958,7.21110255092798,2,5.445,22.561028345357,5,2,2,0.000473684210526316,180.5,1.78423236514523e-05,0,0,0.0912067252730981,17.0413881818542,0.854961832061069,0.0267175572519084,0.118320610687023,0.0113912133891213,0.0301719772005355,0.0943976081395689,21.828025727543,1.03662224336752,21.828025727543,1.03662224336752,4.67251187586941e-07,NA,NA,NA,NA,"priority",1
102138,126,35,35,240,0.000685090713350705,213,16,22,3.60555127546399,6,5.445,1.02907951214256e-06,8,81717,0.000195797692034705,1,2,5.445,2.23606797749979,8,1,2,0,12,5.39419087136929e-06,0,0,0.0432048977538097,53.1086233356543,1,0,0,0.0113912133891213,0.00418410041841004,0.00935593296025017,1.82514076993644,0.58113883008419,NA,NA,7.77412094524074e-07,NA,NA,NA,NA,"priority",1
102177,102,79,60,240,0.00140030441400304,537,36,66,9.48683298050514,11,24.5,6.03520402202865e-06,5,81854,0.000109951865516652,0,1,2.7225,3.60555127546399,4,1,1,5.26315789473684e-05,39.5,1.12033195020747e-05,0,0,0.172945874390409,78.2275337867132,0.986394557823129,0.0102040816326531,0.00340136054421769,1.85504655176015e-18,0,0.0150859886002677,NA,NA,NA,NA,4.17954810467732e-07,NA,NA,NA,NA,"priority",1
102092,90,66,240,240,0.00122313685678291,585,37,236,9,11,12.5,1.45600798405905e-05,66,81757,0.00122313685678291,8.24621125123532,5,4.5,7.81024967590665,34,9,9,0.000578947368421053,49,1.12033195020747e-05,0,0,0.219847817189453,39.970070360578,0.892733564013841,0.0242214532871972,0.0830449826989619,0.00743723849372385,0.0345029759465913,0.0326788689368479,6.75140388617158,0.771922121402562,6.77463078366214,0.785763936045292,5.03264150808843e-06,0.761666666666667,0.692424242424242,0.523949220713927,0.476317473376297,"priority",1
102185,30,107,96,240,0.00184162062615101,1050,36,90,15.6204993518133,16,78,2.75674469604168e-05,89,82398,0.00162625306439477,11.4017542509914,14,35.5,7,45,14,13,0.000263157894736842,111,2.44813278008299e-05,0,0,0.0888276806711061,18.8704947733612,0.975609756097561,0.0182926829268293,0.00609756097560976,0.137144351464435,0.0477060847321815,0.0292887029288703,5.15103005719992,1.2606070478047,4.91835722152403,1.12101160979216,6.71949115338716e-06,0.687640484515485,0.379387853525785,0.448473957619178,0.24743390765196,"priority",1
102197,162,5,3,12,6.21458978528592e-05,12,6,1,0,1,2.7225,1.00904589458656e-07,0,81975,0,0,0,0,0,0,0,0,0,0,4.149377593361e-07,0,0,NA,NA,1,0,0,-0.0113912133891213,0,0,NA,NA,NA,NA,-2.57885138990634e-07,NA,NA,NA,NA,"priority",1
102161,78,71,107,204,0.00103711657190268,602,28,102,9.8488578017961,10,9,6.20460460608659e-06,0,81984,0,0,0,0,0,0,0,0,0,50,1.28630705394191e-05,0,0,0.114628250825851,57.9329283192596,1,0,0,-0.0113912133891213,-2.84513053842106e-18,0,NA,NA,NA,NA,-4.19172936585593e-08,NA,NA,NA,NA,"priority",1
102159,234,127,228,240,0.00208323181131524,1549,47,222,24.8394846967484,23,140.5,4.88640533260511e-05,110,82157,0.00185011624085592,24.2074368738204,18,137.5,15.6524758424985,42,22,17,0.00168421052631579,156,2.98755186721992e-05,0,0,0.19049339033361,26.1472291115397,0.670068027210884,0.0782312925170068,0.251700680272109,0.563922594142259,0.101286346752387,0.0654915307217512,8.82962270968071,4.50445590276827,9.60395397273645,4.39593696589365,7.69856331976215e-06,0.79098729553275,0.34803441003441,0.584800552982371,0.257312243312243,"priority",1
102127,102,48,215,240,0.0007187408634636,189,15,210,3.16227766016838,6,5.445,2.95153933539897e-06,2,81845,2.44364347241737e-05,0,1,2.7225,2,0,1,0,0,10.5,5.80912863070539e-06,0,0,0.0767571269085171,36.888349964062,1,0,0,0,0,0.00836820083682008,NA,NA,NA,NA,1.87178479524346e-08,NA,NA,NA,NA,"priority",1
102238,186,63,204,240,0.00135554307207581,765,28,201,15.8113883008419,10,57.5,1.60328804826684e-05,32,81823,0.000562189115529863,9.8488578017961,5,18.5,9.8488578017961,14,6,4,0.000578947368421053,121.5,1.32780082987552e-05,0,0,0.129673436916589,26.1626542225452,0.910769230769231,0.0153846153846154,0.0738461538461539,0.0660146443514644,0.0412086100493561,0.0412086100493561,2.01776695296637,2.49762994950995,3.92946331052566,3.77772176178702,2.26833452977221e-06,0.737710084033613,0.442626050420168,0.533403361344538,0.320042016806723,"priority",1
102277,174,86,72,240,0.00154051179225098,1115,39,66,17.1172427686237,15,65,1.90971789535213e-05,51,81692,0.000905841453263477,3.16227766016838,6,4.5,9.4339811320566,23,9,6,0.000210526315789474,131,2.53112033195021e-05,0,0,0.116157202162065,36.5347146142738,0.941176470588235,0.00588235294117647,0.0529411764705882,0.00743723849372385,0.0132312872810392,0.0394727244019105,8.31132425414917,0.84039691269666,8.27058357967952,0.892820339137438,3.74809850818266e-06,0.946119929453263,0.851507936507937,0.730555555555556,0.6575,"priority",1
102142,186,125,108,180,0.00239272416529329,1140,37,102,14.2126704035519,23,76.5,1.13956520735198e-05,0,82108,1.21790812101135e-05,0,1,2.7225,5.09901951359278,1,0,1,0,131,2.61410788381743e-05,0,0,0.0930457889029081,52.1069242619418,1,0,0,-2.60363063055252e-17,0,0.0213348096803045,NA,NA,NA,NA,-3.33040787402777e-08,NA,NA,NA,NA,"priority",1
102199,90,59,214,240,0.000861913447854236,616,22,210,8.24621125123532,7,23,1.47194735158888e-05,18,81979,0.000341550884982739,6.32455532033676,6,5.5,4.47213595499958,10,4,5,5.26315789473684e-05,98.5,1.28630705394191e-05,0,0,0.0849149268286272,17.7775630859442,0.995901639344262,0.00409836065573771,0,0.0116213389121339,0.0264625745620785,0.0187118659205003,2.60189102859807,1.5930172140081,2.42489921203978,1.46963206799019,1.38685283258589e-06,0.412878787878788,0.247727272727273,0.247564935064935,0.148538961038961,"priority",1
102270,90,3,6,12,7.39736160769326e-05,11,3,2,0,1,2.7225,6.62085742417537e-09,0,82324,0,0,0,0,0,0,0,0,0,0,4.149377593361e-07,0,0,NA,NA,1,0,0,-0.0113912133891213,0,0,NA,NA,NA,NA,-4.22794419976157e-08,NA,NA,NA,NA,"priority",1
102203,198,1,1,5,1.04597039903771e-05,1,1,1,0,1,2.7225,2.52324878953459e-08,0,81988,0,0,0,0,0,0,0,0,0,0,4.149377593361e-07,0,0,NA,NA,1,0,0,-0.0113912133891213,0,0,NA,NA,NA,NA,-4.23449085963975e-08,NA,NA,NA,NA,"priority",1
102249,162,1,1,1,1.00956053829768e-05,1,1,1,0,1,2.7225,2.48360301123838e-12,0,81825,0,0,0,0,0,0,0,0,0,0,4.149377593361e-07,0,0,NA,NA,1,0,0,-0.0113912133891213,0,0,NA,NA,NA,NA,-4.22410267070159e-08,NA,NA,NA,NA,"priority",1
102124,66,1,1,10,1.07663487005017e-05,1,1,1,0,1,2.7225,4.90650178216352e-11,0,81993,0,0,0,0,0,0,0,0,0,0,4.149377593361e-07,0,0,NA,NA,1,0,0,-0.0113912133891213,0,0,NA,NA,NA,NA,-4.25304223300709e-08,NA,NA,NA,NA,"priority",1
102259,210,34,22,240,0.000599344390625765,289,12,144,4,10,5.5,5.05862736222437e-06,11,82214,0.000145960542000146,1,2,5.445,4.12310562561766,1,3,1,0.000157894736842105,22,9.12863070539419e-06,0,0,0.173479080632273,71.5307905237344,1,0,0,0.0113912133891213,0.00418410041841004,0.0172514879732957,NA,NA,4.04103520853922,0.0710750660891136,4.43034311120747e-07,NA,NA,NA,NA,"priority",1
102320,54,30,225,240,0.000597626568769743,214,11,239,4.47213595499958,7,6.5,6.73281579452007e-06,26,81991,0.000597626568769743,3.16227766016838,6,4.5,3.16227766016838,23,7,7,0.000263157894736842,12,5.80912863070539e-06,0,0,0.316861373691435,64.9143173517252,0.942307692307692,0.0137362637362637,0.043956043956044,0.00743723849372385,0.0132312872810392,0.0132312872810392,1.88727211967278,1.15955649741189,1.88727211967278,1.15955649741189,2.45768910403712e-06,0.674603174603175,0.674603174603175,0.381349206349206,0.381349206349206,"priority",1
102210,78,177,215,240,0.00348466137650238,3165,56,210,23.4093998214393,39,205.5,0.00011360814058098,166,81829,0.0031895782668736,22.8254244210267,39,168,16.9705627484771,95,45,35,0.00205263157894737,376.5,6.39004149377593e-05,0,0,0.187657510641124,24.8961516134743,0.571428571428571,0.149825783972125,0.278745644599303,0.691537656903766,0.0955038678704044,0.0710065386965571,9.87647454636258,3.40818119826406,9.84191016711675,3.26536992129729,1.32182143476814e-05,0.765855549679079,0.520781773781774,0.559413027060086,0.380400858400858,"priority",1
102100,162,58,178,216,0.000965250965250965,627,17,66,11.6619037896906,11,51.5,1.37697803150966e-05,0,82008,0,0,0,0,0,0,0,0,0,112.5,1.6597510373444e-05,0,0,0.201839210665775,59.3348617594368,1,0,0,-0.0113912133891213,-2.82176137970948e-18,0,NA,NA,NA,NA,-4.2193743882962e-08,NA,NA,NA,NA,"priority",1
102193,174,48,96,228,0.00080489768043123,385,16,90,7.28010988928052,6,10.5,3.67464306120039e-06,0,82067,0,0,0,0,0,0,0,0,0.000157894736842105,32,8.71369294605809e-06,0,0,0.189850559234988,109.751370923294,0.881578947368421,0.0460526315789474,0.0723684210526316,-0.0113912133891213,0,0,NA,NA,NA,NA,-1.25167536747937e-07,NA,NA,NA,NA,"priority",1
102092,138,91,84,240,0.00175172109660191,834,28,78,14.142135623731,16,57,1.42054648386834e-05,1,82227,2.43229109659844e-05,0,1,2.7225,14.0356688476182,1,1,1,0.000210526315789474,81.5,1.74273858921162e-05,0,0,0.116609042265918,34.8951780016552,0.881578947368421,0.0197368421052632,0.0986842105263158,-0.0113912133891214,-0.00418410041841004,0.0545425474795741,NA,NA,NA,NA,1.80012122431264e-08,NA,NA,NA,NA,"priority",1
102135,114,238,156,240,0.00429949920605839,2709,91,150,36.8781778291715,42,302,6.95762959346886e-05,8,81996,0.000109761451778136,1,2,5.445,11.0453610171873,1,2,1,0.000157894736842105,492,4.89626556016597e-05,0,0,0.105733849167425,18.1582168095689,0.943262411347518,0.00709219858156028,0.049645390070922,0.0113912133891213,0.00418410041841004,0.0462148996535032,NA,NA,11.0226805085936,0.0320750828546319,4.17038758796873e-07,NA,NA,NA,NA,"priority",1
102228,210,40,24,204,0.000744020393477015,171,12,22,4.12310562561766,7,5.445,6.04613387909905e-07,0,81902,0,0,0,0,0,0,0,0,0,8.5,4.5643153526971e-06,0,0,0.0966917895450558,178.207065188589,1,0,0,-0.0113912133891213,0,0,NA,NA,NA,NA,-1.69314520006881e-07,NA,NA,NA,NA,"priority",1
101996,162,104,48,240,0.00195804880436645,2054,31,102,26,17,175,4.95563124439586e-05,68,81682,0.00144462672314586,26,14,175,23.0217288664427,50,16,19,0.000157894736842105,372.5,4.48132780082988e-05,0,0,0.0897789663372573,18.1841588068714,0.940919037199125,0.0284463894967177,0.0306345733041575,0.720826359832636,0.108786610878661,0.0963252253826053,10.2622130481014,4.93880711953911,9.65513563318857,4.17495464626637,5.95963610152706e-06,0.61595533186284,0.166474414016984,0.379575581582161,0.102587995022206,"priority",1
102206,30,9,12,12,0.000130892688133068,16,4,1,1,2,5.445,9.06959466186007e-08,0,81667,0,0,0,0,0,0,0,0,0,0,8.29875518672199e-07,0,0,NA,NA,1,0,0,-0.0113912133891213,0,0,NA,NA,NA,NA,-1.69075056306221e-07,NA,NA,NA,NA,"priority",1
102267,78,96,59,156,0.0012829708351433,449,27,54,9.21954445729289,15,28,5.04579597128626e-06,0,82272,1.21548035783742e-05,0,1,2.7225,4.24264068711928,1,0,1,0,26.5,8.29875518672199e-06,0,0,0.464548483150059,186.279407702153,1,0,0,0,0,0.0177516346741393,NA,NA,NA,NA,8.16070948247956e-09,NA,NA,NA,NA,"priority",1
102067,18,26,60,228,0.000462405237347741,242,9,61,3.60555127546399,5,5.445,4.04827673059317e-06,0,81905,0,0,0,0,0,0,0,0,5.26315789473684e-05,16.5,6.63900414937759e-06,0,0,0.062741044035168,25.0662497086753,0.987460815047022,0.00313479623824451,0.00940438871473354,-0.0113912133891213,0,0,NA,NA,NA,NA,-4.20901780380859e-08,NA,NA,NA,NA,"priority",1
102356,150,1,1,4,1.04000915208054e-05,1,1,1,0,1,2.7225,1.03881586392037e-08,0,81907,0,0,0,0,0,0,0,0,0,0,4.149377593361e-07,0,0,NA,NA,1,0,0,-0.0113912133891213,0,0,NA,NA,NA,NA,-4.24665362632582e-08,NA,NA,NA,NA,"priority",1
102167,150,71,216,240,0.00127782307626778,488,28,210,16.6433169770932,11,60.5,2.58407515204163e-05,17,81787,0.000256764522479123,1.4142135623731,3,0.5,7.61577310586391,4,3,2,0.000473684210526316,87,1.07883817427386e-05,0,0,0.146498523560163,14.9211757448269,0.886627906976744,0.0406976744186047,0.0726744186046512,-0.00929916317991631,0.00591721155804642,0.0318651594387611,6.95965324171367,0.355603023340215,7.17835986309709,0.454669675495509,1.03241587107964e-06,0.722222222222222,0.722222222222222,0.576388888888889,0.576388888888889,"priority",1
102505,222,17,23,24,0.000354744400543126,46,8,22,2.23606797749979,4,5.445,9.2078953120014e-08,0,82304,0,0,0,0,0,0,0,0,0,1,1.6597510373444e-06,0,0,NA,NA,1,0,0,-0.0113912133891213,0,0,NA,NA,NA,NA,-4.24868035988022e-08,NA,NA,NA,NA,"priority",1
102157,174,53,36,168,0.000939035841900511,228,18,18,6.70820393249937,10,13,1.65054724561587e-06,0,82011,0,0,0,0,0,0,0,0,0,20.5,6.63900414937759e-06,0,0,0.0629556172134954,61.5817131758047,1,0,0,-0.0113912133891213,-9.39179384038602e-19,0,NA,NA,NA,NA,-4.25019088669819e-08,NA,NA,NA,NA,"priority",1
102104,30,69,240,240,0.00138784056877115,528,20,234,26.1725046566048,14,134,2.1805600093398e-05,69,82142,0.00138784056877115,25.4950975679639,14,32,19.313207915828,45,16,16,0.000736842105263158,159,1.45228215767635e-05,0,0,0.0653588315693616,10.6206660203847,0.776595744680851,0.074468085106383,0.148936170212766,0.1225,0.106674048401523,0.0808084013214559,9.04109624485871,5.80308687429503,8.87634672247471,5.93502317770594,5.76413146595771e-06,0.669404905189219,0.502053678891914,0.429204682390957,0.321903511793218,"priority",1
102242,210,67,106,216,0.00102995451034246,501,21,102,8.24621125123532,9,18,8.99615350417185e-06,0,82176,0,0,0,0,0,0,0,0,0,42,1.16182572614108e-05,0,0,0.100045211627776,31.5070109372843,1,0,0,1.86574602769072e-18,1.89251085119559e-18,0,NA,NA,NA,NA,-2.5442842423158e-22,NA,NA,NA,NA,"priority",1
102205,138,153,142,240,0.00256047600468201,2429,39,138,22.0227155455452,25,171,5.93410359517849e-05,53,81702,0.000991407799074686,22.0227155455452,16,154.5,14.8660687473185,28,17,13,0.000473684210526316,221,4.85477178423236e-05,0,0,0.146512178505958,29.1524368809693,0.94908350305499,0.0183299389002037,0.0325865580448065,0.63505230125523,0.0921452533286412,0.0622011244657678,8.06151618510715,4.15487102050433,7.69571041800855,3.78477789768295,4.0649081269365e-06,0.687802430913886,0.294772470391665,0.495493226530378,0.212354239941591,"priority",1
102230,210,64,216,240,0.00118370634320162,916,18,213,10.1980390271856,10,28.5,3.2695355843848e-05,36,82222,0.000644596336746856,10.1980390271856,6,16.5,8.60232526704263,17,6,6,0.000684210526315789,74.5,1.99170124481328e-05,0,0,0.193886548885643,28.4863394363758,0.836309523809524,0.0297619047619048,0.133928571428571,0.0576464435146444,0.0426696193606091,0.0359929927491323,5.99225689264448,2.55175014432558,5.99225689264448,2.55175014432558,2.52887611406381e-06,0.783830455259027,0.60964590964591,0.576109604681033,0.448085248085248,"priority",1
102002,102,110,240,240,0.00182608378072386,972,43,234,15.2643375224737,16,91.5,2.17725227889584e-05,110,82143,0.00182608378072386,14.7648230602334,16,55,11,40,21,15,0.000789473684210526,200.5,2.03319502074689e-05,0,0,0.103391201707228,21.378734214148,0.910780669144981,0.033457249070632,0.0557620817843866,0.218734309623431,0.0617775023440728,0.0460251046025105,7.09165018047164,2.4586213582768,7.01858911912463,2.56444479678361,7.59873665399188e-06,0.822154502826772,0.47959012664895,0.619490951003556,0.361369721418741,"priority",1
102201,78,10,35,36,0.000194081651292355,22,6,34,1.4142135623731,3,5.445,1.60408851986964e-07,0,82070,0,0,0,0,0,0,0,0,0,0.5,1.2448132780083e-06,0,0,NA,NA,1,0,0,-0.0113912133891213,0,0,NA,NA,NA,NA,-4.31359452608306e-08,NA,NA,NA,NA,"priority",1
102385,234,25,69,180,0.000462472768873149,273,13,66,5,6,5.445,5.18791948757277e-06,0,82573,0,0,0,0,0,0,0,0,0,16,7.05394190871369e-06,0,0,0.205573507287568,68.1805000025131,1,0,0,-0.0113912133891213,0,0,NA,NA,NA,NA,-1.25516736715465e-07,NA,NA,NA,NA,"priority",1
102201,210,101,96,240,0.00179533213644524,1230,26,114,17.0293863659264,16,89,2.91732510031913e-05,4,81903,0.0001465147796784,0,1,2.7225,11,8,2,2,0,149,2.44813278008299e-05,0,0,0.147864622416416,30.2917949651634,1,0,0,0,-3.79500180607096e-18,0.0460251046025105,11,0,11,0,5.71307126198126e-07,NA,NA,NA,NA,"priority",1
102222,102,35,191,240,0.000607326790399378,251,22,18,2,4,5.445,5.54175328982853e-06,2,82079,2.4366768600982e-05,0,1,2.7225,1,0,1,0,0,3,2.9045643153527e-06,0,0,0.734379511670852,93.9491208016994,1,0,0,0,0,0.00418410041841004,NA,NA,NA,NA,5.9490349208919e-08,NA,NA,NA,NA,"priority",1
102112,186,138,239,240,0.00237114536098855,1841,56,174,58.8982172905089,29,754.5,6.46254236741848e-05,131,82028,0.00224313648997903,58.8982172905089,25,754.5,48.1040538832228,53,26,23,0.000526315789473684,867,3.98340248962656e-05,0,0,0.115966015374646,15.8972921455967,0.904205607476635,0.0350467289719626,0.0607476635514019,3.14551255230126,0.246436055608824,0.201272191980012,28.8634120734998,16.2477679585018,27.3870322054985,16.9111940930849,9.30164601393237e-06,0.673969041710977,0.0477010052352518,0.485435621725944,0.0343573156929321,"priority",1
102017,174,35,36,194,0.000564562648044281,203,10,70,3.60555127546399,6,5.445,1.0890394985569e-06,0,81578,0,0,0,0,0,0,0,0,0,17,6.63900414937759e-06,0,0,0.0820241840887273,121.860216104005,1,0,0,-0.0113912133891213,0,0,NA,NA,NA,NA,-4.21240779881811e-08,NA,NA,NA,NA,"priority",1
102054,54,21,23,240,0.000428931424588494,151,14,190,2.23606797749979,4,5.445,4.03873027276553e-06,15,82223,0.000340537319241575,0,1,2.7225,3.16227766016838,13,2,2,0,5,3.3195020746888e-06,0,0,0.351803495908478,70.4509204435305,1,0,0,0,0,0.0132312872810392,3.16227766016838,0,3.16227766016838,0,1.38301053873507e-06,NA,NA,NA,NA,"priority",1
102178,150,44,24,240,0.000829845136253249,219,17,18,2.82842712474619,7,5.445,3.46985297559949e-06,12,82170,0.000146038700255568,0,1,2.7225,1,0,1,0,0,8.5,5.39419087136929e-06,0,0,0.13355084453994,50.6660505870848,1,0,0,0,0,0.00418410041841004,NA,NA,NA,NA,5.68575774566938e-07,NA,NA,NA,NA,"priority",1
102382,78,51,94,240,0.000877171608878926,554,27,90,8.60232526704263,11,26,4.9243003584718e-06,7,82162,0.00015822399649473,1,2,5.445,6.40312423743285,6,2,3,0,56,1.45228215767635e-05,0,0,0.269005160328928,193.522047846601,1,0,0,0.0113912133891213,0.00418410041841004,0.0267913148009743,6.02167600904115,0.330343856015779,5.8309518948453,0,5.78989101557493e-07,NA,NA,NA,NA,"priority",1
102231,42,15,21,36,0.000308094252193631,63,6,7,2,3,5.445,3.83443759411313e-07,0,81876,0,0,0,0,0,0,0,0,0,0.5,1.2448132780083e-06,0,0,NA,NA,1,0,0,-0.0113912133891213,0,-0.00836820083682008,NA,NA,NA,NA,-8.43543122367276e-08,NA,NA,NA,NA,"priority",1
102127,126,118,228,240,0.00193196546917415,1006,50,222,10.770329614269,15,16,3.17446130433999e-05,36,82052,0.000572807487934481,7.81024967590665,7,6.5,11.1803398874989,11,10,5,0.00163157894736842,94,2.0746887966805e-05,0,0,0.203310204072951,32.1802975379835,0.716279069767442,0.0674418604651163,0.216279069767442,0.0158054393305439,0.0326788689368479,0.0467796648012508,10.2060060315053,0.739460009802337,10.14093611769,0.633696963092848,2.35432370795833e-06,0.882142857142857,0.801948051948052,0.71515873015873,0.6501443001443,"priority",1
102260,186,11,23,180,0.000231602813364701,63,5,9,1.4142135623731,3,5.445,7.95894678444034e-08,0,82390,0,0,0,0,0,0,0,0,0,2,1.6597510373444e-06,0,0,NA,NA,1,0,0,-0.0113912133891213,0,0,NA,NA,NA,NA,-8.44837592434209e-08,NA,NA,NA,NA,"priority",1
102296,198,8,20,104,0.000125999404366452,18,3,13,1,2,5.445,1.2277352451935e-07,0,82028,0,0,0,0,0,0,0,0,0,0.5,1.2448132780083e-06,0,0,NA,NA,1,0,0,-0.0113912133891213,0,0,NA,NA,NA,NA,-4.15674900992474e-08,NA,NA,NA,NA,"priority",1
102148,66,52,24,132,0.00089226782702227,171,10,18,4.12310562561766,9,5.445,1.06546281854594e-06,0,81876,0,0,0,0,0,0,0,0,0,6.5,4.5643153526971e-06,0,0,0.288846151198259,301.55247441473,1,0,0,-0.0227824267782427,-0.00418410041841004,-0.00418410041841004,NA,NA,NA,NA,-1.27072020481977e-07,NA,NA,NA,NA,"priority",1
102049,150,59,48,156,0.00107486167263133,472,18,43,16.1245154965971,10,30.5,5.64114097458925e-06,0,81844,0,0,0,0,0,0,0,0,0,51,7.88381742738589e-06,0,0,0.36342276275717,123.846521191507,1,0,0,-0.0113912133891213,0,-3.71762468423566e-18,NA,NA,NA,NA,-4.22935451168505e-08,NA,NA,NA,NA,"priority",1
102358,78,1,1,3,1.03429729841546e-05,1,1,1,0,1,2.7225,5.01921614936227e-25,0,81970,0,0,0,0,0,0,0,0,0,0,4.149377593361e-07,0,0,NA,NA,1,0,0,-0.0113912133891213,0,0,NA,NA,NA,NA,-4.25702322627615e-08,NA,NA,NA,NA,"priority",1
102056,78,39,84,204,0.000637399410405545,245,10,78,4.47213595499958,5,6,3.74472975972396e-06,0,81851,0,0,0,0,0,0,0,0,0,17.5,6.22406639004149e-06,0,0,0.106467179244537,43.1727534354286,1,0,0,-0.0113912133891213,0,0,NA,NA,NA,NA,-4.20010281011659e-08,NA,NA,NA,NA,"priority",1
102116,150,59,72,132,0.00107314455744982,490,17,42,7.07106781186548,15,19.5,3.46904943586195e-06,0,81953,0,0,0,0,0,0,0,0,0,27,1.12033195020747e-05,0,0,0.205263914082766,161.541662763984,1,0,0,-0.0113912133891213,0,0,NA,NA,NA,NA,-4.22026811616561e-08,NA,NA,NA,NA,"priority",1
102157,30,24,48,237,0.000426122528489335,104,10,43,3.16227766016838,5,5.445,9.18204317458935e-07,0,81903,0,0,0,0,0,0,0,0,0,5.5,3.7344398340249e-06,0,0,0.144008588515153,142.88364760688,1,0,0,-0.0113912133891213,0,0,NA,NA,NA,NA,-4.21584573680821e-08,NA,NA,NA,NA,"priority",1
101882,30,1,1,2,1.02604091851183e-05,1,1,1,0,1,2.7225,2.08713925355045e-08,0,81715,0,0,0,0,0,0,0,0,0,0,4.149377593361e-07,0,0,NA,NA,1,0,0,-0.0113912133891213,0,0,NA,NA,NA,NA,-4.25879976631114e-08,NA,NA,NA,NA,"priority",1
102085,222,137,47,240,0.00267863695295873,1501,55,42,24.738633753706,28,115,3.40921038880935e-05,59,82050,0.001121267519805,24.738633753706,9,46,15.2970585407784,33,11,10,0.000421052631578947,309,3.19502074688797e-05,0,0,0.122242010654595,27.751824167842,0.889705882352941,0.0330882352941176,0.0772058823529412,0.181077405857741,0.103508927839774,0.0640044290409136,12.4695002378564,4.02927672281253,12.3373663341551,3.82992573433763,4.60729690859784e-06,0.755787037037037,0.453472222222222,0.475534188034188,0.285320512820513,"priority",1
102254,162,14,47,228,0.000316764132553606,130,7,43,3,3,5.445,9.78546659953619e-06,0,81906,0,0,0,0,0,0,0,0,0.000157894736842105,4,2.9045643153527e-06,0,0,0.0469539679307118,3.39660661195607,0.973333333333333,0.01,0.0166666666666667,-0.0227824267782427,-0.00418410041841004,-0.00418410041841004,NA,NA,NA,NA,-1.2734274031135e-07,NA,NA,NA,NA,"priority",1
101999,138,4,118,129,7.98886124489284e-05,12,2,112,1,2,5.445,4.95590761404595e-09,0,81720,0,0,0,0,0,0,0,0,0,0,8.29875518672199e-07,0,0,NA,NA,1,0,0,-0.0113912133891213,0,0,NA,NA,NA,NA,-4.17870988266141e-08,NA,NA,NA,NA,"priority",1
102176,138,22,215,216,0.000311335845491535,107,7,205,17.8044938147649,3,5.445,1.77389591654701e-06,0,82201,0,0,0,0,0,0,0,0,0,36,4.149377593361e-06,0,0,0.0396303667839743,22.6759874589267,1,0,0,-0.0113912133891213,0,-2.73669703461378e-18,NA,NA,NA,NA,-8.44283550266364e-08,NA,NA,NA,NA,"priority",1
102167,114,1,1,4,1.03763502225727e-05,1,1,1,0,1,2.7225,7.03181192259921e-09,0,82024,0,0,0,0,0,0,0,0,0,0,4.149377593361e-07,0,0,NA,NA,1,0,0,-0.0113912133891213,0,0,NA,NA,NA,NA,-4.22533973421599e-08,NA,NA,NA,NA,"priority",1
102374,90,20,24,120,0.000404134417556579,147,8,19,4,5,5.445,1.33710997878353e-06,0,82130,0,0,0,0,0,0,0,0,0,9,4.5643153526971e-06,0,0,0.101271004716282,84.390760310129,1,0,0,-0.0113912133891213,0,0,NA,NA,NA,NA,-4.19698516286002e-08,NA,NA,NA,NA,"priority",1
102198,198,1,1,5,1.04318798247444e-05,1,1,1,0,1,2.7225,2.68566338599451e-14,0,82015,0,0,0,0,0,0,0,0,0,0,4.149377593361e-07,0,0,NA,NA,1,0,0,-0.0113912133891213,0,0,NA,NA,NA,NA,-4.21903402009644e-08,NA,NA,NA,NA,"priority",1
102277,42,73,72,240,0.00140228511504835,1142,26,175,14.2126704035519,16,48.5,3.24052084537201e-05,38,81810,0.000684512895734018,13.6014705087354,8,41,10.816653826392,18,7,8,0.000578947368421053,106.5,2.65560165975104e-05,0,0,0.159856582530779,30.7346954916235,0.716216216216216,0.0675675675675676,0.216216216216216,0.16015690376569,0.0569099184465918,0.0452579658008032,6.55134870974803,4.06445639778139,7.05868423971204,4.1074087051791,2.78027807882827e-06,0.62328817016317,0.498630536130536,0.414053654678655,0.331242923742924,"priority",1
102138,114,61,132,240,0.000924675451083452,741,18,30,28.3196045170126,13,117,1.38876300166836e-05,9,82096,0.000207074644318846,27.6586333718787,4,45,19.6977156035922,8,4,4,0,213,1.6597510373444e-05,0,0,0.0464070591979876,13.1692100085245,1,0,0,0.176893305439331,0.115726499463927,0.0824172200987122,9.56528193453011,7.39417622303319,9.56528193453011,7.39417622303319,7.83485517861074e-07,0.427350427350427,0.056980056980057,0.239468864468864,0.0319291819291819,"priority",1
102083,150,18,60,60,0.000257113472745972,84,6,21,2,4,5.445,5.33262648488701e-07,0,82148,0,0,0,0,0,0,0,0,0,4.5,2.9045643153527e-06,0,0,0.0916217123730681,121.648681513807,1,0,0,-0.0113912133891213,0,0,NA,NA,NA,NA,-4.23719243967922e-08,NA,NA,NA,NA,"priority",1
102150,150,93,71,240,0.00139372822299652,698,40,66,13.0384048104053,12,17.5,8.51737174870887e-06,4,81941,7.32234168487082e-05,0,1,2.7225,5,2,1,1,0.000157894736842105,48.5,1.36929460580913e-05,0,0,0.181401184407446,71.0962831571651,0.917857142857143,0.025,0.0571428571428571,1.84517653670977e-18,-9.40733911409036e-19,0.0209205020920502,NA,NA,NA,NA,2.23005586426248e-07,NA,NA,NA,NA,"priority",1
102078,138,27,180,204,0.000571894430721682,387,13,168,10.295630140987,7,11,6.74781377073433e-06,0,81814,0,0,0,0,0,0,0,0,0,43,9.95850622406639e-06,0,0,0.162537308050994,58.4707850825316,1,0,0,-0.0113912133891213,0,0,NA,NA,NA,NA,-4.17716632231499e-08,NA,NA,NA,NA,"priority",1
102207,234,6,12,12,0.000122791291641597,15,3,10,0,1,2.7225,3.88418977837156e-10,0,82404,0,0,0,0,0,0,0,0,0,0,4.149377593361e-07,0,0,NA,NA,1,0,0,-0.0113912133891213,0,0,NA,NA,NA,NA,-4.2517888976608e-08,NA,NA,NA,NA,"priority",1
102040,66,121,143,240,0.0020679612838491,1339,39,138,17.0293863659264,21,57.5,2.45737825427598e-05,18,81940,0.000378325604100561,7.07106781186548,3,1.5,13.8924439894498,13,4,5,0.000789473684210526,155,3.07053941908714e-05,0,0,0.0846299384052501,25.7680896865183,0.885714285714286,0.00857142857142857,0.105714285714286,-0.00511506276150627,0.0295860577902321,0.058127380708995,10.7016191769209,1.96065900660957,9.90391297378864,0.939863683464079,1.49961698503106e-06,0.740476190476191,0.740476190476191,0.490952380952381,0.490952380952381,"priority",1
102105,66,42,22,44,0.000595033756722737,169,12,13,3.60555127546399,6,5.445,7.4066606082426e-07,0,82028,0,0,0,0,0,0,0,0,0,6,2.9045643153527e-06,0,0,0.0834156877010342,79.5862773157237,1,0,0,-0.0113912133891213,0,9.27713083861811e-19,NA,NA,NA,NA,-4.22137516108239e-08,NA,NA,NA,NA,"priority",1
102085,102,49,120,240,0.000743168333719131,385,13,115,6.08276253029822,8,6.5,7.09961202871077e-06,7,82148,0.000121731508983785,1,2,5.445,4.24264068711928,3,1,2,0.000105263157894737,24,7.88381742738589e-06,0,0,0.238507002562268,57.9487691392435,0.955555555555556,0.0111111111111111,0.0333333333333333,0.0113912133891213,0.00418410041841004,0.0177516346741393,3.92409598129164,0.450490243203607,NA,NA,4.25459414862794e-07,NA,NA,NA,NA,"priority",1
102428,90,38,202,240,0.000707748627211714,203,15,189,4.12310562561766,7,5.445,1.07315187942455e-05,4,81863,7.32931849553522e-05,0,1,2.7225,5.3851648071345,2,1,1,0.000473684210526316,9.5,4.5643153526971e-06,0,0,0.195796541484852,20.2931999860647,0.916666666666667,0.0270833333333333,0.05625,0.0113912133891213,0,0.0225320703227385,NA,NA,NA,NA,3.06666045838294e-07,NA,NA,NA,NA,"priority",1
102130,186,14,12,48,0.000307329186438178,81,5,5,3,3,5.445,8.41200038215366e-08,0,81882,0,0,0,0,0,0,0,0,0,2.5,2.4896265560166e-06,0,0,0.0708823470352974,512.464530555289,1,0,0,-0.0113912133891213,0,0,NA,NA,NA,NA,-1.27817333692074e-07,NA,NA,NA,NA,"priority",1
102198,42,117,106,240,0.00198128783709411,1606,43,90,24.0831891575846,19,137,3.34370786482677e-05,39,82287,0.000717002685721924,20.1246117974981,6,54,13.4164078649987,20,6,8,0.000473684210526316,221.5,3.52697095435685e-05,0,0,0.105807895638898,26.8543749638889,0.884615384615385,0.0692307692307692,0.0461538461538462,0.214550209205021,0.0842033966422515,0.056135597761501,7.82261823553297,2.63094636772333,7.97879032529407,3.13156285806186,2.87304975113938e-06,0.688842022175356,0.26954687824253,0.424719416386083,0.166194554238033,"priority",1
102247,42,0,1,-Inf,0,1,1,1,0,0,0,2.91853956103934e-12,0,81973,0,0,0,0,0,0,0,0,0,0,4.149377593361e-07,0,0,NA,NA,1,0,0,0,0,0,NA,NA,NA,NA,0,NA,NA,NA,NA,"priority",1
102220,126,34,21,47,0.000563256110104325,110,11,18,3.16227766016838,8,5.445,4.29021871345297e-07,0,81596,0,0,0,0,0,0,0,0,0,5,3.3195020746888e-06,0,0,0.0982095082203608,185.35286819341,1,0,0,-0.0113912133891213,0,0,NA,NA,NA,NA,-1.25725430495399e-07,NA,NA,NA,NA,"priority",1
102156,42,1,1,5,1.03415824689494e-05,1,1,1,0,1,2.7225,1.0542492235628e-10,0,81752,0,0,0,0,0,0,0,0,0,0,4.149377593361e-07,0,0,NA,NA,1,0,0,-0.0113912133891213,0,0,NA,NA,NA,NA,-4.18205121331552e-08,NA,NA,NA,NA,"priority",1
102228,234,43,35,168,0.00079639295253498,362,13,34,6.08276253029822,7,5.5,6.64264484715332e-06,0,82356,0,0,0,0,0,0,0,0,0,22,9.12863070539419e-06,0,0,0.0858995689555687,28.8008242028292,1,0,0,-0.0113912133891213,0,0,NA,NA,NA,NA,-8.44104707306059e-08,NA,NA,NA,NA,"priority",1
102122,174,72,69,240,0.00103745834909863,432,19,61,7.28010988928052,10,17.5,4.36852051487038e-06,1,81709,4.89542155698883e-05,0,1,2.7225,4.12310562561766,3,1,1,0,32.5,1.12033195020747e-05,0,0,0.131455904837265,82.2551321762169,1,0,0,0,0,0.0172514879732957,NA,NA,NA,NA,1.20711615596557e-07,NA,NA,NA,NA,"priority",1
102231,210,19,94,168,0.000328583076754573,217,7,115,3.16227766016838,4,5.445,1.74463961809265e-06,0,82116,0,0,0,0,0,0,0,0,0,11,4.5643153526971e-06,0,0,0.185494151779574,118.184990792526,1,0,0,-0.0113912133891213,0,0,NA,NA,NA,NA,-8.38337474510873e-08,NA,NA,NA,NA,"priority",1
102122,186,25,21,240,0.00045073030491296,213,11,178,4.24264068711928,5,5.445,2.25793594643367e-06,15,82017,0.000329200043893339,4.24264068711928,4,3,2.82842712474619,12,2,4,5.26315789473684e-05,3.5,2.9045643153527e-06,0,0,0.736623099230447,231.293148937898,0.977491961414791,0.00643086816720257,0.0160771704180064,0.00116108786610879,0.0177516346741393,0.0118344231160928,1.6642135623731,0.800327615262194,1.9142135623731,1.29289321881345,1.33562019452849e-06,0.63038710907704,0.504309687261632,0.228070175438596,0.182456140350877,"priority",1
102303,90,1,1,240,1.21857597211898e-05,2,1,1,0,1,2.7225,1.11291920484915e-11,1,82063,1.21857597211898e-05,0,1,2.7225,1,0,1,0,0,0,8.29875518672199e-07,0,0,NA,NA,1,0,0,0,0,0.00418410041841004,NA,NA,NA,NA,9.17387071268619e-09,NA,NA,NA,NA,"priority",1
102170,186,54,24,168,0.00114706523359983,421,20,18,12.0415945787923,7,19,5.06512001525664e-06,0,81951,0,0,0,0,0,0,0,0,0,48.5,7.46887966804979e-06,0,0,0.395327178186757,142.231690276332,1,0,0,-0.0113912133891213,0,-9.52464044680443e-19,NA,NA,NA,NA,-1.26781957389176e-07,NA,NA,NA,NA,"priority",1
102123,150,74,47,216,0.00114733488752456,583,23,42,12.0415945787923,11,19.5,4.9577185875246e-06,0,82084,0,0,0,0,0,0,0,0,0,54,1.32780082987552e-05,0,0,0.177432806982469,115.797769559332,0.979411764705882,0.00882352941176471,0.0117647058823529,-0.0113912133891213,-2.81653786405205e-18,-1.88253074751581e-18,NA,NA,NA,NA,-8.45802506298906e-08,NA,NA,NA,NA,"priority",1
102282,90,55,191,209,0.00107445483626773,310,23,186,5.3851648071345,8,11.5,9.34990054765636e-06,0,81589,0,0,0,0,0,0,0,0,0,19.5,7.46887966804979e-06,0,0,0.415649617290226,80.9568366020355,1,0,0,-0.0113912133891213,0,0,NA,NA,NA,NA,-1.26256563184403e-07,NA,NA,NA,NA,"priority",1
102078,210,53,60,240,0.00082812709315212,330,19,54,5.8309518948453,8,6.5,2.12734524028992e-06,2,81994,2.43920286850257e-05,0,1,2.7225,2.82842712474619,0,1,0,0,25,8.71369294605809e-06,0,0,0.140359763237836,140.267675725514,1,0,0,0,0,0.0118344231160928,NA,NA,NA,NA,1.74972500055027e-08,NA,NA,NA,NA,"priority",1
102120,150,20,33,168,0.000329408894040139,146,8,10,5.3851648071345,4,5.445,9.94365349632684e-07,0,81919,0,0,0,0,0,0,0,0,0,8.5,4.9792531120332e-06,0,0,0.23263707103497,284.104718401556,1,0,0,-0.0113912133891213,0,0,NA,NA,NA,NA,-1.27182747405949e-07,NA,NA,NA,NA,"priority",1
102249,198,19,153,240,0.000272068125858715,47,5,144,1,2,5.445,1.51804137922012e-06,1,81925,8.54440036618859e-05,0,1,2.7225,1.4142135623731,6,1,2,0,3,2.4896265560166e-06,0,0,0.0542461542016453,21.2455832390883,1,0,0,0,0,0.00591721155804642,1.4142135623731,0,NA,NA,3.15575555513273e-07,NA,NA,NA,NA,"priority",1
102122,78,57,96,240,0.0010468654899574,283,23,90,5.3851648071345,7,6,3.37652587077346e-06,4,82087,0.000146186363248748,1.4142135623731,2,5.445,1,8,2,2,0,8,5.80912863070539e-06,0,0,0.192998413574363,80.9883530066859,1,0,0,0.0113912133891213,0.00591721155804642,0.00418410041841004,1,0,1,0,5.69075193754005e-07,NA,NA,NA,NA,"priority",1
102135,210,149,204,240,0.00260946969235084,1584,54,198,24.0831891575846,25,207,5.35278150609711e-05,35,81573,0.000833609159893592,24.0831891575846,9,207,17.4928556845359,33,7,12,0.00142105263157895,266,3.23651452282158e-05,0,0,0.102770977084537,15.1598592104064,0.796218487394958,0.046218487394958,0.157563025210084,0.854717573221757,0.100766481830898,0.0731918647888531,11.4031302885302,3.17122625369904,12.0260972748973,2.33134047073633,3.40297394818118e-06,0.446797549429128,0.05470990401173,0.238086870488186,0.0291534943454922,"priority",1
102287,186,15,23,64,0.000248058671268335,88,8,18,3,5,5.445,4.71570132136444e-07,0,81829,0,0,0,0,0,0,0,0,0,3.5,3.3195020746888e-06,0,0,0.307985873069678,528.723265173356,1,0,0,-0.0113912133891213,0,0,NA,NA,NA,NA,-4.24264897425475e-08,NA,NA,NA,NA,"priority",1
102234,66,112,240,240,0.00215320608736907,1054,38,234,16.7630546142402,19,121,4.5724927728657e-05,112,82203,0.00215320608736907,16.7630546142402,18,112,12.5299640861417,65,23,22,0.000631578947368421,130,2.4896265560166e-05,0,0,0.0509857775594681,6.21841954692632,0.915285451197053,0.0239410681399632,0.0607734806629834,0.457228033472803,0.0701383038252728,0.0524266279754882,8.04137261229214,2.76370337483976,8.09713899531303,2.63745592021213,8.92525372426425e-06,0.704994271800292,0.290950016933454,0.469770363415848,0.193873483314477,"priority",1
102262,198,11,10,12,0.000173426157619602,18,4,4,0,1,2.7225,4.93588448383229e-08,0,81802,0,0,0,0,0,0,0,0,0,0,4.149377593361e-07,0,0,NA,NA,1,0,0,-0.0113912133891213,0,0,NA,NA,NA,NA,-1.25141331491253e-07,NA,NA,NA,NA,"priority",1
102146,78,6,203,216,0.000217013888888889,30,5,201,1,2,5.445,9.73482644666822e-08,0,81963,0,0,0,0,0,0,0,0,0,0,8.29875518672199e-07,0,0,NA,NA,0.988888888888889,0.00277777777777778,0.00833333333333333,-0.0113912133891213,0,0,NA,NA,NA,NA,-4.21474158976765e-08,NA,NA,NA,NA,"priority",1
102186,234,14,13,24,0.000192601356463839,27,4,8,1,2,5.445,1.97279849918709e-07,0,82481,0,0,0,0,0,0,0,0,0,0,8.29875518672199e-07,0,0,NA,NA,1,0,0,-0.0113912133891213,0,0,NA,NA,NA,NA,-4.20740946685643e-08,NA,NA,NA,NA,"priority",1
102492,78,6,7,12,0.000108957278841487,16,4,1,1,2,5.445,6.80827946737695e-08,0,81939,0,0,0,0,0,0,0,0,0,0,8.29875518672199e-07,0,0,NA,NA,1,0,0,-0.0113912133891213,0,0,NA,NA,NA,NA,-1.68863524836954e-07,NA,NA,NA,NA,"priority",1
102087,150,53,178,204,0.000843417675100843,322,27,129,7.07106781186548,8,10.5,1.08027641161633e-05,0,82156,0,0,0,0,0,0,0,0,0,23.5,8.29875518672199e-06,0,0,0.142297549367654,26.7036485720589,1,0,0,-0.0113912133891213,0,0,NA,NA,NA,NA,-4.2047457198947e-08,NA,NA,NA,NA,"priority",1
102191,42,1,1,1,9.99420336205001e-06,1,1,1,0,1,2.7225,2.73170546032311e-18,0,82150,0,0,0,0,0,0,0,0,0,0,4.149377593361e-07,0,0,NA,NA,1,0,0,-0.0113912133891213,0,0,NA,NA,NA,NA,-4.18167504688285e-08,NA,NA,NA,NA,"priority",1
102156,90,46,46,192,0.000756051460276812,280,14,42,7.07106781186548,9,13,2.9201642361965e-06,0,81844,0,0,0,0,0,0,0,0,0,16,7.05394190871369e-06,0,0,0.222611483870849,131.096621540677,1,0,0,-0.0113912133891213,0,0,NA,NA,NA,NA,-1.26723080121047e-07,NA,NA,NA,NA,"priority",1
102085,138,51,83,216,0.00089155949632995,707,17,102,8.54400374531753,11,26,1.18560495741973e-05,0,82065,0,0,0,0,0,0,0,0,0,47,1.41078838174274e-05,0,0,0.275283869700965,79.8841749272838,0.903225806451613,0.032258064516129,0.0645161290322581,-0.0113912133891213,9.70298402644544e-19,0,NA,NA,NA,NA,-4.23985450515281e-08,NA,NA,NA,NA,"priority",1
102166,66,43,155,240,0.000768086610909268,629,18,210,7.61577310586391,8,12,1.80412041598511e-05,17,81747,0.000305821620365273,1.4142135623731,3,0.5,10.0498756211209,8,4,5,0.000263157894736842,52.5,1.45228215767635e-05,0,0,0.0747935509801295,14.3571571629457,0.922727272727273,0.0272727272727273,0.05,-0.00929916317991632,0.00591721155804642,0.0420496887913008,9.4860131951619,0.519078102522053,9.34504758867215,0.476215029096148,1.23746259531e-06,0.802870813397129,0.802870813397129,0.451045796308954,0.451045796308954,"priority",1
102110,234,171,180,240,0.00295782362607267,3838,60,78,35.3836120259083,33,400.5,0.0001172750370944,143,82211,0.00280984296505334,35.3836120259083,29,343,23.3452350598575,88,31,35,0.000947368421052632,531.5,7.55186721991701e-05,0,0,0.109742555029068,16.9149907106877,0.583333333333333,0.125,0.291666666666667,1.4123640167364,0.143864485464051,0.0934947073634205,14.2713901663336,4.43070766891056,13.3454285297256,4.54197335269434,1.1587706136148e-05,0.622788482657163,0.185410311630758,0.398799848514584,0.11872667245854,"priority",1
102110,234,149,240,240,0.002811313406679,2030,55,234,33.3016516106934,26,336.5,6.0059573161853e-05,149,82168,0.002811313406679,32.2024843762092,26,336.5,17.4928556845359,82,32,25,0.00121052631578947,406.5,4.35684647302905e-05,0,0,0.0554745891532763,9.50785026367146,0.481081081081081,0.156756756756757,0.362162162162162,1.39655857740586,0.13473842835234,0.0672746532308067,13.9383704543299,1.59485797364799,14.0388553401804,1.78828899663103,1.16370455599735e-05,0.741495341452089,0.139286417731332,0.536202710207901,0.100723161033528,"priority",1
102174,42,25,192,204,0.000426912568306011,160,10,188,3,6,5.445,2.7598370141703e-06,0,82209,0,0,0,0,0,0,0,0,0,10.5,5.39419087136929e-06,0,0,0.104855683743892,49.9518508169589,1,0,0,-0.0113912133891213,0,0,NA,NA,NA,NA,-4.19740619605152e-08,NA,NA,NA,NA,"priority",1
102186,186,57,22,204,0.000881188345425831,297,13,21,3.16227766016838,7,5.445,3.37217219043774e-06,0,81800,0,0,0,0,0,0,0,0,0,11,6.22406639004149e-06,0,0,0.253824445596176,114.125045886064,1,0,0,-0.0113912133891213,0,0,NA,NA,NA,NA,-8.43968496850331e-08,NA,NA,NA,NA,"priority",1
102053,102,13,36,36,0.000219514872132587,24,5,33,0,1,2.7225,1.78069623680212e-07,0,81970,0,0,0,0,0,0,0,0,0,0,4.149377593361e-07,0,0,NA,NA,1,0,0,-0.0113912133891213,0,0,NA,NA,NA,NA,-4.21729049460256e-08,NA,NA,NA,NA,"priority",1
102007,42,59,21,240,0.000903972903698279,737,24,54,9.4339811320566,10,12.5,7.04319334385789e-06,16,81834,0.00026883691375223,9.4339811320566,4,12.5,10.6301458127346,6,3,2,0.000210526315789474,56,1.53526970954357e-05,0,0,0.0945073733917181,48.8227009292691,0.944444444444444,0.0138888888888889,0.0416666666666667,0.0295188284518828,0.0352886239835004,0.0402934971244128,9.12295945929928,2.13148338205195,5.60895855226396,3.13199232733374,9.56930919977523e-07,0.386111111111111,0.308888888888889,0.291666666666667,0.233333333333333,"priority",1
102169,174,20,11,35,0.000419654648909515,69,12,9,2.82842712474619,5,5.445,2.44926020214211e-07,0,81900,0,0,0,0,0,0,0,0,0,2,2.0746887966805e-06,0,0,NA,NA,1,0,0,-0.0113912133891213,0,0,NA,NA,NA,NA,-2.10112707818277e-07,NA,NA,NA,NA,"priority",1
102085,234,75,132,240,0.00122258356358657,828,32,126,12.6491106406735,11,36.5,2.29961524422604e-05,2,82220,6.08124543906592e-05,1,2,5.445,5,3,1,2,0,59.5,1.53526970954357e-05,0,0,0.10005081876626,16.2796752656024,1,0,0,1.86421427727809e-18,3.74226460738497e-18,0.0167364016736402,4.62132034355964,0.535533905932738,NA,NA,1.2729874026079e-07,NA,NA,NA,NA,"priority",1
102101,30,29,116,216,0.000408407754301895,165,8,167,2.23606797749979,3,5.445,4.25666383355476e-06,0,82125,0,0,0,0,0,0,0,0,0,3.5,3.3195020746888e-06,0,0,0.0916976819657999,17.45576616874,1,0,0,-0.0113912133891213,0,0,NA,NA,NA,NA,-4.22867060660366e-08,NA,NA,NA,NA,"priority",1
102120,90,22,45,60,0.000323960962703994,68,11,37,1,2,5.445,6.68464124721326e-07,0,82044,0,0,0,0,0,0,0,0,0,0.5,1.2448132780083e-06,0,0,NA,NA,1,0,0,-0.0113912133891213,0,-9.33657869849845e-19,NA,NA,NA,NA,-4.14050094347524e-08,NA,NA,NA,NA,"priority",1
102143,186,34,47,84,0.000479375442280914,148,9,40,4.24264068711928,6,5.445,1.65760003232319e-06,0,82036,0,0,0,0,0,0,0,0,0,8,4.5643153526971e-06,0,0,0.134076678259718,89.9922722929767,1,0,0,-0.0113912133891213,-9.30028741239014e-19,-0.00418410041841004,NA,NA,NA,NA,-4.22696181117537e-08,NA,NA,NA,NA,"priority",1
102209,78,14,214,216,0.000182353084198497,21,6,210,0,1,2.7225,2.14646131287688e-07,0,82045,0,0,0,0,0,0,0,0,0,0,8.29875518672199e-07,0,0,NA,NA,1,0,0,-0.0113912133891213,0,0,NA,NA,NA,NA,-4.16440279319821e-08,NA,NA,NA,NA,"priority",1
102161,54,103,155,240,0.00151793731560269,1082,34,150,17.8044938147649,13,56,1.81753299006724e-05,4,81805,7.33451500519528e-05,0,1,2.7225,7,2,1,1,0.000315789473684211,138.5,2.19917012448133e-05,0,0,0.125943878686614,36.7279264518722,0.937062937062937,0,0.0629370629370629,0,5.62897967185819e-18,0.0292887029288703,NA,NA,NA,NA,2.64744122233046e-07,NA,NA,NA,NA,"priority",1
102126,66,1,1,1,1.00157246877598e-05,1,1,1,0,1,2.7225,3.59194254932527e-08,0,82044,0,0,0,0,0,0,0,0,0,0,4.149377593361e-07,0,0,NA,NA,1,0,0,-0.0113912133891213,0,0,NA,NA,NA,NA,-4.19067978567355e-08,NA,NA,NA,NA,"priority",1
102311,186,5,9,12,5.08962835533749e-05,5,2,1,0,1,2.7225,4.50105647943887e-10,0,82023,0,0,0,0,0,0,0,0,0,0,4.149377593361e-07,0,0,NA,NA,1,0,0,-0.0113912133891213,0,0,NA,NA,NA,NA,-8.37649356544988e-08,NA,NA,NA,NA,"priority",1
102059,66,72,95,240,0.00124671515003361,1092,33,162,10.295630140987,12,18,1.62609937931292e-05,3,82249,6.07910126566888e-05,0,1,2.7225,3,2,1,1,0.000105263157894737,100,2.32365145228216e-05,0,0,0.0466135972239178,16.2572078628076,1,0,0,1.86720185491065e-18,9.66371275502385e-19,0.0125523012552301,NA,NA,NA,NA,2.12616124480461e-07,NA,NA,NA,NA,"priority",1
102276,234,91,156,240,0.00171197280408917,1308,25,168,26.5706605111728,20,73.5,2.78548785072516e-05,39,82372,0.000619142427038314,24.0208242989286,6,28.5,30.8058436014987,12,6,6,0,456.5,2.9045643153527e-05,0,0,0.0793486381690814,20.0869255080433,1,0,0,0.107855648535565,0.100505540999701,0.128894743102505,28.0437617354172,2.46107969651154,29.1067453712034,1.98918291645539,2.50579908127272e-06,0.544096997773468,0.217638799109387,0.430791226747109,0.172316490698844,"priority",1
102185,78,22,21,48,0.000300682549387109,73,10,18,2,3,5.445,8.72366743259375e-07,0,81869,0,0,0,0,0,0,0,0,0,0.5,1.2448132780083e-06,0,0,NA,NA,1,0,0,-0.0113912133891213,0,0,NA,NA,NA,NA,-4.21401996012694e-08,NA,NA,NA,NA,"priority",1
102099,186,58,48,228,0.00106379076336158,558,22,44,9.48683298050514,10,14,5.31574699673473e-06,0,81855,0,0,0,0,0,0,0,0,5.26315789473684e-05,40,1.32780082987552e-05,0,0,0.168495513655052,102.657702034994,0.962264150943396,0,0.0377358490566038,-0.0113912133891213,0,0,NA,NA,NA,NA,-8.55014798596131e-08,NA,NA,NA,NA,"priority",1
102257,150,24,22,96,0.000379214451518007,75,9,11,4.12310562561766,7,5.445,3.71989589543603e-07,0,81973,0,0,0,0,0,0,0,0,0,1.5,2.0746887966805e-06,0,0,NA,NA,1,0,0,-0.0113912133891213,0,0,NA,NA,NA,NA,-1.24770645559577e-07,NA,NA,NA,NA,"priority",1
102186,198,104,228,240,0.00184359929186252,1667,37,210,24.1867732448956,21,148.5,6.22959629893799e-05,84,81999,0.00148782302223198,23.1948270094864,18,148.5,17.464249196573,38,18,17,0.00110526315789474,200,3.36099585062241e-05,0,0,0.190990339185421,24.5886137185632,0.59656652360515,0.107296137339056,0.296137339055794,0.60994769874477,0.0970494853953406,0.0730721723705982,9.11722020021721,4.37247805135123,8.38196759445123,4.17532771817165,6.18278906191453e-06,0.667890442890443,0.244893162393162,0.47202380952381,0.173075396825397,"priority",1
102120,138,54,59,240,0.000949182242990654,669,18,56,22.2036033111745,11,56.5,1.10523638165466e-05,47,82176,0.000949182242990654,20.6155281280883,7,56.5,15.1327459504216,31,6,11,0.000157894736842105,211,1.36929460580913e-05,0,0,0.234596187806647,67.3832686980203,0.946360153256705,0.0229885057471264,0.0306513409961686,0.225010460251046,0.0862574398664783,0.0633169286628517,8.04884803565087,4.11553761116322,6.53667230960678,4.18644218163634,3.92885154964404e-06,0.577839916595898,0.119929039293488,0.353020464384101,0.0732683982683983,"priority",1
102273,78,31,227,240,0.000636978900073935,205,12,222,3.16227766016838,5,5.445,4.82541291219716e-06,1,82007,3.65822429792579e-05,0,1,2.7225,1,2,1,1,0.000578947368421053,8.5,4.5643153526971e-06,0,0,0.410623444374863,94.7917115399046,0.779069767441861,0.063953488372093,0.156976744186047,0,0,0.00418410041841004,NA,NA,NA,NA,1.112030994528e-07,NA,NA,NA,NA,"priority",1
102061,54,46,24,106,0.000795165394402036,154,13,18,4.12310562561766,8,5.445,3.98494939340561e-07,0,81862,0,0,0,0,0,0,0,0,0,6.5,3.3195020746888e-06,0,0,0.0332998656860156,67.713772617049,1,0,0,-0.0113912133891213,0,0,NA,NA,NA,NA,-1.69628557985508e-07,NA,NA,NA,NA,"priority",1
102086,102,47,35,216,0.000807902757886233,415,14,30,10.295630140987,10,27.5,7.08454092712681e-06,0,81836,0,0,0,0,0,0,0,0,0,59.5,1.07883817427386e-05,0,0,0.101505268946238,37.7021860204169,1,0,0,-0.0113912133891213,0,0,NA,NA,NA,NA,-8.43568632743961e-08,NA,NA,NA,NA,"priority",1
102118,126,1,1,2,1.02225448003026e-05,1,1,1,0,1,2.7225,1.06602503126098e-09,0,81889,0,0,0,0,0,0,0,0,0,0,4.149377593361e-07,0,0,NA,NA,1,0,0,-0.0113912133891213,0,0,NA,NA,NA,NA,-4.24006933361374e-08,NA,NA,NA,NA,"priority",1
102238,54,15,23,204,0.000196845834973715,73,6,7,2,3,5.445,3.70432495602284e-07,0,82192,0,0,0,0,0,0,0,0,0,0,1.6597510373444e-06,0,0,NA,NA,1,0,0,-0.0113912133891213,0,-0.00591721155804642,NA,NA,NA,NA,-8.35775364476413e-08,NA,NA,NA,NA,"priority",1
102200,186,186,180,240,0.0036854140313321,1967,60,186,42.0594816896262,35,330,6.91116227027571e-05,41,81792,0.000733568075117371,23.7065391822594,12,215,16.5529453572468,19,10,11,0.000736842105263158,470,4.27385892116183e-05,0,0,0.105671174298446,15.8118497985534,0.818652849740933,0.0673575129533679,0.113989637305699,0.888190376569038,0.0991905405115456,0.0692591855951751,10.9918765481983,4.33549477500368,9.44627504915115,4.34202816099476,3.02772483214537e-06,0.624558774558775,0.0990154154788301,0.442844335152027,0.0702070287436141,"priority",1
102073,90,90,36,240,0.00165514197440047,861,30,66,11.1803398874989,15,48.5,9.47753066027617e-06,6,81903,0.0001098860847588,0,1,2.7225,8.54400374531753,3,1,1,0,61.5,1.45228215767635e-05,0,0,0.288009081883705,107.573412142123,1,0,0,1.57314753344254e-18,0,0.03574896964568,NA,NA,NA,NA,3.3434421900815e-07,NA,NA,NA,NA,"priority",1
102323,90,12,9,132,0.000231205432110784,93,5,106,2,3,5.445,1.0684504693149e-06,0,82203,0,0,0,0,0,0,0,0,0,3,2.4896265560166e-06,0,0,0.295813175170218,168.167960198491,1,0,0,-0.0113912133891213,0,0,NA,NA,NA,NA,-1.26733315717402e-07,NA,NA,NA,NA,"priority",1
102252,162,185,120,240,0.00336399667270147,2354,70,114,28.0713376952364,38,277,4.51305973321692e-05,14,82265,0.000230960918981341,2,3,1,15.6204993518133,5,2,2,0.000105263157894737,370.5,4.35684647302905e-05,0,0,0.110280026527197,25.7933345880918,0.973372781065089,0.00591715976331361,0.0207100591715976,-0.0072071129707113,0.00836820083682008,0.0653577378736959,15.5884242689587,0.0453610171872605,14.9165848776826,0.99548539606637,9.23858746536603e-07,0.495726495726496,0.297435897435897,0.377777777777778,0.226666666666667,"priority",1
102166,210,5,24,24,0.000102606197414324,15,4,20,1,2,5.445,1.81437251011542e-07,0,82161,0,0,0,0,0,0,0,0,0,0,8.29875518672199e-07,0,0,NA,NA,1,0,0,-0.0113912133891213,0,0,NA,NA,NA,NA,-4.26631225557497e-08,NA,NA,NA,NA,"priority",1
102213,102,19,48,132,0.000316922439327637,176,7,80,3.16227766016838,4,5.445,1.79146190606371e-06,0,82046,0,0,0,0,0,0,0,0,0,5,4.149377593361e-06,0,0,0.0513289184440345,28.9834097972485,1,0,0,-0.0113912133891213,0,0,NA,NA,NA,NA,-4.29976407194538e-08,NA,NA,NA,NA,"priority",1
102318,186,14,34,240,0.000220178099618358,67,5,30,2.82842712474619,3,5.445,1.6168996904211e-07,4,82332,8.50216197833163e-05,0,1,2.7225,1,3,1,1,0,2.5,2.0746887966805e-06,0,0,NA,NA,1,0,0,0,0,0.00418410041841004,NA,NA,NA,NA,2.30362672654011e-07,NA,NA,NA,NA,"priority",1
102169,126,15,11,24,0.000288776971769163,30,5,9,1,2,5.445,1.61961844927195e-07,0,81858,0,0,0,0,0,0,0,0,0,0,4.149377593361e-07,0,0,NA,NA,1,0,0,-0.0113912133891213,0,0,NA,NA,NA,NA,-4.20867910437962e-08,NA,NA,NA,NA,"priority",1
102172,66,82,228,240,0.00162687151384676,973,30,90,19.4164878389476,20,46.5,2.22772520629462e-05,75,81856,0.00130717357310399,19.4164878389476,12,46.5,18.0277563773199,32,14,16,0.001,87,2.19917012448133e-05,0,0,0.0961611849679406,22.751717811568,0.770392749244713,0.0936555891238671,0.13595166163142,0.183169456066946,0.0812405348909941,0.0754299430013387,12.7536905660379,6.18327869409142,11.1337464106396,6.73427325808915,5.42724726982416e-06,0.632271237534395,0.414246672867362,0.43782562466773,0.28685127133403,"priority",1
102063,186,61,71,240,0.00106227106227106,964,22,90,19.0262975904404,10,54,2.29629397803934e-05,33,81819,0.000549994500054999,15.0332963783729,8,54,15.2970585407784,12,8,7,0.000157894736842105,233.5,2.11618257261411e-05,0,0,0.052820928039255,11.6332904472879,0.948148148148148,0.0259259259259259,0.0259259259259259,0.214550209205021,0.0629008216668323,0.0640044290409136,8.47885883396403,6.40003476704061,8.69985539646152,5.8492994531125,2.25949680421562e-06,0.518575215634039,0.207430086253616,0.394790111848935,0.157916044739574,"priority",1
102171,198,54,84,191,0.000806461467026723,485,22,78,10.4403065089106,10,15.5,7.40775009084778e-06,0,82165,0,0,0,0,0,0,0,0,0,47,1.03734439834025e-05,0,0,0.256493925427693,87.5533569238019,1,0,0,-0.0113912133891213,0,9.60473941509786e-19,NA,NA,NA,NA,-4.25174569237575e-08,NA,NA,NA,NA,"priority",1
102158,90,8,10,24,9.46969696969697e-05,16,4,1,1,2,5.445,7.32923227261035e-08,0,81942,0,0,0,0,0,0,0,0,0,0,4.149377593361e-07,0,0,NA,NA,1,0,0,-0.0113912133891213,0,0,NA,NA,NA,NA,-1.70273999385907e-07,NA,NA,NA,NA,"priority",1
102110,78,137,204,240,0.00228852451034097,1715,63,198,15.6204993518133,20,102.5,5.98871107851646e-05,47,82154,0.000754680234681208,14.142135623731,14,99,13.0384048104053,15,11,13,0.000736842105263158,177,3.07053941908714e-05,0,0,0.171477575232996,20.7042766108089,0.807692307692308,0.0384615384615385,0.153846153846154,0.402834728033473,0.0591721155804642,0.0545539950226163,6.62297600766908,4.24038573740563,6.90117068951611,4.03871606152006,3.0737871682129e-06,0.643738576238576,0.41982950624255,0.493879268879269,0.322095175356045,"priority",1
102247,138,61,47,228,0.000962999422200347,665,21,43,11.0453610171873,7,29.5,9.38364579000015e-06,0,82289,0,0,0,0,0,0,0,0,5.26315789473684e-05,60.5,1.12033195020747e-05,0,0,0.148233475680796,43.1803422639032,0.985454545454545,0.00727272727272727,0.00727272727272727,-0.0113912133891213,9.56844812898956e-19,0,NA,NA,NA,NA,-1.26697498362118e-07,NA,NA,NA,NA,"priority",1
102147,54,2,13,30,2.75288709033599e-05,2,1,1,0,1,2.7225,5.36828147023396e-09,0,81870,0,0,0,0,0,0,0,0,0,0,4.149377593361e-07,0,0,NA,NA,1,0,0,-0.0113912133891213,0,0,NA,NA,NA,NA,-4.21614310601576e-08,NA,NA,NA,NA,"priority",1
102072,78,76,131,240,0.00138150253682988,1120,28,126,19,14,53,2.63433602047928e-05,1,82080,2.43664717348928e-05,0,1,2.7225,27.5862284482674,1,1,1,0,336,2.4896265560166e-05,0,0,0.130107466126455,29.964536195627,0.595238095238095,0.119047619047619,0.285714285714286,0,3.82312755280489e-18,0.115423549992751,NA,NA,NA,NA,1.62005801321878e-08,NA,NA,NA,NA,"priority",1
102367,234,37,60,240,0.000694998290987809,354,16,58,8.48528137423857,12,15,4.81255334678201e-06,3,82480,7.274490785645e-05,6.08276253029822,3,0.5,5.09901951359278,3,1,3,5.26315789473684e-05,21,8.29875518672199e-06,0,0,0.0967391790731243,40.7288737166257,1,0,0,-0.00929916317991632,0.0254508892481097,0.0213348096803045,3.11169583036419,1.72511552915773,NA,NA,2.1995301328237e-07,0.333333333333333,0.333333333333333,0.25,0.25,"priority",1
102230,114,4,6,24,7.57912060546346e-05,9,3,1,0,1,2.7225,1.8003763433645e-08,0,82289,0,0,0,0,0,0,0,0,0,0,4.149377593361e-07,0,0,NA,NA,1,0,0,-0.0113912133891213,0,0,NA,NA,NA,NA,-1.25162544424359e-07,NA,NA,NA,NA,"priority",1
102710,102,1,1,2,1.01398282313098e-05,1,1,1,0,1,2.7225,1.39003941698962e-10,0,82143,0,0,0,0,0,0,0,0,0,0,4.149377593361e-07,0,0,NA,NA,1,0,0,-0.0113912133891213,0,0,NA,NA,NA,NA,-4.20762101991135e-08,NA,NA,NA,NA,"priority",1
102289,78,63,131,240,0.000957082409832762,977,20,126,18.3575597506858,9,66,1.85448221378559e-05,29,81779,0.000599175827535186,18.3575597506858,8,66,13.6014705087354,20,7,9,0.000210526315789474,151,2.44813278008299e-05,0,0,0.0755136086392006,23.4263234678767,0.870056497175141,0.0395480225988701,0.0903954802259887,0.264759414225941,0.0768098734338319,0.0569099184465918,10.567085635321,2.7845625909228,10.027124581464,3.19367626189118,2.4225553564542e-06,0.39155525030525,0.100398782129551,0.24459706959707,0.062717197332582,"priority",1
102263,102,0,1,-Inf,0,1,1,1,0,0,0,1.78135203780027e-09,0,81761,0,0,0,0,0,0,0,0,0,0,4.149377593361e-07,0,0,NA,NA,1,0,0,0,0,0,NA,NA,NA,NA,0,NA,NA,NA,NA,"priority",1
102129,234,14,104,240,0.000231112624831227,74,6,4,1,2,5.445,3.624450636479e-06,13,82211,0.000231112624831227,1,2,5.445,1.4142135623731,6,2,2,0,2.5,2.0746887966805e-06,0,0,NA,NA,0.989010989010989,0.00824175824175824,0.00274725274725275,0.0113912133891213,0.00418410041841004,0.00591721155804642,1.20710678118655,0.292893218813453,1.20710678118655,0.292893218813453,8.82865469216808e-07,NA,NA,NA,NA,"priority",1
102193,90,10,8,24,0.000252882283297125,31,10,9,1.4142135623731,3,5.445,9.6430117180752e-08,0,81741,0,0,0,0,0,0,0,0,0,0,8.29875518672199e-07,0,0,NA,NA,1,0,0,-0.0113912133891213,0,0,NA,NA,NA,NA,-8.48624449778427e-08,NA,NA,NA,NA,"priority",1
102256,54,16,84,96,0.000267665952890792,66,9,78,1.4142135623731,3,5.445,3.80312288977292e-07,0,82081,0,0,0,0,0,0,0,0,0,0.5,1.2448132780083e-06,0,0,NA,NA,1,0,0,0,0,0,NA,NA,NA,NA,2.8499696261861e-23,NA,NA,NA,NA,"priority",1
102166,42,66,237,240,0.0010288536284238,838,23,114,21,9,11.5,1.77902829572951e-05,66,81713,0.000991274338232595,5.3851648071345,6,7,6,15,11,8,0.000421052631578947,97,1.74273858921162e-05,0,0,0.183814898372594,42.9266460524776,0.873684210526316,0.0605263157894737,0.0657894736842105,0.017897489539749,0.0225320703227385,0.0251046025104603,5.03331552946803,0.576427203498039,4.99830007980573,0.647067186183466,4.0623225114702e-06,0.910714285714286,0.840659340659341,0.681440781440781,0.629022259791491,"priority",1
102087,162,1,1,10,1.08335319480857e-05,1,1,1,0,1,2.7225,2.06363664763859e-11,0,82054,0,0,0,0,0,0,0,0,0,0,4.149377593361e-07,0,0,NA,NA,1,0,0,-0.0113912133891213,0,0,NA,NA,NA,NA,-4.19664839711742e-08,NA,NA,NA,NA,"priority",1
102239,30,19,237,240,0.000403078050567974,103,11,239,21.540659228538,8,60,6.65503801206648e-07,17,81870,0.000403078050567974,21.540659228538,8,60,21.540659228538,16,7,7,5.26315789473684e-05,47,3.7344398340249e-06,0,0,0.0787086666414678,79.6874542179363,1,0,0,0.239654811715481,0.090128281290954,0.090128281290954,8.17971788587606,9.30631960150696,2.41798274186383,1.63674047119779,1.64414497004886e-06,0.486587301587302,0.110588023088023,0.28718253968254,0.065268759018759,"priority",1
102095,30,120,179,240,0.00197947214076246,1477,38,235,18.0277563773199,20,110,4.27524483730026e-05,113,81793,0.00193170564718252,17.464249196573,18,50,16.6433169770932,45,22,16,0.000421052631578947,179,3.27800829875519e-05,0,0,0.121172774491814,22.0925747286498,0.900398406374502,0.0318725099601594,0.0677290836653386,0.186422594142259,0.0688880719521882,0.0654532091091767,13.3163289611489,2.50074826102727,13.0592587406134,2.68174379307562,7.95505467684136e-06,0.83368840220368,0.639161108356155,0.623034461687039,0.477659753960064,"priority",1
102257,102,27,204,216,0.000487733502414281,55,13,201,1.4142135623731,3,5.445,2.70101483947075e-06,0,81969,0,0,0,0,0,0,0,0,0,0,1.2448132780083e-06,0,0,NA,NA,1,0,0,-0.0113912133891213,0,0,NA,NA,NA,NA,-4.21916165173597e-08,NA,NA,NA,NA,"priority",1
102340,210,42,60,240,0.000753845218554319,310,10,20,4.47213595499958,7,6,7.12169621586603e-06,7,82093,0.000109631759102481,0,1,2.7225,1.4142135623731,2,1,1,5.26315789473684e-05,15,5.80912863070539e-06,0,0,0.158320260396065,31.5164783146939,0.979381443298969,0.00206185567010309,0.0185567010309278,0,0,0.00591721155804642,NA,NA,NA,NA,4.16269597981671e-07,NA,NA,NA,NA,"priority",1
102060,222,22,117,156,0.000391331996282346,218,13,142,3.16227766016838,4,5.445,1.94408593781275e-06,0,82013,0,0,0,0,0,0,0,0,0,11,4.5643153526971e-06,0,0,0.4717407921503,270.317792624791,1,0,0,-0.0113912133891213,0,0,NA,NA,NA,NA,-4.18251106420565e-08,NA,NA,NA,NA,"priority",1
102308,186,60,216,240,0.00109551690139131,561,19,212,7.21110255092798,9,9.5,2.26128712885714e-05,38,82255,0.000571393836240958,6.40312423743285,4,5,8.54400374531753,9,5,5,0.000315789473684211,32.5,1.28630705394191e-05,0,0,0.190816575545013,26.4583347208454,0.85,0.0392857142857143,0.110714285714286,0.00952928870292887,0.0267913148009743,0.03574896964568,7.1666235046249,1.74624867321277,7.55095469080461,1.72593570904878,2.34845725326057e-06,0.791666666666667,0.59375,0.653679653679654,0.49025974025974,"priority",1
102116,138,20,238,240,0.00032916392363397,47,6,238,1.4142135623731,3,5.445,2.65774983661279e-06,16,82026,0.00032916392363397,1.4142135623731,3,0.5,1.4142135623731,11,3,3,0,0.5,1.2448132780083e-06,0,0,NA,NA,0.991071428571429,0.00446428571428571,0.00446428571428571,-0.00929916317991632,0.00591721155804642,0.00591721155804642,1,0,1.1380711874577,0.2391463117381,1.33503604759436e-06,0.5875,0.5875,0.329166666666667,0.329166666666667,"priority",1
102050,114,11,12,36,0.000197616253936886,51,8,9,2.23606797749979,3,5.445,4.61796094786161e-07,0,81859,0,0,0,0,0,0,0,0,0,3,2.4896265560166e-06,0,0,0.00956487728528801,12.6105130320918,1,0,0,-0.0113912133891213,0,0,NA,NA,NA,NA,-4.20470346539045e-08,NA,NA,NA,NA,"priority",1
102079,66,9,12,24,0.000160388881349241,30,3,1,2.23606797749979,4,5.445,5.00921041438607e-08,0,82136,0,0,0,0,0,0,0,0,0,1,1.6597510373444e-06,0,0,NA,NA,1,0,0,-0.0113912133891213,0,0,NA,NA,NA,NA,-1.26212130786395e-07,NA,NA,NA,NA,"priority",1
102301,42,58,129,240,0.00113010827166345,703,26,118,14.142135623731,11,50,1.5146310186573e-05,54,81942,0.000915281540601889,14.142135623731,9,50,13.4536240470737,21,8,8,5.26315789473684e-05,72,1.57676348547718e-05,0,0,0.0684699444440163,17.2774395663918,0.972727272727273,0.0136363636363636,0.0136363636363636,0.197813807531381,0.0591721155804642,0.0562913140044925,8.8608039274949,4.06885786129452,8.96699822600417,4.22143412528262,3.78728068247703e-06,0.634160937102114,0.288254971410052,0.472016806722689,0.214553093964859,"priority",1
102333,90,9,12,12,0.000161459594736417,22,4,1,2,3,5.445,6.18021087610809e-08,0,82195,0,0,0,0,0,0,0,0,0,0,8.29875518672199e-07,0,0,NA,NA,1,0,0,-0.0227824267782427,-0.00418410041841004,-0.00418410041841004,NA,NA,NA,NA,-1.68530246038992e-07,NA,NA,NA,NA,"priority",1
102403,102,81,70,240,0.00127120715787415,1162,27,66,15.0332963783729,14,47,3.02485868531717e-05,22,81963,0.000390420067591474,12.0415945787923,5,18,9.21954445729289,10,5,4,0.000421052631578947,124.5,2.73858921161826e-05,0,0,0.0712295319859328,15.6779781891971,0.86734693877551,0.0255102040816327,0.107142857142857,0.0639225941422594,0.0503832409154489,0.0385754998213092,8.52935019362018,0.57756416623762,7.95485100479462,1.37856151999011,1.55009426617719e-06,0.568414918414918,0.315786065786066,0.393566433566434,0.218648018648019,"priority",1
102224,114,66,108,240,0.00102222114050673,498,19,102,7.61577310586391,8,6.5,1.28953865785612e-05,13,81793,0.000195615761740002,2.23606797749979,4,1,1.4142135623731,3,5,2,0.000157894736842105,29.5,9.12863070539419e-06,0,0,0.196517233275168,33.9111860805341,0.895582329317269,0.0321285140562249,0.072289156626506,-0.0072071129707113,0.00935593296025017,0.00591721155804642,0.5,0.707106781186548,0.882842712474619,0.525105638217751,7.76377766209156e-07,0.815384615384615,0.815384615384615,0.741025641025641,0.741025641025641,"priority",1
102415,150,11,166,168,0.000146254067691258,24,5,169,1,2,5.445,1.38312832081288e-06,0,81991,0,0,0,0,0,0,0,0,0,0.5,1.2448132780083e-06,0,0,NA,NA,1,0,0,0,0,0,NA,NA,NA,NA,0,NA,NA,NA,NA,"priority",1
102164,222,64,23,168,0.000933324227731112,417,18,18,18.8679622641132,11,33.5,5.19890510734415e-06,0,82186,0,0,0,0,0,0,0,0,0,93.5,1.20331950207469e-05,0,0,0.118718666869496,67.0777477271389,1,0,0,-0.0113912133891213,-4.59622305474295e-18,-1.91944460380421e-18,NA,NA,NA,NA,-8.51283388451807e-08,NA,NA,NA,NA,"priority",1
101994,78,80,69,144,0.00138175593054537,629,28,59,12.8062484748657,13,28.5,8.25589040514917e-06,0,82050,0,0,0,0,0,0,0,0,0,67.5,1.16182572614108e-05,0,0,0.0703867181467325,24.1354261197811,1,0,0,-0.0113912133891213,0,0,NA,NA,NA,NA,-4.229568277392e-08,NA,NA,NA,NA,"priority",1
102089,138,11,12,12,0.000209949118213703,28,4,12,1,2,5.445,2.70002072850114e-08,0,81580,0,0,0,0,0,0,0,0,0,0,8.29875518672199e-07,0,0,NA,NA,1,0,0,-0.0113912133891213,0,0,NA,NA,NA,NA,-4.19412437566789e-08,NA,NA,NA,NA,"priority",1
102251,162,6,237,240,0.000158104689628332,38,4,238,2.23606797749979,3,5.445,8.78259676743609e-07,6,82224,0.000158104689628332,2.23606797749979,3,0.5,3.16227766016838,7,3,3,0,1.5,2.0746887966805e-06,0,0,NA,NA,1,0,0,-0.00929916317991632,0.00935593296025017,0.0132312872810392,2.13278187922272,1.08483279056672,2.13278187922272,1.08483279056672,6.18950467668723e-07,0.440767973856209,0.440767973856209,0.22671568627451,0.22671568627451,"priority",1
102160,198,16,56,240,0.000240760804141086,106,8,54,15,4,14,5.68098817244986e-07,5,81712,0.000122381045623654,0,1,2.7225,0,5,1,1,0,22,3.3195020746888e-06,0,0,0.0818644904749185,116.987918361534,1,0,0,-0.0113912133891213,-0.00418410041841004,-0.00418410041841004,NA,NA,NA,NA,3.85896998993501e-07,NA,NA,NA,NA,"priority",1
102272,114,19,24,36,0.000549437132182364,100,10,21,2.23606797749979,5,5.445,5.77611037671191e-07,0,81973,0,0,0,0,0,0,0,0,0,3.5,2.4896265560166e-06,0,0,0.325868533868583,342.774067619644,1,0,0,-0.0113912133891213,0,0,NA,NA,NA,NA,-8.47842030072956e-08,NA,NA,NA,NA,"priority",1
101993,162,54,168,240,0.000985929207848483,752,22,163,16.1245154965971,8,11.5,1.62156756189389e-05,18,81980,0.000304952427421322,8.06225774829855,3,4,6.40312423743285,7,2,3,0.000263157894736842,92,1.57676348547718e-05,0,0,0.153255685012635,36.0235938153218,0.983082706766917,0.0056390977443609,0.0112781954887218,0.00534518828451883,0.0337332960179856,0.0267913148009743,5.74469204409272,0.705528155219033,5.70156211871642,0.992158663135971,1.23347685205609e-06,0.555868838763576,0.416901629072682,0.388157894736842,0.291118421052632,"priority",1
102016,102,20,24,180,0.000344640835015509,142,8,25,6.08276253029822,6,5.445,8.65236104035071e-07,0,81672,0,0,0,0,0,0,0,0,0,12,4.5643153526971e-06,0,0,0.180226762619724,231.974418087539,1,0,0,-0.0113912133891213,0,0,NA,NA,NA,NA,-1.25377574565805e-07,NA,NA,NA,NA,"priority",1
102058,30,1,1,11,1.1578764545823e-05,1,1,1,0,1,2.7225,1.24061843234563e-09,0,82099,0,0,0,0,0,0,0,0,0,0,4.149377593361e-07,0,0,NA,NA,1,0,0,-0.0113912133891213,0,0,NA,NA,NA,NA,-4.16291120040001e-08,NA,NA,NA,NA,"priority",1
102097,78,139,204,240,0.00249561745227892,1810,40,174,23.7697286480094,20,121,5.04107595221445e-05,57,81909,0.00108657168320942,23.7697286480094,12,121,19.4164878389476,32,14,14,0.000631578947368421,202,3.65145228215768e-05,0,0,0.132861902806362,23.1544979236141,0.733009708737864,0.116504854368932,0.150485436893204,0.494884937238494,0.0994549315816294,0.0812405348909941,11.2153098620944,6.43927579397246,10.8375656881959,6.66021701746523,4.50383003208e-06,0.677083333333333,0.235507246376812,0.454640151515152,0.158135704874835,"priority",1
102169,102,61,216,240,0.0010507410167752,672,20,210,12.6491106406735,11,25.5,2.11881279272281e-05,25,82275,0.000534791856578548,6.40312423743285,7,17.5,5.3851648071345,19,11,9,0.000157894736842105,90,1.6597510373444e-05,0,0,0.126830982425598,23.703646127716,0.956916099773243,0.0226757369614512,0.0204081632653061,0.0618305439330544,0.0267913148009743,0.0225320703227385,4.09299390468113,1.01406410461742,4.06811018059176,0.997761251213044,2.19516362058672e-06,0.635447885447885,0.550721500721501,0.408275058275058,0.353838383838384,"priority",1
102123,54,75,142,168,0.001252408477842,556,22,139,20.8086520466848,10,39.5,5.91335851650258e-06,0,81951,0,0,0,0,0,0,0,0,0,79,1.12033195020747e-05,0,0,0.141959317416394,65.7357542459337,1,0,0,-0.0113912133891213,0,0,NA,NA,NA,NA,-4.13968163447215e-08,NA,NA,NA,NA,"priority",1
102144,90,45,46,240,0.000730326821252511,268,14,42,3.60555127546399,6,5.445,4.57859763808149e-06,18,81802,0.000330065279577516,1.4142135623731,4,1,2.23606797749979,9,4,4,0.000157894736842105,11,4.9792531120332e-06,0,0,0.808847455277934,201.556623157639,0.841176470588235,0.0352941176470588,0.123529411764706,-0.0072071129707113,0.00591721155804642,0.00935593296025017,1.76612377556149,0.417623130579729,1.51612377556149,0.518161747175735,1.17133476917032e-06,0.701818181818182,0.701818181818182,0.471717171717172,0.471717171717172,"priority",1
102079,150,22,33,72,0.000317848410757946,139,9,22,5.8309518948453,5,5.445,8.42672811768534e-07,0,81828,0,0,0,0,0,0,0,0,0,6,3.3195020746888e-06,0,0,0.0842505300759242,80.9999332209882,1,0,0,-0.0113912133891213,0,-9.42199229028054e-19,NA,NA,NA,NA,-4.24355259019872e-08,NA,NA,NA,NA,"priority",1
102226,126,33,47,72,0.000476271890188799,133,9,42,2.23606797749979,5,5.445,7.21868993815488e-07,0,82284,0,0,0,0,0,0,0,0,0,2.5,2.4896265560166e-06,0,0,0.286891193258346,241.155845164371,1,0,0,-0.0113912133891213,0,0,NA,NA,NA,NA,-1.26162657224429e-07,NA,NA,NA,NA,"priority",1
102121,210,18,20,24,0.000283069955201103,48,11,12,2,5,5.445,1.19705861065752e-07,0,82271,0,0,0,0,0,0,0,0,0,2,2.0746887966805e-06,0,0,NA,NA,1,0,0,-0.0113912133891213,0,0,NA,NA,NA,NA,-1.26705171805244e-07,NA,NA,NA,NA,"priority",1
102200,186,69,60,192,0.00116161060367069,781,26,42,13.4536240470737,14,22.5,9.59719380806409e-06,0,82109,0,0,0,0,0,0,0,0,0,123.5,1.74273858921162e-05,0,0,0.324395044735969,143.6129210229,1,0,0,-0.0113912133891213,0,0,NA,NA,NA,NA,-8.37381129038466e-08,NA,NA,NA,NA,"priority",1
102058,162,80,144,204,0.00138953219082909,596,25,138,9.21954445729289,13,15.5,1.26742647496067e-05,0,81931,0,0,0,0,0,0,0,0,0,47.5,1.2448132780083e-05,0,0,0.123796755673321,29.6891962838466,1,0,0,-0.0113912133891213,0,0,NA,NA,NA,NA,-4.27935894860608e-08,NA,NA,NA,NA,"priority",1
102063,198,46,59,168,0.000880604681881559,454,17,57,8.94427190999916,13,25,4.31918464225342e-06,0,82055,0,0,0,0,0,0,0,0,0,34,1.36929460580913e-05,0,0,0.0732956288895369,56.7006789323575,1,0,0,-0.0113912133891213,9.43391223153368e-19,-9.61536866207519e-19,NA,NA,NA,NA,-4.17146089190761e-08,NA,NA,NA,NA,"priority",1
102018,102,81,228,240,0.00139056610678084,892,26,223,16.1245154965971,13,58.5,2.68561541793131e-05,47,81801,0.000892409628244153,13,12,28,10.0498756211209,26,13,13,0.00126315789473684,109,2.44813278008299e-05,0,0,0.0586068593321437,12.8785611266063,0.627705627705628,0.0735930735930736,0.298701298701299,0.10576359832636,0.0543933054393305,0.0420496887913008,6.73808324460767,2.42859775133695,6.47742227826554,2.31946488400126,3.52396851162484e-06,0.585525481602391,0.372607124656067,0.389979278931599,0.248168632047381,"priority",1
102241,42,44,201,216,0.000757527260311973,275,18,187,10.0498756211209,7,8,9.72959168556614e-06,0,82116,0,0,0,0,0,0,0,0,0,26,6.22406639004149e-06,0,0,0.101642631911149,15.8758113838603,1,0,0,-0.0113912133891213,-1.87527249029414e-18,0,NA,NA,NA,NA,-4.20724023972854e-08,NA,NA,NA,NA,"priority",1
102365,198,2,3,12,3.10697308325652e-05,4,1,1,0,1,2.7225,5.47669812863665e-10,0,82031,0,0,0,0,0,0,0,0,0,0,4.149377593361e-07,0,0,NA,NA,1,0,0,-0.0113912133891213,0,0,NA,NA,NA,NA,-4.25988375032838e-08,NA,NA,NA,NA,"priority",1
102256,42,218,144,240,0.00389761133850571,2379,65,138,33.5410196624968,33,254.5,6.65440560514485e-05,26,82154,0.000462545950288483,27.2946881279124,7,178,27.1661554144122,12,8,6,0.000736842105263158,344,4.52282157676349e-05,0,0,0.108278675936066,17.9616561976776,0.709779179810726,0.056782334384858,0.233438485804416,0.733378661087866,0.11420371601637,0.113665922236035,17.8372261322703,7.53657990652958,16.6383144570781,9.30692473544824,1.89312750775959e-06,0.774823633156966,0.0850416182733256,0.564065255731922,0.0619096012388695,"priority",1
102174,90,54,59,240,0.000804721030042918,409,16,223,9,7,6,1.07535440344848e-05,18,81875,0.000293129770992366,6.32455532033676,4,5,5.8309518948453,6,4,3,0.000526315789473684,33.5,1.03734439834025e-05,0,0,0.0619739730803065,14.58023035464,0.877142857142857,0.0228571428571429,0.1,0.00952928870292887,0.0264625745620785,0.024397288262951,3.99774318500456,1.58967736982206,3.35186077934669,1.83122156528636,1.18485404286772e-06,0.674603174603175,0.53968253968254,0.531746031746032,0.425396825396825,"priority",1
102173,186,45,72,240,0.000734466043186603,499,18,66,13.1529464379659,8,19.5,1.39160078542576e-05,6,81967,0.000122000317200825,11.0453610171873,4,5.5,12.369316876853,4,4,2,0.000263157894736842,49.5,1.12033195020747e-05,0,0,0.0806999732350764,15.8345034055044,0.888888888888889,0.0459770114942529,0.0651340996168582,0.0116213389121339,0.0462148996535032,0.0517544639198869,2.69917281883408,0.6549291474156,7.29235419137813,5.33186275735973,4.68427638277573e-07,0.658333333333333,0.438888888888889,0.466666666666667,0.311111111111111,"priority",1
102282,114,77,180,240,0.00121069816927762,715,26,186,8.48528137423857,12,20,1.92113589128553e-05,3,82247,8.51094872761316e-05,1.4142135623731,2,5.445,9.21954445729289,4,2,3,0.000157894736842105,51.5,1.20331950207469e-05,0,0,0.138340700366781,21.1472659230516,0.961538461538462,0,0.0384615384615385,0.0113912133891213,0.00591721155804642,0.0385754998213092,8.76918398264265,0.390023611907524,8.54400374531753,0,2.72535782197163e-07,NA,NA,NA,NA,"priority",1
102162,162,19,23,36,0.000476912541576991,67,10,21,3.16227766016838,4,5.445,1.24585409415662e-07,0,82057,0,0,0,0,0,0,0,0,0,1,1.6597510373444e-06,0,0,NA,NA,1,0,0,-0.0113912133891213,0,0,NA,NA,NA,NA,-8.42295001189742e-08,NA,NA,NA,NA,"priority",1
102170,210,83,156,240,0.00148273411268779,1273,39,162,25.6124969497314,16,98,4.3550535893801e-05,57,82182,0.000985617288457326,13.3416640641263,8,22.5,8.94427190999916,24,13,9,0.000368421052631579,168,2.73858921161826e-05,0,0,0.0706218884453214,10.7826863865173,0.875,0.0520833333333333,0.0729166666666667,0.0827510460251046,0.0558228621929972,0.0374237318410007,7.61134363757663,1.75381841550429,7.05650365507325,2.32154456768893,4.03910227200785e-06,0.739551047243355,0.506008611271769,0.55194890579506,0.377649251333462,"priority",1
102158,162,14,9,24,0.000276877285679676,46,5,5,2,3,5.445,2.2402044790587e-07,0,82211,0,0,0,0,0,0,0,0,0,0,1.2448132780083e-06,0,0,NA,NA,1,0,0,-0.0113912133891213,0,0,NA,NA,NA,NA,-1.67886142640012e-07,NA,NA,NA,NA,"priority",1
102148,210,31,24,67,0.000526502675368246,146,9,18,4.12310562561766,7,5.445,5.86377098984159e-07,0,81854,0,0,0,0,0,0,0,0,0,7.5,4.149377593361e-06,0,0,0.518416015451985,895.003025536165,1,0,0,-0.0113912133891213,0,0,NA,NA,NA,NA,-1.26697498362118e-07,NA,NA,NA,NA,"priority",1
101992,138,41,142,228,0.000668993954727355,638,13,126,14.142135623731,9,27.5,1.29690761812721e-05,0,81831,0,0,0,0,0,0,0,0,0.000315789473684211,75,1.57676348547718e-05,0,0,0.153412761041343,45.5204715001806,0.745098039215686,0.0490196078431373,0.205882352941176,-0.0113912133891213,2.85304932741917e-18,0,NA,NA,NA,NA,-4.24092886520377e-08,NA,NA,NA,NA,"priority",1
102065,198,30,35,228,0.000658898175828198,172,13,33,3.60555127546399,5,5.445,7.7648838359697e-07,0,81742,0,0,0,0,0,0,0,0,0.000157894736842105,7.5,4.149377593361e-06,0,0,0.0614085832007096,80.0138254098651,0.98125,0.003125,0.015625,-0.0113912133891213,0,0,NA,NA,NA,NA,-1.26729477175007e-07,NA,NA,NA,NA,"priority",1
102384,90,42,213,228,0.000865389303300668,474,20,201,9.4339811320566,6,11,1.20845989082628e-05,0,82049,0,0,0,0,0,0,0,0,0.000736842105263158,38,1.03734439834025e-05,0,0,0.0770863759329387,16.1227821561677,0.846846846846847,0.045045045045045,0.108108108108108,-0.0113912133891213,9.40733911409036e-19,0,NA,NA,NA,NA,-4.23809373256288e-08,NA,NA,NA,NA,"priority",1
102406,78,1,1,2,1.01208428637937e-05,1,1,1,0,1,2.7225,3.30396370020896e-09,0,81813,0,0,0,0,0,0,0,0,0,0,4.149377593361e-07,0,0,NA,NA,1,0,0,-0.0113912133891213,0,0,NA,NA,NA,NA,-4.1983748930464e-08,NA,NA,NA,NA,"priority",1
102124,90,35,204,228,0.000602909893410081,117,14,198,2.82842712474619,5,5.445,8.7859780320241e-06,0,82036,0,0,0,0,0,0,0,0,0.000105263157894737,5,3.3195020746888e-06,0,0,0.180394932049738,16.6250517567077,0.958333333333333,0,0.0416666666666667,0,0,0,NA,NA,NA,NA,-6.4235126729893e-23,NA,NA,NA,NA,"priority",1
102181,198,65,95,156,0.00126866399921928,671,23,114,14.3178210632764,12,28,1.02543138773173e-05,0,82032,0,0,0,0,0,0,0,0,0,82.5,1.20331950207469e-05,0,0,0.121887325065624,34.9119077920029,1,0,0,-0.0113912133891213,4.66323286461572e-18,-1.90599101405862e-18,NA,NA,NA,NA,-4.21903402009646e-08,NA,NA,NA,NA,"priority",1
102180,42,12,10,72,0.000195404544879826,92,6,18,3.16227766016838,5,5.445,4.66846522613188e-07,0,82252,0,0,0,0,0,0,0,0,0,8,3.3195020746888e-06,0,0,0.146250066134151,253.731562069686,1,0,0,-0.0113912133891213,0,0,NA,NA,NA,NA,-8.50625739433006e-08,NA,NA,NA,NA,"priority",1
102259,222,24,237,240,0.00034250025183842,80,8,235,2,4,5.445,2.57138768840023e-06,22,81985,0.000304933829359029,1.4142135623731,3,0.5,1.4142135623731,3,4,2,0,1.5,2.0746887966805e-06,0,0,NA,NA,1,0,0,-0.00929916317991632,0.00591721155804642,0.00591721155804642,1.20710678118655,0.292893218813453,1.10355339059327,0.207106781186548,1.23453543291829e-06,0.85,0.85,0.766666666666667,0.766666666666667,"priority",1
102158,198,4,12,143,6.14046937747921e-05,14,3,11,1,2,5.445,7.39832343652643e-08,0,81890,0,0,0,0,0,0,0,0,0,1,1.6597510373444e-06,0,0,NA,NA,1,0,0,-0.0113912133891213,0,0,NA,NA,NA,NA,-4.26496413847554e-08,NA,NA,NA,NA,"priority",1
102046,114,26,240,240,0.000487745396902817,327,10,46,10.4403065089106,7,16.5,1.03085209989955e-05,26,82010,0.000487745396902817,10.4403065089106,7,16.5,9.21954445729289,14,7,5,5.26315789473684e-05,68,1.07883817427386e-05,0,0,0.0567233594322185,14.3876640920964,0.981651376146789,0.00305810397553517,0.0152905198776758,0.046255230125523,0.0394991904138517,0.0343913994028991,7.00184782308616,2.54315922189892,7.01371283476705,2.3683618072403,1.95692012982031e-06,0.480357142857143,0.274489795918367,0.324305555555556,0.18531746031746,"priority",1
102085,174,131,60,240,0.00255555285126682,2805,40,234,36.4965751817893,26,451.5,8.36062627959408e-05,129,82031,0.00248686472187344,36.4965751817893,25,380,25.1793566240283,75,30,27,0.00142105263157895,611.5,6.39004149377593e-05,0,0,0.141081130082305,25.9952169196223,0.660516605166052,0.0996309963099631,0.239852398523985,1.57856694560669,0.152705335488658,0.105352956585893,18.7618847471551,3.73535797806001,18.0935339515318,4.53994103844042,1.03205624612727e-05,0.672802002826513,0.131635174466057,0.435242229772674,0.0851560884337839,"priority",1
102221,234,17,21,168,0.000368831296564951,96,10,13,3.16227766016838,6,5.445,9.3180738724524e-07,0,82327,0,0,0,0,0,0,0,0,0,4.5,3.3195020746888e-06,0,0,0.328318186817982,285.48794174268,1,0,0,-0.0227824267782427,-0.00418410041841004,-0.00418410041841004,NA,NA,NA,NA,-8.51751283685006e-08,NA,NA,NA,NA,"priority",1
102065,102,90,192,240,0.00175414923761975,1236,38,138,12.0830459735946,17,48,4.63873347918295e-05,74,82012,0.00136565380675999,10.770329614269,15,48,17.7200451466693,38,15,17,0.000526315789473684,105.5,2.36514522821577e-05,0,0,0.119795579854013,14.8263096306739,0.843881856540084,0.0464135021097046,0.109704641350211,0.189445606694561,0.045064140645477,0.0741424483124241,13.879847557585,3.88866252898603,13.1958560053669,3.62570943091847,5.58800554323128e-06,0.630068608640037,0.456256578670372,0.41816021280307,0.302805671340154,"priority",1
102014,114,15,23,36,0.000219938661551056,56,5,30,2.23606797749979,3,5.445,1.83593399431977e-07,0,81939,0,0,0,0,0,0,0,0,0,0.5,1.2448132780083e-06,0,0,NA,NA,1,0,0,-0.0113912133891213,0,0,NA,NA,NA,NA,-1.26709008875375e-07,NA,NA,NA,NA,"priority",1
102137,78,109,82,240,0.00154207666323983,1244,37,78,22.3606797749979,17,158.5,3.20158191300232e-05,1,81978,2.43967893825173e-05,22.3606797749979,2,5.445,15.2643375224737,1,1,1,0,220,2.4896265560166e-05,0,0,0.146562274678084,27.8274711615037,1,0,0,0.0113912133891213,0.0935593296025017,0.0638675210145345,NA,NA,NA,NA,6.02455607597729e-08,NA,NA,NA,NA,"priority",1
102102,42,46,94,192,0.000672873414159703,297,14,90,4.24264068711928,7,5.445,3.94724687363621e-06,0,82057,0,0,0,0,0,0,0,0,0,15,7.05394190871369e-06,0,0,0.0920002173213009,40.1483549696581,1,0,0,-0.0113912133891213,0,0,NA,NA,NA,NA,-4.23650599760036e-08,NA,NA,NA,NA,"priority",1
102080,162,10,10,180,0.000210482003788676,56,7,10,2.23606797749979,5,5.445,5.24556749059558e-07,0,81692,0,0,0,0,0,0,0,0,0,3,2.4896265560166e-06,0,0,0.188098064932797,218.14057063802,1,0,0,-0.0113912133891213,0,0,NA,NA,NA,NA,-8.35867195079618e-08,NA,NA,NA,NA,"priority",1
102031,222,15,12,48,0.000221230780575937,57,5,8,2.23606797749979,3,5.445,2.81658763674408e-07,0,81913,0,0,0,0,0,0,0,0,0,1.5,1.6597510373444e-06,0,0,NA,NA,1,0,0,-0.0113912133891213,0,0,NA,NA,NA,NA,-8.47816260581754e-08,NA,NA,NA,NA,"priority",1
102092,114,45,58,228,0.0006268234865062,276,14,33,7.61577310586391,8,7.5,2.17523207784888e-06,0,82201,0,0,0,0,0,0,0,0,0.000157894736842105,13.5,7.46887966804979e-06,0,0,0.227326309222617,190.445409621214,0.980169971671388,0.0028328611898017,0.0169971671388102,-0.0113912133891213,0,0,NA,NA,NA,NA,-4.18648671583808e-08,NA,NA,NA,NA,"priority",1
102152,114,1,1,1,1.01396226032467e-05,1,1,1,0,1,2.7225,1.59470404986648e-09,0,82089,0,0,0,0,0,0,0,0,0,0,4.149377593361e-07,0,0,NA,NA,1,0,0,-0.0113912133891213,0,0,NA,NA,NA,NA,-4.24251991767645e-08,NA,NA,NA,NA,"priority",1
102129,114,17,84,145,0.000317514593459199,126,10,80,2.23606797749979,4,5.445,2.30719869626107e-06,0,81940,0,0,0,0,0,0,0,0,0,8,4.5643153526971e-06,0,0,0.0874913572326509,42.2384231425946,1,0,0,-0.0113912133891213,0,0,NA,NA,NA,NA,-4.19841702044978e-08,NA,NA,NA,NA,"priority",1
102080,198,103,84,240,0.00181081019520306,975,41,78,15.8113883008419,14,39.5,1.10812804737342e-05,3,81812,0.000122231457487899,0,1,2.7225,4.24264068711928,7,1,2,0,120,1.70124481327801e-05,0,0,0.251610539260856,94.1410950991559,1,0,0,0,-2.843322617395e-18,0.0177516346741393,4.24264068711928,0,NA,NA,3.85000453676296e-07,NA,NA,NA,NA,"priority",1
102287,198,1,142,142,1.07213311604769e-05,2,1,1,0,1,2.7225,4.76844493137272e-28,0,82255,0,0,0,0,0,0,0,0,0,0,8.29875518672199e-07,0,0,NA,NA,1,0,0,0,0,0,NA,NA,NA,NA,0,NA,NA,NA,NA,"priority",1
102259,162,15,36,36,0.000194157015920875,37,5,30,1,2,5.445,1.70854730611864e-07,0,81681,0,0,0,0,0,0,0,0,0,0,8.29875518672199e-07,0,0,NA,NA,1,0,0,-0.0113912133891213,0,0,NA,NA,NA,NA,-1.27033440155753e-07,NA,NA,NA,NA,"priority",1
102187,114,9,36,60,0.000146106267958895,34,3,24,2.23606797749979,4,5.445,5.97726991449205e-08,0,82096,0,0,0,0,0,0,0,0,0,2.5,2.4896265560166e-06,0,0,0.033096401246164,336.641079271016,1,0,0,-0.0113912133891213,0,0,NA,NA,NA,NA,-4.25537799990851e-08,NA,NA,NA,NA,"priority",1
102147,186,27,21,180,0.000524883121955983,316,13,10,6.40312423743285,7,9,2.80157931479529e-06,0,81903,0,0,0,0,0,0,0,0,0,27,9.54356846473029e-06,0,0,0.238576475946222,198.351921042475,1,0,0,-0.0113912133891213,-9.49599842236017e-19,0,NA,NA,NA,NA,-4.22022554911044e-08,NA,NA,NA,NA,"priority",1
102225,102,13,10,24,0.000184399778720266,35,5,22,1,2,5.445,9.9674600485852e-08,0,81597,0,0,0,0,0,0,0,0,0,0,8.29875518672199e-07,0,0,NA,NA,1,0,0,-0.0113912133891213,0,0,NA,NA,NA,NA,-1.26171534238286e-07,NA,NA,NA,NA,"priority",1
102292,150,47,95,156,0.000719152618812545,401,24,138,6.32455532033676,6,5.445,6.92816980738692e-06,0,81759,0,0,0,0,0,0,0,0,0,21.5,7.46887966804979e-06,0,0,0.196129002259238,51.6454085175371,1,0,0,-0.0113912133891213,1.85654413673606e-18,0,NA,NA,NA,NA,-1.66523075206608e-07,NA,NA,NA,NA,"priority",1
102089,114,72,71,96,0.00128181651712141,306,28,57,5.09901951359278,11,10.5,2.82464153647321e-06,0,81752,0,0,0,0,0,0,0,0,0,27,8.71369294605809e-06,0,0,0.0303355142057019,22.7932242131706,1,0,0,-0.0113912133891213,-9.32970764955953e-19,0,NA,NA,NA,NA,-4.20512604865333e-08,NA,NA,NA,NA,"priority",1
102233,210,3,18,24,6.10903403953767e-05,6,2,24,1,2,5.445,2.4808907006765e-09,0,81974,0,0,0,0,0,0,0,0,0,0,8.29875518672199e-07,0,0,NA,NA,1,0,0,-0.0113912133891213,0,0,NA,NA,NA,NA,-4.25667675711892e-08,NA,NA,NA,NA,"priority",1
102260,126,23,189,204,0.000354034158192228,69,7,186,1.4142135623731,2,5.445,2.13089992401146e-06,0,82166,0,0,0,0,0,0,0,0,0,2.5,2.0746887966805e-06,0,0,NA,NA,1,0,0,-0.0113912133891213,0,0,NA,NA,NA,NA,-4.17287538362809e-08,NA,NA,NA,NA,"priority",1
102160,210,62,168,228,0.00110715024393805,671,19,162,27.0185121722126,11,182,1.19710050051854e-05,0,82013,0,0,0,0,0,0,0,0,0.000157894736842105,220.5,1.82572614107884e-05,0,0,0.173009893916415,64.3845425446421,0.998065764023211,0,0.00193423597678917,-0.0113912133891213,-2.7909004999587e-18,-7.41131837813379e-19,NA,NA,NA,NA,-4.19223335111116e-08,NA,NA,NA,NA,"priority",1
102135,66,34,240,240,0.000660962802482283,94,14,234,3,4,5.445,2.97001888072624e-06,34,81699,0.000660962802482283,3,4,0,2.23606797749979,20,7,7,0.000157894736842105,1.5,2.0746887966805e-06,0,0,NA,NA,0.960227272727273,0.0227272727272727,0.0170454545454545,-0.0113912133891213,0.0125523012552301,0.00935593296025017,1.58985574349885,0.466638868942212,1.58985574349885,0.466638868942212,2.72322237450144e-06,NA,NA,NA,NA,"priority",1
102257,162,88,191,216,0.0014759697487192,1068,28,186,16.5529453572468,10,40,2.13104216665792e-05,0,81886,0,0,0,0,0,0,0,0,0,84.5,1.78423236514523e-05,0,0,0.226081375500399,46.1873885836404,1,0,0,-0.0113912133891213,6.54167894436453e-18,0,NA,NA,NA,NA,-4.25849634963814e-08,NA,NA,NA,NA,"priority",1
102469,162,32,59,240,0.000501630298470028,161,16,54,2.82842712474619,4,5.445,1.66457867338169e-06,1,82062,1.21859082157393e-05,0,1,2.7225,4.24264068711928,0,1,0,0,5.5,3.7344398340249e-06,0,0,0.0419421801234803,22.9151272458013,1,0,0,0,0,0.0177516346741393,NA,NA,NA,NA,8.71488323975157e-09,NA,NA,NA,NA,"priority",1
102018,66,1,1,1,9.98861298120143e-06,1,1,1,0,1,2.7225,8.4905227704681e-15,0,81866,0,0,0,0,0,0,0,0,0,0,4.149377593361e-07,0,0,NA,NA,1,0,0,-0.0113912133891213,0,0,NA,NA,NA,NA,-4.17933597539809e-08,NA,NA,NA,NA,"priority",1
102068,42,62,190,240,0.00104880606844069,790,17,187,16.1554944214035,11,33,1.8319692974751e-05,29,81984,0.000597677595628415,15.8113883008419,4,22.5,18.3847763108502,20,5,3,5.26315789473684e-05,112.5,1.90871369294606e-05,0,0,0.107115677489039,27.1123375614926,0.994475138121547,0.00276243093922652,0.00276243093922652,0.0827510460251046,0.0661564364051962,0.0769237502546035,13.2830085024744,8.05248580779805,9.33549052643388,7.86198262454065,2.45878248607223e-06,0.655764705882353,0.234201680672269,0.459193277310924,0.163997599039616,"priority",1
102112,150,71,96,240,0.00120778840523131,1032,23,93,22.8035085019828,16,70.5,1.57537310276328e-05,12,81901,0.000244197262548687,7.28010988928052,4,12.5,10.0498756211209,8,4,4,0.000368421052631579,112,2.44813278008299e-05,0,0,0.2603902046109,98.643429038962,0.956651718983557,0.00448430493273543,0.038863976083707,0.0409100418410042,0.0304607108338097,0.0420496887913008,7.64578214434963,2.59281453280518,7.64578214434963,2.59281453280518,9.36596740563648e-07,0.716666666666667,0.477777777777778,0.466666666666667,0.311111111111111,"priority",1
102336,90,184,108,228,0.00290924140617392,1768,56,90,19.4164878389476,25,109.5,2.22963750980168e-05,0,81874,0,0,0,0,0,0,0,0,0.000315789473684211,151,3.7344398340249e-05,0,0,0.158109398708097,64.5708033019887,0.980374665477252,0.0107047279214987,0.00892060660124889,-0.0113912133891213,-5.7868467664293e-18,-1.95132854857655e-18,NA,NA,NA,NA,-1.68542126198529e-07,NA,NA,NA,NA,"priority",1
102247,222,1,1,1,9.9369006806777e-06,2,1,1,0,1,2.7225,3.62271825241295e-09,0,82121,0,0,0,0,0,0,0,0,0,0,4.149377593361e-07,0,0,NA,NA,1,0,0,-0.0113912133891213,0,-0.00591721155804642,NA,NA,NA,NA,-4.15769902957226e-08,NA,NA,NA,NA,"priority",1
102115,210,122,240,240,0.0023942147952702,1416,61,198,31.0644491340181,20,229,4.59535202869717e-05,122,81988,0.00218324632873103,28.8444102037119,20,229,22.8035085019828,57,23,24,0.000631578947368421,308,2.36514522821577e-05,0,0,0.140534154039385,16.1665877976469,0.795366795366795,0.0463320463320463,0.158301158301158,0.946767782426778,0.120687908802142,0.095412169464363,14.7663266551823,6.02867903441128,14.7566945119725,5.9372447039751,9.00786657807187e-06,0.64203612209047,0.16185784590516,0.466194250596424,0.117527962335233,"priority",1
102123,138,302,156,240,0.00540580206447825,4387,78,162,55.1543289325507,48,698.5,0.000160250270000125,245,81731,0.00466163389656312,51.4295634824952,46,698.5,32.4499614791759,136,55,52,0.00215789473684211,927,8.67219917012448e-05,0,0,0.0903257930542809,11.5715032673835,0.506631299734748,0.153846153846154,0.339522546419098,2.91120292887029,0.215186458085754,0.13577389740241,20.0397507215651,9.7901874973649,19.6900555192754,9.37154306697377,1.94628341811428e-05,0.728313904721166,0.149281732023593,0.499762869842732,0.10243586773174,"priority",1
102176,90,1,1,2,1.00413704462385e-05,1,1,1,0,1,2.7225,1.49311018424964e-08,0,81853,0,0,0,0,0,0,0,0,0,0,4.149377593361e-07,0,0,NA,NA,1,0,0,-0.0113912133891213,0,0,NA,NA,NA,NA,-4.16643473513308e-08,NA,NA,NA,NA,"priority",1
102174,186,1,1,2,1.01949270043226e-05,1,1,1,0,1,2.7225,3.4906670289085e-15,0,81863,0,0,0,0,0,0,0,0,0,0,4.149377593361e-07,0,0,NA,NA,1,0,0,-0.0113912133891213,0,0,NA,NA,NA,NA,-4.22773059818329e-08,NA,NA,NA,NA,"priority",1
102292,138,46,60,204,0.00113771209767197,557,20,60,11.1803398874989,12,24,3.96717047619437e-06,0,81921,0,0,0,0,0,0,0,0,0,40.5,1.41078838174274e-05,0,0,0.076325867464622,66.2169982121094,1,0,0,-0.0113912133891213,0,0,NA,NA,NA,NA,-8.38513881723089e-08,NA,NA,NA,NA,"priority",1
102243,66,20,106,240,0.000340290381125227,170,8,73,2.23606797749979,5,5.445,1.32943785264964e-06,1,81896,1.22106085767315e-05,0,1,2.7225,1,0,1,0,0,10,5.39419087136929e-06,0,0,0.237283517399952,234.873280265534,1,0,0,0,0,0.00418410041841004,NA,NA,NA,NA,-3.24420727647144e-08,NA,NA,NA,NA,"priority",1
102048,138,26,23,89,0.000364751342170954,82,8,18,2,4,5.445,6.32399011467702e-07,0,81963,0,0,0,0,0,0,0,0,0,4.5,2.9045643153527e-06,0,0,0.0816996815446449,91.5327302497003,1,0,0,-0.0113912133891213,0,0,NA,NA,NA,NA,-4.26153246326762e-08,NA,NA,NA,NA,"priority",1
102436,210,69,131,240,0.00103406326034063,617,29,126,7.28010988928052,9,7,1.18502922800495e-05,1,81993,2.43923261741856e-05,6.32455532033676,2,5.445,7,1,1,1,5.26315789473684e-05,46,1.28630705394191e-05,0,0,0.106444376702184,28.1721000611351,0.991452991452991,0.00854700854700855,0,0.0113912133891213,0.0264625745620785,0.0292887029288703,NA,NA,NA,NA,1.77217829042603e-08,NA,NA,NA,NA,"priority",1
101992,186,64,240,240,0.00131322181175518,417,23,234,8.60232526704263,11,25.5,1.62302471521904e-05,64,81479,0.00131322181175518,8.60232526704263,11,25.5,8.48528137423857,43,14,16,0.000736842105263158,45.5,1.03734439834025e-05,0,0,0.0482280968312357,7.21823424009673,0.844559585492228,0.0259067357512953,0.129533678756477,0.0953033472803347,0.0359929927491323,0.0355032693482785,6.22605867830663,2.2771194281156,6.04141922937293,2.38613868527057,5.45206220036322e-06,0.521858725664954,0.443579916815211,0.315657127378581,0.268308558271794,"priority",1
102042,78,4,240,240,0.000109843168365168,11,4,238,1.4142135623731,2,5.445,7.02579577029528e-16,4,81935,0.000109843168365168,1.4142135623731,2,5.445,1.4142135623731,5,1,3,0,0,4.149377593361e-07,0,0,NA,NA,1,0,0,0.0227824267782427,0.00591721155804642,0.00591721155804642,0.471404520791032,0.816496580927726,NA,NA,4.59594846716182e-07,NA,NA,NA,NA,"priority",1
102045,162,92,58,240,0.00142651613060548,558,29,54,12.0415945787923,17,29.5,6.52467869301889e-06,19,81906,0.0002930188264596,3.60555127546399,4,2,9.05538513813742,5,5,2,0.000315789473684211,61,1.6597510373444e-05,0,0,0.0430569736563769,25.2133386209768,0.888888888888889,0.0416666666666667,0.0694444444444444,-0.00302301255230125,0.0150859886002677,0.0378886407453448,8.65079819468637,0.572172342587549,8.51086745978115,0.454333415618828,1.09880522271605e-06,0.641295546558704,0.641295546558704,0.518218623481781,0.518218623481781,"priority",1
102166,210,19,11,36,0.000291690073894819,49,7,6,2,2,5.445,2.62233838763861e-07,0,82241,0,0,0,0,0,0,0,0,0,0,1.2448132780083e-06,0,0,NA,NA,1,0,0,-0.0113912133891213,0,0,NA,NA,NA,NA,-1.26243865021574e-07,NA,NA,NA,NA,"priority",1
102053,234,14,34,240,0.000260801530035643,99,7,8,2.82842712474619,6,5.445,4.07067233580465e-07,7,82170,0.000133868808567604,1,2,5.445,1,4,2,1,0,3,2.9045643153527e-06,0,0,0.234535617105862,407.904949568028,1,0,0,0.0113912133891213,0.00418410041841004,0.00418410041841004,NA,NA,0.5,0.707106781186548,4.76967383632955e-07,NA,NA,NA,NA,"priority",1
102196,102,50,119,216,0.000815988503087359,486,21,114,7.61577310586391,7,17,1.21073916319441e-05,0,82166,0,0,0,0,0,0,0,0,0,43,1.20331950207469e-05,0,0,0.20636638468752,50.0126638290926,1,0,0,-0.0113912133891213,0,0,NA,NA,NA,NA,-4.26648626824996e-08,NA,NA,NA,NA,"priority",1
102263,138,106,47,240,0.0015989454283587,857,32,42,12.369316876853,16,34.5,8.54539565997545e-06,18,82275,0.000340322090549985,2.23606797749979,4,1.5,7.81024967590665,10,3,5,5.26315789473684e-05,103.5,1.70124481327801e-05,0,0,0.155332356911922,66.7761660407552,0.977777777777778,0.00740740740740741,0.0148148148148148,-0.00511506276150627,0.00935593296025017,0.0326788689368479,7.40899516321616,0.619264353325354,7.81024967590665,0,1.34008957307254e-06,0.423534798534799,0.423534798534799,0.276709401709402,0.276709401709402,"priority",1
102203,234,170,144,240,0.00321692296444325,2069,58,138,27.0185121722126,28,184,5.00953111504358e-05,30,82389,0.000570464503756569,27.0185121722126,9,71.5,26.2488094968134,17,9,8,0.000105263157894737,361.5,4.43983402489627e-05,0,0,0.055672194876908,12.0160185129164,0.974874371859296,0.0050251256281407,0.0201005025125628,0.287771966527197,0.113048168084572,0.109827654798382,23.6952724426708,4.33049833722319,21.6854187747528,7.45556430688184,2.34467127579744e-06,0.577833800186741,0.140935073216278,0.369393090569561,0.0900958757486734,"priority",1
102189,150,1,1,9,1.0350466806053e-05,1,1,1,0,1,2.7225,1.34641347288374e-10,0,82090,0,0,0,0,0,0,0,0,0,0,4.149377593361e-07,0,0,NA,NA,1,0,0,-0.0113912133891213,0,0,NA,NA,NA,NA,-4.18598411126011e-08,NA,NA,NA,NA,"priority",1
102265,210,145,239,240,0.00237790378635449,2095,49,234,24.1660919471891,22,100,5.42644539097214e-05,140,82005,0.00237790378635449,17.1172427686237,22,69.5,26.4007575648882,55,26,23,0.000631578947368421,438.5,4.31535269709544e-05,0,0,0.299129608131235,53.7111034098244,0.895140664961637,0.0383631713554987,0.0664961636828645,0.279403765690377,0.0716202626302247,0.110463420773591,19.4449158521905,1.93755577665488,19.8475105120328,2.54546253827035,9.73867449618849e-06,0.688818228998495,0.402893681112327,0.518338740112934,0.303179263084923,"priority",1
102133,102,9,12,12,0.000161143659572509,19,4,3,1.4142135623731,3,5.445,8.72438996664189e-09,0,82102,0,0,0,0,0,0,0,0,0,0.5,1.2448132780083e-06,0,0,NA,NA,1,0,0,-0.0113912133891213,0,0,NA,NA,NA,NA,-4.23650599760036e-08,NA,NA,NA,NA,"priority",1
102233,42,2,9,144,3.68817693414145e-05,6,1,1,1,2,5.445,4.68306005522407e-08,0,81730,0,0,0,0,0,0,0,0,0,0.5,1.2448132780083e-06,0,0,NA,NA,1,0,0,-0.0113912133891213,0,0,NA,NA,NA,NA,-4.23564825770633e-08,NA,NA,NA,NA,"priority",1
102323,186,39,216,240,0.000755848683969912,434,14,30,9.48683298050514,7,5.5,8.51591388140249e-06,19,82115,0.000328807160689277,9.48683298050514,4,4.5,9.05538513813742,8,3,3,0.000263157894736842,34,1.03734439834025e-05,0,0,0.112803398781196,33.4606338573014,0.885416666666667,0.0416666666666667,0.0729166666666667,-0.00395397489539749,0.0355097614247077,0.0337045403269348,6.70588096214532,3.24757459996001,8.70588096214532,0.558081543713338,1.29018112670614e-06,0.699702380952381,0.559761904761905,0.53125,0.425,"priority",1
102144,210,22,11,24,0.000384295932661435,44,8,7,2.23606797749979,4,5.445,3.21593005823889e-08,0,81942,0,0,0,0,0,0,0,0,0,0.5,1.2448132780083e-06,0,0,NA,NA,1,0,0,-0.0113912133891213,0,0,NA,NA,NA,NA,-4.15980714468508e-08,NA,NA,NA,NA,"priority",1
102070,114,52,23,132,0.000881369900645575,422,20,18,6.70820393249937,13,15,4.42218188478714e-06,0,82024,0,0,0,0,0,0,0,0,0,28.5,1.16182572614108e-05,0,0,0.153832487313342,98.512057967953,1,0,0,-0.0113912133891213,-9.48238919006956e-19,0,NA,NA,NA,NA,-1.2616138918156e-07,NA,NA,NA,NA,"priority",1
102371,90,1,1,12,1.23698077731872e-05,2,1,1,0,1,2.7225,2.91355758346676e-14,0,82191,0,0,0,0,0,0,0,0,0,0,8.29875518672199e-07,0,0,NA,NA,1,0,0,-0.0113912133891213,0,0,NA,NA,NA,NA,-4.20065098328418e-08,NA,NA,NA,NA,"priority",1
102085,150,75,142,240,0.00113411437436474,576,40,138,10.295630140987,11,33.5,8.4744957738349e-06,1,81990,3.65898280278083e-05,0,1,2.7225,6,2,1,1,0,59.5,1.45228215767635e-05,0,0,0.0713933040001501,29.8442274983328,1,0,0,3.76762769894471e-18,1.88209039299817e-18,0.0251046025104603,NA,NA,NA,NA,6.77596982688921e-08,NA,NA,NA,NA,"priority",1
102469,42,31,192,240,0.000573856560279358,284,10,15,5,7,6,5.20728341962426e-06,13,81904,0.000256397733932409,2,3,0,5.8309518948453,8,3,4,0.000315789473684211,22,8.29875518672199e-06,0,0,0.0631291403309472,23.772483272857,0.826530612244898,0.0357142857142857,0.137755102040816,-0.0113912133891213,0.00836820083682008,0.024397288262951,5.53652202760447,0.359488224842783,5.2897830426206,0.165206062253656,1.03040047576944e-06,NA,NA,NA,NA,"priority",1
102210,138,98,178,240,0.00159099253457349,1725,38,186,25.0798724079689,23,157.5,4.86205813066706e-05,58,82029,0.000987455655926563,18.6815416922694,13,111.5,22.1359436211787,23,12,11,0.000947368421052632,239,3.81742738589212e-05,0,0,0.0773248121666838,14.8141986127617,0.721153846153846,0.0528846153846154,0.225961538461538,0.455135983263598,0.0781654464111691,0.0926190109672747,13.2047847869774,7.27990553527797,13.5928998070006,7.12739208994621,4.08938794299361e-06,0.642859629058724,0.203833540921059,0.464888689741631,0.147403730893688,"priority",1
102163,54,44,36,223,0.00089058058534324,217,17,30,4.24264068711928,9,8.5,1.77994561319007e-06,0,82104,0,0,0,0,0,0,0,0,0,17.5,6.22406639004149e-06,0,0,0.1324304536885,113.022751714173,1,0,0,-0.0113912133891213,0,0,NA,NA,NA,NA,-8.43135166075916e-08,NA,NA,NA,NA,"priority",1
102095,162,54,60,240,0.000891156794765369,508,17,42,8.24621125123532,14,14.5,6.77068127845146e-06,35,82063,0.00064584526522306,7.28010988928052,5,4.5,11.6619037896906,18,7,6,5.26315789473684e-05,55,1.16182572614108e-05,0,0,0.125210426911247,51.8237297200891,0.990033222591362,0.00332225913621262,0.00664451827242525,0.00743723849372385,0.0304607108338097,0.0487945765259021,10.6737292072774,1.37324643515102,11.1329695710192,0.482859488763149,2.65959133396637e-06,0.65713141025641,0.584116809116809,0.438315850815851,0.38961408961409,"priority",1
102146,186,1,1,3,1.04800930632264e-05,1,1,1,0,1,2.7225,2.02805227206143e-08,0,82206,0,0,0,0,0,0,0,0,0,0,4.149377593361e-07,0,0,NA,NA,1,0,0,-0.0113912133891213,0,0,NA,NA,NA,NA,-4.31457310923326e-08,NA,NA,NA,NA,"priority",1
102114,42,36,36,240,0.000682560577251231,523,15,20,6.70820393249937,9,13,8.852163174164e-06,23,81830,0.000427715996578272,3.16227766016838,3,0.5,6.08276253029822,12,3,3,0,36,1.2448132780083e-05,0,0,0.0880573029140111,27.4388132801938,1,0,0,-0.00929916317991632,0.0132312872810392,0.0254508892481097,5.19440127810669,0.165206062253656,5.4269338524946,0.567964295508297,1.58071291103943e-06,0.581168831168831,0.464935064935065,0.376984126984127,0.301587301587302,"priority",1
102268,222,55,23,240,0.00118887118519426,488,22,22,6.40312423743285,17,19,3.43398005318423e-06,12,81947,0.000366090277862521,2.82842712474619,2,5.445,4,18,3,3,0,34,1.2448132780083e-05,0,0,0.0699011951055679,61.7442654922816,1,0,0,0.0113912133891213,0.0118344231160928,0.0167364016736402,3.60947570824873,0.676407914903051,3.60947570824873,0.676407914903051,1.40638091021462e-06,NA,NA,NA,NA,"priority",1
102148,222,43,48,240,0.000707955960256817,171,14,42,4.47213595499958,8,5.445,1.79950357033437e-06,16,82062,0.000255904072530526,4.12310562561766,2,5.445,3.16227766016838,5,2,1,0,6.5,4.149377593361e-06,0,0,0.0692045549791386,25.9571002305311,1,0,0,0.0113912133891213,0.0172514879732957,0.0132312872810392,NA,NA,2.08113883008419,1.52896119631324,1.02863942909646e-06,NA,NA,NA,NA,"priority",1
102142,126,130,214,240,0.00204049216182203,1812,39,210,23.5372045918796,21,181,4.73320155570472e-05,58,82101,0.000986589688310739,22.0227155455452,9,129.5,19.1049731745428,23,11,11,0.00110526315789474,229,3.85892116182573e-05,0,0,0.100988122758599,19.1895047903816,0.530612244897959,0.17687074829932,0.292517006802721,0.530449790794979,0.0921452533286412,0.0799371262533172,9.53296609990649,7.41854521263011,8.13236782710848,7.01078118878859,4.08564070450177e-06,0.645205658020784,0.237707347691868,0.491131452581032,0.18094316674038,"priority",1
102173,234,20,34,240,0.000341621727141846,152,11,23,3.16227766016838,5,5.445,1.14293344343252e-06,1,82292,2.43036990229913e-05,0,1,2.7225,1.4142135623731,1,1,1,0,9.5,4.5643153526971e-06,0,0,0.0525977981155354,51.2081295602641,1,0,0,0,0,0.00591721155804642,NA,NA,NA,NA,5.89898579550606e-08,NA,NA,NA,NA,"priority",1
102194,138,77,35,240,0.00136181280594781,972,22,42,24.0416305603426,17,87.5,1.59058490662003e-05,8,81617,0.000110271144491956,0,1,2.7225,4,1,1,1,0,169,2.15767634854772e-05,0,0,0.191526853085879,63.3702741745115,1,0,0,3.69066435850959e-18,-1.91882203362411e-18,0.0167364016736402,NA,NA,NA,NA,3.33112352067015e-07,NA,NA,NA,NA,"priority",1
102064,126,120,192,240,0.0022052194254246,1857,45,90,19.9248588451713,21,106,5.79582683193549e-05,38,81936,0.000915348564733451,17.2626765016321,11,89.5,17,37,12,11,0.000894736842105263,199.5,4.02489626556017e-05,0,0,0.103763715314079,17.4251595867497,0.848122866894198,0.0648464163822526,0.0870307167235495,0.351694560669456,0.0680446715549459,0.0669456066945607,12.8807387066852,4.04910204948104,12.2914836576869,4.14545922353378,3.70463034328062e-06,0.52691311303076,0.197592417386535,0.286178144295791,0.107316804110922,"priority",1
102237,162,1,1,10,1.07684355616816e-05,1,1,1,0,1,2.7225,6.47107038280156e-13,0,81802,0,0,0,0,0,0,0,0,0,0,4.149377593361e-07,0,0,NA,NA,1,0,0,-0.0113912133891213,0,0,NA,NA,NA,NA,-4.22248278694336e-08,NA,NA,NA,NA,"priority",1
101907,114,1,1,5,1.04355811575147e-05,1,1,1,0,1,2.7225,5.55798648601653e-09,0,81805,0,0,0,0,0,0,0,0,0,0,4.149377593361e-07,0,0,NA,NA,1,0,0,-0.0113912133891213,0,0,NA,NA,NA,NA,-4.22346309445032e-08,NA,NA,NA,NA,"priority",1
102115,30,18,35,72,0.000282676826645363,81,12,25,3.16227766016838,5,5.445,3.21271135568295e-07,0,82112,0,0,0,0,0,0,0,0,0,4.5,3.3195020746888e-06,0,0,0.0539609434572244,136.165004349104,1,0,0,-0.0113912133891213,0,0,NA,NA,NA,NA,-8.50720862576508e-08,NA,NA,NA,NA,"priority",1
102175,210,48,46,204,0.00063881727544432,198,15,43,4,6,5.445,3.77956011405322e-06,0,82102,0,0,0,0,0,0,0,0,0,8,4.9792531120332e-06,0,0,0.0341087685967111,10.9969598052127,1,0,0,-0.0113912133891213,0,0,NA,NA,NA,NA,-4.2151237290559e-08,NA,NA,NA,NA,"priority",1
102223,186,68,60,240,0.00112274535647165,876,18,129,16.0312195418814,11,28,1.54798037889791e-05,19,81840,0.000354349951124145,5.09901951359278,5,5.5,11.7046999107196,10,8,5,0.000315789473684211,102,1.99170124481328e-05,0,0,0.125795329486271,38.9475921691622,0.907142857142857,0.0178571428571429,0.075,0.0116213389121339,0.0213348096803045,0.048973639793806,9.87213595499958,1.19422133941145,10.4877086319053,1.00454262642043,1.398152872442e-06,0.613756613756614,0.613756613756614,0.514814814814815,0.514814814814815,"priority",1
102216,138,5,6,36,7.97239274284478e-05,21,2,7,1,2,5.445,1.15701524361958e-08,0,82006,0,0,0,0,0,0,0,0,0,0,8.29875518672199e-07,0,0,NA,NA,1,0,0,-0.0113912133891213,0,0,NA,NA,NA,NA,-4.23779325900159e-08,NA,NA,NA,NA,"priority",1
101969,114,8,10,12,0.000122890885183046,15,3,9,0,1,2.7225,2.71742175454325e-08,0,81850,0,0,0,0,0,0,0,0,0,0,4.149377593361e-07,0,0,NA,NA,1,0,0,-0.0113912133891213,0,0,NA,NA,NA,NA,-4.23534813079263e-08,NA,NA,NA,NA,"priority",1
102379,162,55,71,240,0.000938944236467619,618,19,90,7,10,15,9.19897270431648e-06,4,81855,6.10836234805449e-05,0,1,2.7225,3.16227766016838,1,1,1,0,46.5,1.20331950207469e-05,0,0,0.159932859491895,51.0306969990501,1,0,0,0,-9.49548594080948e-19,0.0132312872810392,NA,NA,NA,NA,2.13355186693516e-07,NA,NA,NA,NA,"priority",1
102054,210,15,227,228,0.000378164074412931,80,8,225,1,2,5.445,5.41488206991989e-07,0,82057,0,0,0,0,0,0,0,0,0.000105263157894737,2,2.4896265560166e-06,0,0,0.138359629899148,155.273143358941,0.941299790356394,0.0251572327044025,0.0335429769392034,-0.0113912133891213,0,0,NA,NA,NA,NA,-8.43050224843603e-08,NA,NA,NA,NA,"priority",1
102497,198,21,202,228,0.000486463860260428,146,10,203,2.82842712474619,5,5.445,4.467041374628e-06,0,82211,0,0,0,0,0,0,0,0,0.000105263157894737,3.5,2.9045643153527e-06,0,0,0.548340108499057,86.8607960285972,0.961111111111111,0.0111111111111111,0.0277777777777778,-0.0113912133891213,0,0,NA,NA,NA,NA,-8.47009609281667e-08,NA,NA,NA,NA,"priority",1
102079,126,8,9,17,0.000118390322129304,13,3,6,1.4142135623731,2,5.445,2.56813165418927e-08,0,81718,0,0,0,0,0,0,0,0,0,0.5,1.2448132780083e-06,0,0,NA,NA,1,0,0,-0.0113912133891213,0,0,NA,NA,NA,NA,-8.47884982706326e-08,NA,NA,NA,NA,"priority",1
102123,126,29,34,60,0.000609302835695397,167,11,30,3.60555127546399,5,5.445,7.42548856964946e-07,0,81884,0,0,0,0,0,0,0,0,0,5,3.3195020746888e-06,0,0,0.0968913872699829,105.732441362466,1,0,0,-0.0113912133891213,0,0,NA,NA,NA,NA,-4.17283376723849e-08,NA,NA,NA,NA,"priority",1
102195,78,22,11,96,0.000398175219849604,88,13,7,1.4142135623731,3,5.445,1.90750846409472e-07,0,81895,0,0,0,0,0,0,0,0,0,1,1.6597510373444e-06,0,0,NA,NA,1,0,0,-0.0113912133891213,0,0,NA,NA,NA,NA,-8.34724924122461e-08,NA,NA,NA,NA,"priority",1
102299,90,0,1,-Inf,1.35297858234904e-05,2,1,1,0,1,2.7225,8.52580471681839e-11,0,82032,0,0,0,0,0,0,0,0,0,0,4.149377593361e-07,0,0,NA,NA,1,0,0,0,0,0,NA,NA,NA,NA,0,NA,NA,NA,NA,"priority",1
102042,54,152,60,208,0.00250396970807378,2077,51,54,26,29,153,3.86107207376476e-05,0,81946,0,0,0,0,0,0,0,0,0,277.5,4.10788381742739e-05,0,0,0.186368245522282,48.3673305497252,1,0,0,-0.0113912133891214,-7.93002563062733e-19,0,NA,NA,NA,NA,-1.27300122259038e-07,NA,NA,NA,NA,"priority",1
102174,114,60,22,168,0.00107826605641396,258,15,11,3.60555127546399,11,7.5,2.32137010623675e-06,0,81943,0,0,0,0,0,0,0,0,0,12,6.63900414937759e-06,0,0,0.237101078464307,165.489585283525,1,0,0,-0.0113912133891213,0,0,NA,NA,NA,NA,-1.26940942884319e-07,NA,NA,NA,NA,"priority",1
102293,210,148,190,240,0.00241516430435949,1805,55,186,21.4009345590327,17,89,4.77957374894267e-05,57,82360,0.00133559980573094,8.06225774829855,8,14.5,7.28010988928052,53,14,12,0.000578947368421053,157.5,3.85892116182573e-05,0,0,0.0654796045705945,12.8216793748468,0.885017421602787,0.0209059233449477,0.0940766550522648,0.0492782426778243,0.0337332960179856,0.0304607108338097,6.61362075860148,0.682258651082565,6.06145894256351,1.53477677722043,5.41812569470554e-06,0.743382173382173,0.743382173382173,0.419304029304029,0.419304029304029,"priority",1
102150,138,19,84,108,0.000452693526482571,76,10,82,2.23606797749979,4,5.445,1.34996557490611e-06,0,81933,0,0,0,0,0,0,0,0,0,1.5,2.0746887966805e-06,0,0,NA,NA,1,0,0,-0.0113912133891213,0,0,NA,NA,NA,NA,-4.28352093941384e-08,NA,NA,NA,NA,"priority",1
102172,78,133,96,240,0.00233582325604029,1268,41,90,26.6833281282527,22,112.5,2.43579779022089e-05,24,81860,0.000439775225995602,12.2065556157337,4,36,8.54400374531753,12,3,4,0,189,2.73858921161826e-05,0,0,0.0852268499811038,23.2523954478253,1,0,0,0.13923640167364,0.0510734544591368,0.03574896964568,5.98347551624525,2.69518601621325,5.62094475103851,3.17922477322049,1.7977838378679e-06,0.569602272727273,0.0990612648221344,0.375,0.0652173913043478,"priority",1
102136,198,43,239,240,0.000668888186218471,277,14,224,8.54400374531753,5,5.445,9.18878793095069e-06,43,82226,0.000668888186218471,2.23606797749979,4,1,6.70820393249937,12,6,5,0.000263157894736842,15.5,4.9792531120332e-06,0,0,0.0629363777630512,8.18641784381932,0.911764705882353,0.0326797385620915,0.0555555555555556,-0.0072071129707113,0.00935593296025017,0.0280677988807505,6.20045171034055,0.439315643551074,6.16788468198349,0.385536327346773,2.67164261243616e-06,0.843083900226757,0.737698412698413,0.678231292517007,0.593452380952381,"priority",1
102214,210,45,24,96,0.000793050438007857,221,13,23,4.47213595499958,10,6,1.37664444260364e-06,0,82118,0,0,0,0,0,0,0,0,0,9.5,4.9792531120332e-06,0,0,0.454029299845473,400.025536900297,1,0,0,-0.0113912133891213,-9.28434354192415e-19,0,NA,NA,NA,NA,-1.2726527415549e-07,NA,NA,NA,NA,"priority",1
102268,102,42,83,228,0.000780954472794719,373,14,79,8.94427190999916,10,18.5,5.3146580492434e-06,0,81904,0,0,0,0,0,0,0,0,0.000105263157894737,30.5,1.28630705394191e-05,0,0,0.158708694320619,93.6390651740838,0.963302752293578,0,0.036697247706422,-0.0113912133891213,0,-9.58879554463187e-19,NA,NA,NA,NA,-4.23972561852512e-08,NA,NA,NA,NA,"priority",1
102189,126,99,240,240,0.00162547969983623,359,36,234,9.48683298050514,10,30.5,1.17473940543299e-05,99,81822,0.00162547969983623,9.48683298050514,10,30.5,8.48528137423857,34,15,14,0.000473684210526316,39.5,6.22406639004149e-06,0,0,0.0408457313941431,4.80399703332721,0.909090909090909,0.00802139037433155,0.0828877005347594,0.127615062761506,0.0396938618431177,0.0355032693482785,5.06626835172043,2.86438273437729,4.64715727720484,2.77821806474468,6.8011702922018e-06,0.795027281746032,0.553062456866805,0.565439023802994,0.393348886123822,"priority",1
102286,186,30,24,69,0.000526980158584262,150,10,21,4,7,5.445,1.01942374829065e-06,0,81893,0,0,0,0,0,0,0,0,0,7.5,4.149377593361e-06,0,0,0.742452765281159,737.433454852214,1,0,0,-0.0113912133891213,0,0,NA,NA,NA,NA,-1.25704026350246e-07,NA,NA,NA,NA,"priority",1
102092,54,7,8,17,0.000161170744286497,22,6,7,2,3,5.445,1.83993038441212e-07,0,81784,0,0,0,0,0,0,0,0,0,0,1.2448132780083e-06,0,0,NA,NA,1,0,0,-0.0113912133891213,0,0,NA,NA,NA,NA,-8.50366420764791e-08,NA,NA,NA,NA,"priority",1
102379,150,114,204,240,0.00216651570417881,1761,40,200,24.4131112314674,20,171,5.16934519927844e-05,83,81799,0.00132030953923642,21.9317121994613,11,93.5,13.4536240470737,25,15,11,0.00115789473684211,238,2.98755186721992e-05,0,0,0.128652221161012,17.2490666582554,0.870712401055409,0.029023746701847,0.100263852242744,0.379822175732218,0.0917644861902147,0.0562913140044925,11.5189548963655,2.22374591737631,11.4511269153635,2.17248024031055,5.39638224299866e-06,0.856018981018981,0.321007117882118,0.671874606874607,0.251952977577978,"priority",1
102295,42,64,120,240,0.00127942681678608,867,23,102,17.1172427686237,12,38.5,1.29358596260542e-05,11,82003,0.0001951148128727,1,2,5.445,18.0277563773199,5,2,1,0,183,1.86721991701245e-05,0,0,0.0922332864131887,32.4596250942252,1,0,0,0.0113912133891213,0.00418410041841004,0.0754299430013387,NA,NA,18.01387818866,0.0196267226241064,7.7450672359469e-07,NA,NA,NA,NA,"priority",1
102248,222,3,44,48,6.09139529500627e-05,7,2,42,0,1,2.7225,1.60409023777415e-08,0,82069,0,0,0,0,0,0,0,0,0,0,4.149377593361e-07,0,0,NA,NA,1,0,0,-0.0113912133891213,0,0,NA,NA,NA,NA,-4.29579098399388e-08,NA,NA,NA,NA,"priority",1
102184,138,1,1,2,1.03459692103956e-05,1,1,1,0,1,2.7225,1.34977608358826e-11,0,81938,0,0,0,0,0,0,0,0,0,0,4.149377593361e-07,0,0,NA,NA,1,0,0,-0.0113912133891213,0,0,NA,NA,NA,NA,-4.29473273362831e-08,NA,NA,NA,NA,"priority",1
102307,150,25,34,240,0.000353848406462004,228,9,30,7.07106781186548,7,8,2.45049263449526e-06,5,82250,7.29483282674772e-05,0,1,2.7225,3.16227766016838,1,2,1,0,20,6.22406639004149e-06,0,0,0.0564437771286375,35.0180206129144,1,0,0,0,1.85621956508729e-18,0.0132312872810392,NA,NA,3.16227766016838,0,1.77758837080211e-07,NA,NA,NA,NA,"priority",1
102156,150,16,48,72,0.000402419394175894,102,7,47,4.47213595499958,4,5.445,6.13472783949366e-07,0,82037,0,0,0,0,0,0,0,0,0,7,2.4896265560166e-06,0,0,2.85359257660628,2824.46450571106,1,0,0,-0.0113912133891213,0,0,NA,NA,NA,NA,-8.30178654446436e-08,NA,NA,NA,NA,"priority",1
102142,210,42,132,180,0.000723198744821162,168,24,126,8.24621125123532,5,7,3.90506863295713e-06,0,82111,0,0,0,0,0,0,0,0,0,8,2.9045643153527e-06,0,0,0.0534988121140979,9.71880871464237,1,0,0,-0.0113912133891213,0,0,NA,NA,NA,NA,-4.23008140326352e-08,NA,NA,NA,NA,"priority",1
102182,198,176,240,240,0.00300450066901837,2634,56,234,32.649655434629,34,371.5,7.43901350508953e-05,176,82210,0.00300450066901837,32.0156211871642,34,371.5,30.8058436014987,71,40,30,0.000736842105263158,424,5.60165975103734e-05,0,0,0.0930473613411367,16.713934542927,0.801526717557252,0.0534351145038168,0.145038167938931,1.54300209205021,0.133956574004871,0.128894743102505,18.1422812953284,8.99181405891951,17.7631457641933,9.53781421823482,1.24857914682032e-05,0.679594820879447,0.165099306767323,0.512562391673911,0.124520807016826,"priority",1
102094,138,86,168,240,0.00165542761155878,706,32,164,8.24621125123532,10,15.5,3.41871269729043e-05,21,81953,0.000292850780325308,3.16227766016838,6,2.5,3.16227766016838,3,6,2,0.000157894736842105,50,1.32780082987552e-05,0,0,0.0579373489420691,5.49507398708366,0.961309523809524,0.0119047619047619,0.0267857142857143,-0.000930962343096233,0.0132312872810392,0.0132312872810392,2.58113883008419,0.821854415126695,2.30054399749264,0.921410211968973,1.05575553827094e-06,0.709415584415584,0.709415584415584,0.667857142857143,0.667857142857143,"priority",1
102130,90,1,1,1,1.00692766231674e-05,1,1,1,0,1,2.7225,7.57190583682514e-08,0,81844,0,0,0,0,0,0,0,0,0,0,4.149377593361e-07,0,0,NA,NA,1,0,0,-0.0113912133891213,0,0,NA,NA,NA,NA,-4.21308645320811e-08,NA,NA,NA,NA,"priority",1
102372,210,59,48,240,0.000954291866497015,782,24,54,12.6491106406735,11,35,1.13814081410724e-05,23,81838,0.000366577873359564,2.23606797749979,4,1,8.06225774829855,7,5,4,0,101.5,1.95020746887967e-05,0,0,0.0916947543821966,38.2752023466378,1,0,0,-0.00720711297071129,0.00935593296025017,0.0337332960179856,7.83559190939477,0.371482488465284,7.68268708988891,0.469466557454165,1.49156400235911e-06,0.706666666666667,0.706666666666667,0.551111111111111,0.551111111111111,"priority",1
102256,162,9,10,240,0.00019549147779339,41,6,238,1.4142135623731,2,5.445,6.67419231344379e-07,6,81845,0.00019549147779339,0,1,2.7225,1,10,2,1,0,0.5,1.2448132780083e-06,0,0,NA,NA,1,0,0,0,0,0.00418410041841004,NA,NA,1,0,7.32591430509921e-07,NA,NA,NA,NA,"priority",1
102237,54,65,240,240,0.00111121965515557,852,22,234,20.8086520466848,13,87,3.16354430622611e-05,65,81892,0.00111121965515557,12.2065556157337,13,33.5,14.3178210632764,26,13,11,0.000315789473684211,204.5,2.03319502074689e-05,0,0,0.158580380879667,23.8206989484183,0.908136482939633,0.0183727034120735,0.073490813648294,0.128776150627615,0.0510734544591368,0.0599072011015747,8.26171194788894,2.72369735086703,8.4986729081851,3.01445495896921,4.60728129405719e-06,0.685734265734266,0.48981018981019,0.490225787284611,0.350161276631865,"priority",1
102198,78,43,58,91,0.000661224862054813,226,19,54,8.54400374531753,5,12,1.83990747550871e-06,0,81899,0,0,0,0,0,0,0,0,0,24.5,5.80912863070539e-06,0,0,0.191985857553653,147.927144440668,1,0,0,-0.0113912133891213,0,-9.34249121712958e-19,NA,NA,NA,NA,-8.41456509046857e-08,NA,NA,NA,NA,"priority",1
102080,90,38,225,240,0.000626830630363676,104,11,222,8.60232526704263,6,8.5,2.33393042857981e-06,4,82106,7.30762672642681e-05,1,2,5.445,3,2,1,2,0.000315789473684211,2,2.4896265560166e-06,0,0,0.148719386366367,38.658648085201,0.897727272727273,0.0295454545454545,0.0727272727272727,0.0113912133891213,0.00418410041841004,0.0125523012552301,3,0,NA,NA,2.63909484950626e-07,NA,NA,NA,NA,"priority",1
102210,54,37,70,132,0.000597145886396042,249,15,66,3.60555127546399,7,5.445,3.22627015387e-06,0,82089,0,0,0,0,0,0,0,0,0,8.5,5.39419087136929e-06,0,0,0.130249607851841,53.1535668935725,1,0,0,-0.0113912133891213,0,0,NA,NA,NA,NA,-4.23963969845988e-08,NA,NA,NA,NA,"priority",1
102145,126,42,36,216,0.000779765095764901,335,12,32,5.3851648071345,11,7,3.68664004591436e-06,0,81930,0,0,0,0,0,0,0,0,0,12,6.22406639004149e-06,0,0,0.199353784511586,82.0722160935671,1,0,0,-0.0113912133891213,0,0,NA,NA,NA,NA,-1.70791808329577e-07,NA,NA,NA,NA,"priority",1
102146,66,30,237,240,0.000525216499126675,78,11,235,2.23606797749979,5,5.445,7.80848701916702e-06,30,81871,0.000525216499126675,2.23606797749979,5,2,2,13,6,6,5.26315789473684e-05,1.5,2.0746887966805e-06,0,0,NA,NA,0.972067039106145,0.0167597765363128,0.0111731843575419,-0.00302301255230125,0.00935593296025017,0.00836820083682008,1.1380711874577,0.667647187318534,0.971404520791032,0.517346990311237,2.11265566150548e-06,0.719204604918891,0.719204604918891,0.541025641025641,0.541025641025641,"priority",1
102033,186,1,1,10,1.08033360701785e-05,1,1,1,0,1,2.7225,4.98634005507496e-14,0,82209,0,0,0,0,0,0,0,0,0,0,4.149377593361e-07,0,0,NA,NA,1,0,0,-0.0113912133891213,0,0,NA,NA,NA,NA,-4.2014524168918e-08,NA,NA,NA,NA,"priority",1
102194,114,28,180,192,0.000364419036339411,132,9,175,2.23606797749979,4,5.445,4.81717838401048e-06,0,81812,0,0,0,0,0,0,0,0,0,3,2.9045643153527e-06,0,0,0.119964475707975,17.6716139872512,1,0,0,-0.0113912133891213,0,0,NA,NA,NA,NA,-4.16009666067791e-08,NA,NA,NA,NA,"priority",1
102340,210,64,215,240,0.000956703836382384,278,29,211,7.81024967590665,5,5.5,1.50479467848005e-05,1,82125,2.43531202435312e-05,0,1,2.7225,3.16227766016838,1,1,1,0.000210526315789474,18,5.80912863070539e-06,0,0,0.0475487158675369,4.49895468682371,0.888372093023256,0.0372093023255814,0.0744186046511628,0,-1.85243479393143e-18,0.0132312872810392,NA,NA,NA,NA,5.97959819165419e-08,NA,NA,NA,NA,"priority",1
102243,78,50,84,96,0.000777737270628266,135,14,78,1.4142135623731,3,5.445,9.11861217784316e-07,0,82165,0,0,0,0,0,0,0,0,0,1,1.6597510373444e-06,0,0,NA,NA,1,0,0,-0.0113912133891213,0,0,NA,NA,NA,NA,-4.20077750510531e-08,NA,NA,NA,NA,"priority",1
102207,210,11,59,84,0.000170714011352482,71,6,36,1.4142135623731,2,5.445,4.13906531376748e-07,0,82136,0,0,0,0,0,0,0,0,0,1,1.2448132780083e-06,0,0,NA,NA,1,0,0,-0.0113912133891213,0,0,NA,NA,NA,NA,-4.26227045862116e-08,NA,NA,NA,NA,"priority",1
102106,90,48,82,216,0.000798357664233577,345,15,45,5.09901951359278,7,6,6.41382927180405e-06,0,81861,0,0,0,0,0,0,0,0,0,21,8.71369294605809e-06,0,0,0.0560429299585296,18.5810192429668,1,0,0,-0.0113912133891213,0,0,NA,NA,NA,NA,-1.26191829247312e-07,NA,NA,NA,NA,"priority",1
102148,150,3,11,12,4.93699164414164e-05,7,3,12,0,1,2.7225,2.62903082837184e-08,0,82162,0,0,0,0,0,0,0,0,0,0,4.149377593361e-07,0,0,NA,NA,1,0,0,-0.0113912133891213,0,0,NA,NA,NA,NA,-4.20187434689742e-08,NA,NA,NA,NA,"priority",1
102159,66,72,132,240,0.00145670881737278,1358,23,150,16.2788205960997,17,29,3.0540674536177e-05,26,81892,0.000512870610071802,16.2788205960997,5,16,11.6619037896906,16,5,5,0.000421052631578947,123.5,2.86307053941909e-05,0,0,0.0845366970312968,19.2619274458476,0.853125,0.028125,0.11875,0.0555543933054393,0.0681122200673628,0.0487945765259021,10.2122418402351,2.09467079649497,10.3965362027297,2.09524311994175,2.0199382480378e-06,0.704761904761905,0.302040816326531,0.493849206349206,0.211649659863946,"priority",1
102092,222,118,108,240,0.00199342048942753,1448,38,102,14.3178210632764,21,68.5,2.98653076271362e-05,1,81916,1.2207627325553e-05,0,1,2.7225,5.65685424949238,0,1,0,0,86.5,2.4896265560166e-05,0,0,0.101603685743966,20.641674671552,1,0,0,0,1.92230880624863e-18,0.0236688462321857,NA,NA,NA,NA,8.88206713753596e-09,NA,NA,NA,NA,"priority",1
102222,222,1,1,15,1.34569579200926e-05,1,1,1,0,1,2.7225,2.15643620285649e-09,0,82218,0,0,0,0,0,0,0,0,0,0,4.149377593361e-07,0,0,NA,NA,1,0,0,-0.0113912133891213,0,0,NA,NA,NA,NA,-4.26726950098422e-08,NA,NA,NA,NA,"priority",1
102123,138,29,35,192,0.000489598870506792,185,14,30,2.23606797749979,4,5.445,1.44831892943117e-06,0,81832,0,0,0,0,0,0,0,0,0,4,3.3195020746888e-06,0,0,1.48223671699289,828.421607460866,1,0,0,-0.0113912133891213,0,0,NA,NA,NA,NA,-4.19034403101626e-08,NA,NA,NA,NA,"priority",1
102267,30,1,1,13,1.32892131456896e-05,1,1,1,0,1,2.7225,5.9497326422544e-10,0,81951,0,0,0,0,0,0,0,0,0,0,4.149377593361e-07,0,0,NA,NA,1,0,0,-0.0113912133891213,0,0,NA,NA,NA,NA,-4.22721804244296e-08,NA,NA,NA,NA,"priority",1
102152,126,76,215,240,0.00115045961431126,713,31,210,16.1245154965971,10,28,1.73297242308814e-05,5,82178,8.51809486723941e-05,10.6301458127346,3,7.5,16.4924225024706,2,3,1,0.000105263157894737,128,1.70124481327801e-05,0,0,0.0352770366494116,8.42209854734786,0.986111111111111,0.00347222222222222,0.0104166666666667,0.00859832635983264,0.0402934971244128,0.0648218514747726,NA,NA,11.6284280165281,4.26256880256927,2.71966212924927e-07,0.611111111111111,0.366666666666667,0.5,0.3,"priority",1
102206,150,15,46,48,0.000239854716571677,43,7,42,1,2,5.445,1.13037919237195e-07,0,82062,0,0,0,0,0,0,0,0,0,0,8.29875518672199e-07,0,0,NA,NA,1,0,0,-0.0113912133891213,0,0,NA,NA,NA,NA,-4.22995311012379e-08,NA,NA,NA,NA,"priority",1
102503,114,36,46,240,0.000547985240930844,218,14,42,5,8,7,1.94901346631103e-06,1,81984,9.75800156128025e-05,2.82842712474619,2,5.445,4.47213595499958,7,1,3,0,14,6.22406639004149e-06,0,0,0.178711203986481,139.0664780547,1,0,0,0.0113912133891213,0.0118344231160928,0.0187118659205003,4.47213595499958,0,NA,NA,3.65769719362947e-07,NA,NA,NA,NA,"priority",1
102379,102,101,82,240,0.0016865261228231,1363,36,90,16.5529453572468,18,108,2.1971427365231e-05,2,82073,8.52899248230234e-05,16.5529453572468,2,5.445,20.3960780543711,5,2,2,0.000315789473684211,209.5,2.69709543568465e-05,0,0,0.117639994492561,35.2415592934425,0.917431192660551,0.00917431192660551,0.073394495412844,0.0113912133891213,0.0692591855951751,0.0853392387212182,20.3960780543711,0,13.1135149746082,10.2990994762383,3.14715043344821e-07,NA,NA,NA,NA,"priority",1
102103,126,1,1,1,1.00528781390112e-05,1,1,1,0,1,2.7225,8.96393058553422e-13,0,82201,0,0,0,0,0,0,0,0,0,0,4.149377593361e-07,0,0,NA,NA,1,0,0,-0.0113912133891213,0,0,NA,NA,NA,NA,-4.20622516276619e-08,NA,NA,NA,NA,"priority",1
102259,234,19,22,24,0.000247373006227347,53,7,20,1,2,5.445,3.20405352267453e-07,0,82429,1.21316526950466e-05,0,1,2.7225,1.4142135623731,1,0,1,0,0,8.29875518672199e-07,0,0,NA,NA,1,0,0,0,0,0.00591721155804642,NA,NA,NA,NA,-3.2555367400572e-08,NA,NA,NA,NA,"priority",1
102242,42,35,144,169,0.000609384521633151,149,15,138,3,6,5.445,2.11244477972576e-06,0,81822,0,0,0,0,0,0,0,0,0,5.5,3.7344398340249e-06,0,0,0.08825283732607,38.1134576445581,1,0,0,-0.0113912133891213,0,0,NA,NA,NA,NA,-1.68176308305517e-07,NA,NA,NA,NA,"priority",1
102357,102,20,58,180,0.000365134243886854,132,7,54,2,3,5.445,1.81387351313799e-06,0,81933,0,0,0,0,0,0,0,0,0,4.5,3.3195020746888e-06,0,0,0.0525442711875706,23.4883793228174,1,0,0,-0.0113912133891213,0,0,NA,NA,NA,NA,-8.39405452475634e-08,NA,NA,NA,NA,"priority",1
102074,198,10,10,33,0.000160337448661182,30,4,5,2.23606797749979,4,5.445,3.52104951094649e-07,0,81983,0,0,0,0,0,0,0,0,0,1,1.6597510373444e-06,0,0,NA,NA,1,0,0,-0.0113912133891213,0,0,NA,NA,NA,NA,-4.19947048036819e-08,NA,NA,NA,NA,"priority",1
102018,114,55,60,228,0.00116163901150634,489,19,58,12.0415945787923,14,37,7.37691452288367e-06,0,82094,0,0,0,0,0,0,0,0,0.000105263157894737,53,9.95850622406639e-06,0,0,0.199392593591954,65.7136074957709,0.979661016949153,0.00508474576271186,0.0152542372881356,-0.0113912133891213,2.7967978339513e-18,1.88328238712349e-18,NA,NA,NA,NA,-4.23680628864072e-08,NA,NA,NA,NA,"priority",1
102053,174,55,35,240,0.000977385737498626,598,28,237,16.1554944214035,11,60,9.76817216217126e-06,52,81851,0.000977385737498626,7.21110255092798,4,12,8.24621125123532,28,7,8,0,77,1.36929460580913e-05,0,0,0.0655324111169241,22.2857300839879,1,0,0,0.0388179916317992,0.0301719772005355,0.0345029759465913,6.28795186839129,2.16112703422332,6.008200527985,2.17219876732639,4.00560178966429e-06,0.747518382352941,0.543649732620321,0.491286838161838,0.357299518663155,"priority",1
102280,42,53,84,240,0.000891799113087457,712,24,198,8.94427190999916,12,33.5,1.97243228029401e-05,16,81950,0.00024405125076266,2.23606797749979,3,1,8.60232526704263,4,4,4,0.000105263157894737,80.5,1.70124481327801e-05,0,0,0.0412141720775961,8.66507434333944,0.981566820276498,0.00460829493087558,0.0138248847926267,-0.0072071129707113,0.00935593296025016,0.0359929927491323,8.15766832896395,0.519547796477474,8.15766832896395,0.519547796477474,9.79001530379694e-07,1,1,0.734722222222222,0.734722222222222,"priority",1
102179,138,15,153,180,0.000172470978441128,42,4,149,1,2,5.445,4.91842879970196e-06,0,81816,0,0,0,0,0,0,0,0,0,1,1.6597510373444e-06,0,0,NA,NA,1,0,0,-0.0113912133891213,0,0,NA,NA,NA,NA,-4.23551962667791e-08,NA,NA,NA,NA,"priority",1
102220,66,24,35,60,0.000451428710866011,130,11,35,9.8488578017961,7,11,3.66314359230803e-07,0,81961,0,0,0,0,0,0,0,0,0,15,4.9792531120332e-06,0,0,0.0309206817336427,102.422777763296,1,0,0,-0.0113912133891213,-1.8538621499541e-18,0,NA,NA,NA,NA,-4.16830255173895e-08,NA,NA,NA,NA,"priority",1
102110,198,131,95,240,0.00249722868523955,2017,53,90,41.1096095821889,24,400,5.06578896822384e-05,1,81964,4.8801913034991e-05,0,1,2.7225,23.3452350598575,3,1,1,5.26315789473684e-05,508.5,4.19087136929461e-05,0,0,0.095326409640947,19.2328283611377,0.971698113207547,0.00943396226415094,0.0188679245283019,2.74415269213645e-18,0,0.0976788077818306,NA,NA,NA,NA,1.61757439599375e-07,NA,NA,NA,NA,"priority",1
102346,78,37,70,180,0.000576830636116007,255,14,66,5,7,5.5,3.09415066025017e-06,0,82009,0,0,0,0,0,0,0,0,0,25.5,7.88381742738589e-06,0,0,0.0537684337663438,33.3542232304444,1,0,0,-0.0113912133891213,0,0,NA,NA,NA,NA,-4.27988422741971e-08,NA,NA,NA,NA,"priority",1
102141,54,66,84,186,0.00109626417530482,465,20,78,9.21954445729289,10,33,6.36259393186629e-06,0,81867,0,0,0,0,0,0,0,0,0,69,1.03734439834025e-05,0,0,0.343599554687289,136.727639361826,1,0,0,-0.0113912133891213,0,0,NA,NA,NA,NA,-4.15377784017675e-08,NA,NA,NA,NA,"priority",1
102270,114,14,11,108,0.000245913032321526,111,6,78,4.47213595499958,4,5.445,4.1365041799565e-07,0,81810,0,0,0,0,0,0,0,0,0,9.5,4.9792531120332e-06,0,0,0.0428155252787761,125.598643629473,1,0,0,-0.0113912133891213,0,0,NA,NA,NA,NA,-1.26280696732697e-07,NA,NA,NA,NA,"priority",1
102031,90,1,1,3,1.01507384662234e-05,1,1,1,0,1,2.7225,1.75812164915682e-10,0,81964,0,0,0,0,0,0,0,0,0,0,4.149377593361e-07,0,0,NA,NA,1,0,0,-0.0113912133891213,0,0,NA,NA,NA,NA,-4.17708291910594e-08,NA,NA,NA,NA,"priority",1
102159,210,26,36,96,0.000500671632677983,137,7,24,3.16227766016838,6,5.445,1.19928945962254e-06,0,82012,0,0,0,0,0,0,0,0,0,6,4.5643153526971e-06,0,0,0.422833233492228,392.196663173341,1,0,0,-0.0113912133891213,0,0,NA,NA,NA,NA,-8.51785963052848e-08,NA,NA,NA,NA,"priority",1
102302,222,51,35,205,0.000924805334185829,216,14,30,6.70820393249937,9,8.5,1.58791569684558e-06,0,82051,0,0,0,0,0,0,0,0,0,14,5.80912863070539e-06,0,0,0.346970271576782,309.668334064944,1,0,0,-0.0113912133891213,0,0,NA,NA,NA,NA,-8.47215416846717e-08,NA,NA,NA,NA,"priority",1
102190,78,2,7,27,3.05972584856397e-05,7,1,1,0,1,2.7225,5.42134702627625e-09,0,81989,0,0,0,0,0,0,0,0,0,0,4.149377593361e-07,0,0,NA,NA,1,0,0,-0.0113912133891213,0,0,NA,NA,NA,NA,-4.18083936370635e-08,NA,NA,NA,NA,"priority",1
102135,42,1,1,5,1.04770186595702e-05,1,1,1,0,1,2.7225,7.95435045298745e-11,0,81894,0,0,0,0,0,0,0,0,0,0,4.149377593361e-07,0,0,NA,NA,1,0,0,-0.0113912133891213,0,0,NA,NA,NA,NA,-4.23787910424288e-08,NA,NA,NA,NA,"priority",1
102261,150,171,226,240,0.00243347681471336,2009,61,222,19.2353840616713,28,176.5,5.57214872148733e-05,92,81922,0.00161128878689485,18.3575597506858,19,157.5,12.1655250605964,40,22,21,0.00231578947368421,226.5,4.02489626556017e-05,0,0,0.0859984565857408,14.6140940130341,0.574923547400612,0.0795107033639144,0.345565749235474,0.64760460251046,0.0768098734338319,0.0509017784962194,8.93052610655226,2.64726059034578,8.62714300144798,2.53163677448552,6.6162647984094e-06,0.747166773555662,0.336225048100048,0.548362594195927,0.246763167388167,"priority",1
102119,222,95,203,240,0.00164618086040386,1491,26,198,23.259406699226,18,69,4.00082028961003e-05,61,82248,0.00109425153195214,14.3178210632764,11,68.5,21.2602916254693,29,12,11,0.000473684210526316,180,3.36099585062241e-05,0,0,0.156510506882582,29.69201842528,0.902631578947368,0.0236842105263158,0.0736842105263158,0.275219665271967,0.0599072011015747,0.0889551950856456,14.6366685831044,3.16934158260054,14.5361530036762,2.16171376131812,4.53560421818139e-06,0.759835262776439,0.265942341971754,0.562645687645688,0.196925990675991,"priority",1
102215,126,69,192,240,0.00114398374082683,596,25,186,8.24621125123532,10,23.5,2.35080474134358e-05,38,82011,0.000658448256941142,8.24621125123532,6,23.5,5.09901951359278,16,8,6,0.000263157894736842,32.5,1.07883817427386e-05,0,0,0.141196524573554,15.1884643431447,0.957081545064378,0.00858369098712446,0.0343347639484979,0.0869351464435146,0.0345029759465913,0.0213348096803045,3.57873328744819,1.49372074658295,3.47461938062824,1.27705919306267,2.62857010598079e-06,0.838068181818182,0.609504132231405,0.644081439393939,0.468422865013774,"priority",1
102231,102,45,84,240,0.000730291264499324,493,18,78,5.8309518948453,7,12,1.01267662397682e-05,1,82149,2.43460054291592e-05,0,1,2.7225,8.48528137423857,1,1,1,0.000210526315789474,40.5,1.07883817427386e-05,0,0,0.186509564079552,48.4816305886987,0.955974842767296,0.0188679245283019,0.0251572327044025,0,0,0.0355032693482785,NA,NA,NA,NA,-2.28487287550722e-08,NA,NA,NA,NA,"priority",1
102181,66,52,107,236,0.000877920304345705,363,14,102,5.09901951359278,9,7,8.50495326382351e-06,0,82051,0,0,0,0,0,0,0,0,0.000263157894736842,18.5,7.88381742738589e-06,0,0,0.0823962292353172,18.6454336580249,0.966131907308378,0.017825311942959,0.0160427807486631,-0.0113912133891213,0,0,NA,NA,NA,NA,-1.2659782811298e-07,NA,NA,NA,NA,"priority",1
102282,174,149,131,240,0.00233787107615128,1407,57,126,20.1246117974981,23,105.5,3.09157078064497e-05,23,81659,0.000367381427644228,2.23606797749979,4,1,13.4536240470737,7,6,3,0.000526315789473684,163.5,3.3195020746888e-05,0,0,0.158272245154705,39.5042023557763,0.945,0.0183333333333333,0.0366666666666667,-0.00720711297071129,0.00935593296025017,0.0562913140044925,12.7403188643774,1.23548081773222,12.7537372823106,0.900345711690407,1.32596204812453e-06,0.916666666666667,0.916666666666667,0.78015873015873,0.78015873015873,"priority",1
102140,150,1,1,7,1.05518624037143e-05,1,1,1,0,1,2.7225,2.48191577141452e-11,0,81842,0,0,0,0,0,0,0,0,0,0,4.149377593361e-07,0,0,NA,NA,1,0,0,-0.0113912133891213,0,0,NA,NA,NA,NA,-4.27066683515871e-08,NA,NA,NA,NA,"priority",1
102280,54,40,23,192,0.000578908435982375,140,16,9,3.60555127546399,8,5.445,1.02292922451911e-06,0,82137,0,0,0,0,0,0,0,0,0,4,3.3195020746888e-06,0,0,0.118684339426956,93.837955940925,1,0,0,-0.0113912133891213,0,0,NA,NA,NA,NA,-4.2540367831246e-08,NA,NA,NA,NA,"priority",1
102257,126,18,45,48,0.000219793394209443,50,6,42,1,2,5.445,1.93217920819949e-07,0,82023,0,0,0,0,0,0,0,0,0,0,1.6597510373444e-06,0,0,NA,NA,1,0,0,-0.0113912133891213,0,0,NA,NA,NA,NA,-4.242175805183e-08,NA,NA,NA,NA,"priority",1
102200,114,1,1,9,1.05293083297358e-05,1,1,1,0,1,2.7225,1.14606177417512e-10,0,82243,0,0,0,0,0,0,0,0,0,0,4.149377593361e-07,0,0,NA,NA,1,0,0,-0.0113912133891213,0,0,NA,NA,NA,NA,-4.25862638006111e-08,NA,NA,NA,NA,"priority",1
102168,30,116,239,240,0.00204860560683844,1117,34,234,15.8113883008419,19,69,3.81947933879149e-05,116,82007,0.00204860560683844,13.8924439894498,19,69,14.0356688476182,52,23,24,0.000789473684210526,205,2.36514522821577e-05,0,0,0.0628291165375578,9.0187087006286,0.922413793103448,0.0323275862068966,0.0452586206896552,0.277311715481172,0.058127380708995,0.0587266478979841,8.75037186965905,2.92919198996933,8.44446428692276,2.79523561259624,8.52940547187736e-06,0.613889632193204,0.358102285446035,0.441769143554858,0.257698667073667,"priority",1
102049,78,2,12,12,2.46469326892268e-05,3,1,1,1,2,5.445,6.50285319326349e-09,0,82105,0,0,0,0,0,0,0,0,0,0,8.29875518672199e-07,0,0,NA,NA,1,0,0,-0.0113912133891213,0,0,NA,NA,NA,NA,-4.2212899831617e-08,NA,NA,NA,NA,"priority",1
102171,210,57,69,180,0.00085667348645952,412,23,66,5.3851648071345,7,5.445,4.99801816989755e-06,0,81703,0,0,0,0,0,0,0,0,0,29,8.71369294605809e-06,0,0,0.143398798149229,61.0113916745622,1,0,0,-0.0113912133891213,0,0,NA,NA,NA,NA,-4.2523938638637e-08,NA,NA,NA,NA,"priority",1
102132,126,10,187,192,0.000163853842372604,17,3,180,0,1,2.7225,5.45449981174025e-07,0,82200,0,0,0,0,0,0,0,0,0,0,8.29875518672199e-07,0,0,NA,NA,1,0,0,-0.0113912133891213,0,0,NA,NA,NA,NA,-4.23740699845055e-08,NA,NA,NA,NA,"priority",1
102163,162,35,24,180,0.000685080097281374,359,12,102,11.7046999107196,10,19,3.4889193758314e-06,0,82110,0,0,0,0,0,0,0,0,0,46,1.28630705394191e-05,0,0,0.081657564017172,73.3795598812499,1,0,0,-0.0113912133891213,1.90428653838261e-18,1.89932875389962e-18,NA,NA,NA,NA,-4.22312206630271e-08,NA,NA,NA,NA,"priority",1
102098,90,34,20,240,0.000610940726530712,209,15,24,13.6014705087354,8,31.5,3.6290797136032e-06,3,81987,7.31823337846244e-05,1.4142135623731,2,5.445,3,3,1,2,0,53.5,5.80912863070539e-06,0,0,0.327708575757915,127.752774053219,1,0,0,0.0113912133891213,0.00591721155804642,0.0125523012552301,2.61803398874989,0.540181513475453,NA,NA,2.22272632718233e-07,NA,NA,NA,NA,"priority",1
102157,186,25,24,144,0.000451203004768118,240,11,19,3,5,5.445,1.06696530042237e-06,0,82099,0,0,0,0,0,0,0,0,0,7.5,4.9792531120332e-06,0,0,0.668753988111317,760.940262068499,1,0,0,-0.0113912133891213,0,0,NA,NA,NA,NA,-1.26372233964543e-07,NA,NA,NA,NA,"priority",1
102147,90,283,239,240,0.0046486592288119,4032,89,234,50.2195181179589,49,729,0.000159401033535924,283,81744,0.0046486592288119,48.2700735445887,43,710,37.6430604494374,97,57,46,0.00315789473684211,767.5,7.96680497925311e-05,0,0,0.0870147659404787,10.2637073834752,0.587606837606838,0.126068376068376,0.286324786324786,2.95932008368201,0.201966834914597,0.157502344976726,16.7665318064733,10.3747952208929,17.5077236206957,9.99404999452886,1.93223330960209e-05,0.758425730009581,0.140531826442952,0.590927422622709,0.109495375368326,"priority",1
101981,54,13,9,36,0.00023058742145616,44,6,6,2.23606797749979,5,5.445,1.4493904067984e-07,0,81928,0,0,0,0,0,0,0,0,0,1.5,2.0746887966805e-06,0,0,NA,NA,1,0,0,-0.0113912133891213,0,0,NA,NA,NA,NA,-4.21100876441464e-08,NA,NA,NA,NA,"priority",1
102118,234,30,60,180,0.000450906077482725,149,8,44,7.07106781186548,5,5.445,1.19391954176579e-06,0,82185,0,0,0,0,0,0,0,0,0,16,5.39419087136929e-06,0,0,0.0522486104473941,57.5536624793223,1,0,0,-0.0113912133891213,0,0,NA,NA,NA,NA,-4.14050094347524e-08,NA,NA,NA,NA,"priority",1
102250,42,7,20,24,0.000109541023113156,20,4,8,1,2,5.445,1.189610080765e-07,0,82152,0,0,0,0,0,0,0,0,0,0.5,1.2448132780083e-06,0,0,NA,NA,1,0,0,-0.0113912133891213,0,0,NA,NA,NA,NA,-4.32085549482113e-08,NA,NA,NA,NA,"priority",1
102102,54,40,81,118,0.000804220941425908,315,11,70,9.21954445729289,9,28.5,2.49593490457823e-06,0,81823,0,0,0,0,0,0,0,0,0,39,8.29875518672199e-06,0,0,0.100009005987052,81.2483727309835,1,0,0,-0.0113912133891213,0,0,NA,NA,NA,NA,-8.42227182191676e-08,NA,NA,NA,NA,"priority",1
102103,114,101,48,240,0.00179001972674801,1588,31,54,30.0832179129826,19,160.5,3.49575744124937e-05,44,81808,0.00106346567572854,17,9,56,14.2126704035519,43,10,11,0.000368421052631579,297,3.3195020746888e-05,0,0,0.1568938483459,36.0702840597542,0.983333333333333,0.0037037037037037,0.012962962962963,0.222918410041841,0.0711297071129707,0.0594672401822255,10.1612294087613,3.65025459287117,10.2263982742187,3.40274045391798,4.36514721072147e-06,0.604325789846152,0.253426944129031,0.3600832927756,0.151002671163961,"priority",1
102273,114,1,1,3,1.01896289956083e-05,1,1,1,0,1,2.7225,4.64906328742897e-08,0,82001,0,0,0,0,0,0,0,0,0,0,4.149377593361e-07,0,0,NA,NA,1,0,0,-0.0113912133891213,0,0,NA,NA,NA,NA,-4.19273745757264e-08,NA,NA,NA,NA,"priority",1
102230,126,75,84,240,0.00135506317524263,393,31,81,10.770329614269,10,16,4.69451260092878e-06,1,82251,3.6473720684247e-05,5.65685424949238,2,5.445,2.82842712474619,2,1,2,5.26315789473684e-05,54,1.2448132780083e-05,0,0,0.157943091542051,102.096816822252,0.977678571428571,0.0223214285714286,0,0.0113912133891213,0.0236688462321857,0.0118344231160928,2.82842712474619,0,NA,NA,2.65002886142963e-08,NA,NA,NA,NA,"priority",1
102185,42,35,216,240,0.000575085345112386,189,11,234,3.60555127546399,7,5.445,9.49401434259209e-06,33,82274,0.000486180324282276,3.60555127546399,5,3,5.3851648071345,7,5,4,0.000421052631578947,9,4.9792531120332e-06,0,0,0.0541961606493792,6.67274433963469,0.903571428571429,0.0178571428571429,0.0785714285714286,0.00116108786610879,0.0150859886002677,0.0225320703227385,3.78824843569172,1.09494218384914,2.95356578712647,0.587844729835156,1.99265526512245e-06,0.84375,0.84375,0.7125,0.7125,"priority",1
102153,186,48,23,60,0.000829298632876813,238,18,37,5.3851648071345,14,13,1.09094800270159e-06,0,81921,0,0,0,0,0,0,0,0,0,15,7.05394190871369e-06,0,0,0.142250617101798,224.477080025732,1,0,0,-0.0113912133891213,0,0,NA,NA,NA,NA,-8.41532666615051e-08,NA,NA,NA,NA,"priority",1
102216,126,229,192,240,0.00414027953011502,3758,83,186,29.2745623366089,39,359.5,9.77227646454433e-05,83,82019,0.00143869103500408,25.0798724079689,20,359.5,23.8537208837531,35,19,14,0.000736842105263158,485.5,7.42738589211618e-05,0,0,0.109301643690161,19.9931738923797,0.790760869565217,0.0842391304347826,0.125,1.49279288702929,0.104936704635853,0.0998063635303478,15.0831170187209,5.1812838770834,15.3364835584815,4.65506396392437,5.93433891121536e-06,0.649248233295548,0.119461674926381,0.498050379572119,0.0916412698412698,"priority",1
102020,90,18,35,240,0.000250840887064592,51,6,31,2.23606797749979,3,5.445,4.42602654440684e-07,4,81914,0.00010987132846644,0,1,2.7225,1,5,2,1,0,0.5,1.2448132780083e-06,0,0,NA,NA,1,0,0,0,0,0.00418410041841004,NA,NA,1,0,4.17726816022521e-07,NA,NA,NA,NA,"priority",1
102196,78,52,48,240,0.000967106149081249,525,18,56,11.7046999107196,10,16.5,8.14300316286949e-06,2,81642,3.67457926067465e-05,4.24264068711928,2,5.445,8.06225774829855,1,2,1,0.000157894736842105,108,1.16182572614108e-05,0,0,0.0940830468847178,32.7178087122506,0.953810623556582,0.0069284064665127,0.0392609699769053,0.0113912133891213,0.0177516346741393,0.0337332960179856,NA,NA,7.2326909928657,1.17318455642698,6.97477164510691e-08,NA,NA,NA,NA,"priority",1
102025,186,47,72,204,0.00102756064442732,479,23,68,7.21110255092798,13,22.5,7.11234606230704e-06,0,82057,0,0,0,0,0,0,0,0,0,37.5,1.20331950207469e-05,0,0,0.0961975072879396,39.7077775997395,1,0,0,-0.0113912133891213,-9.47396171568039e-19,0,NA,NA,NA,NA,-1.27577002289157e-07,NA,NA,NA,NA,"priority",1
102094,222,34,216,240,0.000779888622156148,204,14,215,6.70820393249937,7,6.5,1.25824247773552e-05,14,82116,0.000194846314969068,3.60555127546399,2,5.445,2.82842712474619,2,2,1,0.000368421052631579,10.5,5.39419087136929e-06,0,0,0.188630693754807,19.719551170703,0.857142857142857,0.0571428571428571,0.0857142857142857,0.0113912133891213,0.0150859886002677,0.0118344231160928,NA,NA,1.9142135623731,1.29289321881345,6.89813818782123e-07,NA,NA,NA,NA,"priority",1
102255,174,21,225,240,0.000451109485491344,170,11,222,4.12310562561766,4,5.445,1.05473755097985e-05,21,82020,0.000451109485491344,4.12310562561766,4,1,5,16,6,5,0.000263157894736842,4,2.9045643153527e-06,0,0,0.151761857556248,10.1629438080621,0.922779922779923,0.0193050193050193,0.0579150579150579,-0.0072071129707113,0.0172514879732957,0.0209205020920502,2.86011261594915,1.23478531741781,3.35483170074866,1.30158561438817,1.84531618227603e-06,0.583116883116883,0.583116883116883,0.414069264069264,0.414069264069264,"priority",1
102138,210,20,12,12,0.000407774908250646,52,9,8,2,3,5.445,1.63131001273376e-07,0,81913,0,0,0,0,0,0,0,0,0,0,1.2448132780083e-06,0,0,NA,NA,1,0,0,-0.0113912133891213,0,0,NA,NA,NA,NA,-1.26426965354587e-07,NA,NA,NA,NA,"priority",1
102147,198,22,153,168,0.000373959590995053,159,10,91,13.3416640641263,4,6.5,1.79058392491186e-06,0,81999,0,0,0,0,0,0,0,0,0,22,4.149377593361e-06,0,0,0.212698049509307,120.375065227425,1,0,0,-0.0113912133891213,0,0,NA,NA,NA,NA,-4.21325615097478e-08,NA,NA,NA,NA,"priority",1
102259,150,1,1,2,1.01497081958894e-05,1,1,1,0,1,2.7225,6.50844788801745e-09,0,82072,0,0,0,0,0,0,0,0,0,0,4.149377593361e-07,0,0,NA,NA,1,0,0,-0.0113912133891213,0,0,NA,NA,NA,NA,-4.21219576415697e-08,NA,NA,NA,NA,"priority",1
102282,150,78,36,240,0.00130752498961312,385,23,30,7.21110255092798,17,19.5,3.27399793572971e-06,2,82155,4.86884547501674e-05,0,1,2.7225,4.12310562561766,2,1,1,0,29,9.54356846473029e-06,0,0,0.192139932658416,136.542904966037,1,0,0,0,0,0.0172514879732957,NA,NA,NA,NA,1.19244711308331e-07,NA,NA,NA,NA,"priority",1
102128,126,1,1,4,1.03726907797152e-05,1,1,1,0,1,2.7225,1.52939320146775e-08,0,81718,0,0,0,0,0,0,0,0,0,0,4.149377593361e-07,0,0,NA,NA,1,0,0,-0.0113912133891213,0,0,NA,NA,NA,NA,-4.23509091300259e-08,NA,NA,NA,NA,"priority",1
102300,210,60,47,240,0.00098595320982545,418,31,42,8.60232526704263,7,9,3.27771834383559e-06,2,81894,3.66327203458129e-05,2.23606797749979,2,5.445,2.23606797749979,1,1,1,0.000105263157894737,29,9.12863070539419e-06,0,0,0.051282368224475,34.8346834401253,0.971875,0.021875,0.00625,0.0113912133891213,0.00935593296025017,0.00935593296025017,NA,NA,NA,NA,1.11195808227099e-07,NA,NA,NA,NA,"priority",1
102089,90,56,216,240,0.00106362169299232,559,26,236,15.2643375224737,9,23.5,1.60879503007701e-05,39,81723,0.000844315553760875,15.2643375224737,7,23.5,9.4339811320566,30,10,11,0.000315789473684211,65,1.28630705394191e-05,0,0,0.0942352683081229,17.5538191774197,0.865079365079365,0.0515873015873016,0.0833333333333333,0.0869351464435146,0.0638675210145345,0.0394727244019105,6.80812609911854,1.58567364875346,7.20268970592673,1.34216284826524,3.49041392831907e-06,0.757102007469655,0.395009743027646,0.472210550887021,0.246370722201924,"priority",1
102168,186,9,12,12,0.000148399144231602,14,3,5,1,2,5.445,3.23225181889403e-09,0,81907,0,0,0,0,0,0,0,0,0,0,8.29875518672199e-07,0,0,NA,NA,1,0,0,-0.0113912133891213,0,0,NA,NA,NA,NA,-8.39641278377356e-08,NA,NA,NA,NA,"priority",1
102207,198,13,10,12,0.000209390550327635,23,6,9,0,1,2.7225,1.43936539237875e-07,0,81834,0,0,0,0,0,0,0,0,0,0,4.149377593361e-07,0,0,NA,NA,1,0,0,-0.0113912133891213,0,0,NA,NA,NA,NA,-4.21848103887689e-08,NA,NA,NA,NA,"priority",1
102136,222,129,132,240,0.00222904333844917,1758,45,126,31.1448230047949,22,197,3.76083641389176e-05,39,82108,0.000523700492034881,26.1725046566048,4,28,19.723082923316,4,5,3,0.000684210526315789,243,3.3195020746888e-05,0,0,0.156563714457652,33.7200897056329,0.494845360824742,0.123711340206186,0.381443298969072,0.10576359832636,0.109508387684539,0.0825233595117825,19.2468820000006,0.579913715200426,17.0193500011633,4.9170272444211,1.93737206870193e-06,0.861111111111111,0.322916666666667,0.76969696969697,0.288636363636364,"priority",1
102159,138,57,24,120,0.000938784759315011,398,19,20,16.6433169770932,8,29,3.51378635875863e-06,0,81962,0,0,0,0,0,0,0,0,0,178.5,9.54356846473029e-06,0,0,0.226875537565505,150.262548545251,1,0,0,-0.0113912133891213,1.88995413768158e-18,0,NA,NA,NA,NA,-8.42778527874081e-08,NA,NA,NA,NA,"priority",1
102128,174,37,12,168,0.000607289768886139,274,14,6,9.4339811320566,8,8.5,2.97364237978362e-06,0,82091,0,0,0,0,0,0,0,0,0,26,9.12863070539419e-06,0,0,0.083485670616365,62.3967774532156,1,0,0,-0.0113912133891213,0,0,NA,NA,NA,NA,-2.55887414996333e-07,NA,NA,NA,NA,"priority",1
102163,78,66,178,240,0.00112237044638276,1100,28,174,21.0237960416286,11,25.5,3.43820753887441e-05,15,82079,0.00024366768600982,21.0237960416286,3,5.5,21.0237960416286,5,3,1,5.26315789473684e-05,108,2.36514522821577e-05,0,0,0.163091199392155,27.3587127294052,0.967289719626168,0.014018691588785,0.0186915887850467,0.0116213389121339,0.0879656738143458,0.0879656738143458,NA,NA,8.20978243903088,11.2427402556348,8.50338784398338e-07,0.71969696969697,0.269886363636364,0.643939393939394,0.241477272727273,"priority",1
102217,198,1,1,4,1.03705393717527e-05,1,1,1,0,1,2.7225,5.24021722818379e-08,0,81922,0,0,0,0,0,0,0,0,0,0,4.149377593361e-07,0,0,NA,NA,1,0,0,-0.0113912133891213,0,0,NA,NA,NA,NA,-4.23423374596223e-08,NA,NA,NA,NA,"priority",1
102216,138,116,143,240,0.0018323019051086,1654,38,138,27.0739727413618,22,228.5,5.84762437819605e-05,88,81732,0.00150491851416826,27.0739727413618,20,228.5,28.3019433961698,35,17,21,0.000894736842105263,423,3.02904564315353e-05,0,0,0.0798994308864429,9.95826330018485,0.851985559566787,0.0234657039711191,0.124548736462094,0.944675732217573,0.113280220675154,0.118418173205731,23.8743281684314,3.61486890928917,23.2691267436003,4.48129159697944,6.25465566704677e-06,0.624958028083028,0.131570111175374,0.465964937839938,0.0980978816505132,"priority",1
102296,210,62,36,240,0.00128080019516955,464,28,33,7,9,9.5,1.05240228312205e-05,40,82095,0.000730860588342774,3.16227766016838,5,1.5,5.09901951359278,20,5,6,5.26315789473684e-05,28,9.95850622406639e-06,0,0,0.263754771563053,55.2835046336529,0.992,0.006,0.002,-0.00511506276150627,0.0132312872810392,0.0213348096803045,3.58458473749941,1.08669347638766,3.28169778228074,0.887735648837586,3.015583085351e-06,0.669642857142857,0.669642857142857,0.435137085137085,0.435137085137085,"priority",1
102140,210,71,118,240,0.00126523759702183,455,23,118,17.0293863659264,11,34,7.30316698889559e-06,2,82050,7.31261425959781e-05,0,1,2.7225,3,4,1,1,0,82,1.12033195020747e-05,0,0,0.107410328095285,40.1739245763807,1,0,0,0,0,0.0125523012552301,NA,NA,NA,NA,1.79428002132995e-07,NA,NA,NA,NA,"priority",1
102176,54,18,12,24,0.000356633380884451,39,9,9,2.23606797749979,2,5.445,9.93186197291757e-08,0,82348,1.21435857580026e-05,0,1,2.7225,2,1,0,1,0,0,8.29875518672199e-07,0,0,NA,NA,1,0,0,0,0,0.00836820083682008,NA,NA,NA,NA,8.3180009128553e-09,NA,NA,NA,NA,"priority",1
102292,222,1,1,205,1.31856540084388e-05,2,1,1,0,1,2.7225,3.84358464396728e-08,0,82197,0,0,0,0,0,0,0,0,0,0,8.29875518672199e-07,0,0,NA,NA,1,0,0,-0.0113912133891213,0,0,NA,NA,NA,NA,-4.23333409392236e-08,NA,NA,NA,NA,"priority",1
102348,66,51,167,240,0.00104159512853971,473,18,166,10.4403065089106,9,6.5,1.35977598858155e-05,47,81810,0.000818970785967486,10.4403065089106,4,6,5.8309518948453,20,7,7,0.000210526315789474,33.5,1.03734439834025e-05,0,0,0.0530688748586984,9.20908284947272,0.968181818181818,0.00681818181818182,0.025,0.0137133891213389,0.0436832908322617,0.024397288262951,4.85617565071624,0.808589960541901,4.47493647433382,0.896716682750414,3.38435220039027e-06,0.836458333333333,0.743518518518518,0.609866542770955,0.542103593574182,"priority",1
102126,222,7,11,24,0.000207849793882288,30,5,11,2,3,5.445,2.83913662822574e-07,0,81956,0,0,0,0,0,0,0,0,0,1,1.6597510373444e-06,0,0,NA,NA,1,0,0,-0.0113912133891213,0,0,NA,NA,NA,NA,-4.1851048435725e-08,NA,NA,NA,NA,"priority",1
102162,210,2,7,12,2.4791749305831e-05,2,1,1,0,1,2.7225,4.90803389655267e-08,0,82019,0,0,0,0,0,0,0,0,0,0,4.149377593361e-07,0,0,NA,NA,1,0,0,-0.0113912133891213,0,0,NA,NA,NA,NA,-4.14501294632619e-08,NA,NA,NA,NA,"priority",1
102272,162,51,58,156,0.000936830835117773,632,23,102,8.94427190999916,11,18.5,9.07378784409245e-06,0,82055,0,0,0,0,0,0,0,0,0,57,1.45228215767635e-05,0,0,0.279134020539009,108.967261787912,1,0,0,-0.0113912133891213,-4.64884541959998e-18,0,NA,NA,NA,NA,-4.20978007687898e-08,NA,NA,NA,NA,"priority",1
102110,222,117,60,240,0.00194262535431532,2101,36,54,23.3452350598575,22,180,4.7834727560475e-05,84,82112,0.00160756040530008,23.3452350598575,18,180,22.2036033111745,48,21,17,0.00110526315789474,349,4.68879668049793e-05,0,0,0.0728021019357411,16.9073500790129,0.713836477987421,0.0660377358490566,0.220125786163522,0.741746861924686,0.0976788077818306,0.0929021059044959,12.467284875106,5.1758799573732,12.4409759624041,4.64577474249751,6.68370175156202e-06,0.776984126984127,0.201440329218107,0.531684981684982,0.137844254510921,"priority",1
102085,102,61,216,240,0.00116257725019886,1002,19,164,11.6619037896906,12,23,2.29847543070586e-05,2,81760,2.44618395303327e-05,0,1,2.7225,1.4142135623731,0,1,0,0.000578947368421053,89,2.36514522821577e-05,0,0,0.0660459973586896,16.6103404118732,0.79874213836478,0.0125786163522013,0.188679245283019,1.89235520865056e-18,1.92864649475886e-18,0.00591721155804642,NA,NA,NA,NA,1.82643287526467e-08,NA,NA,NA,NA,"priority",1
101957,90,20,34,216,0.000354644621630876,104,9,24,2.82842712474619,5,5.445,1.44571035905154e-06,0,81873,0,0,0,0,0,0,0,0,0,4,3.3195020746888e-06,0,0,0.121516808042026,68.0626191572942,1,0,0,-0.0113912133891213,0,0,NA,NA,NA,NA,-4.20698642455965e-08,NA,NA,NA,NA,"priority",1
101929,78,49,34,60,0.000918352353430964,271,25,30,6.32455532033676,8,7.5,1.51374170474769e-06,0,81958,0,0,0,0,0,0,0,0,0,11.5,6.22406639004149e-06,0,0,0.0566004620967503,56.7241326703075,1,0,0,-0.0113912133891213,0,0,NA,NA,NA,NA,-4.22815782292492e-08,NA,NA,NA,NA,"priority",1
102261,186,49,202,240,0.000719196450338876,383,19,174,8.24621125123532,9,14,1.10544665049301e-05,28,81815,0.000611134877467457,2.23606797749979,5,1.5,6.32455532033676,22,6,6,0.000105263157894737,30.5,8.71369294605809e-06,0,0,0.191996750552944,33.3710297129545,0.991596638655462,0,0.00840336134453781,-0.00511506276150627,0.00935593296025017,0.0264625745620785,5.73229402781396,0.411055001704173,5.5280380600233,0.359102002668543,2.51459996315607e-06,0.728144224196856,0.728144224196856,0.442669172932331,0.442669172932331,"priority",1
102213,198,1,1,3,1.0289759631215e-05,1,1,1,0,1,2.7225,1.31038307362617e-08,0,81828,0,0,0,0,0,0,0,0,0,0,8.29875518672199e-07,0,0,NA,NA,1,0,0,-0.0113912133891213,0,0,NA,NA,NA,NA,-4.23029524245768e-08,NA,NA,NA,NA,"priority",1
102067,66,60,23,240,0.00092503768672057,301,15,20,4.47213595499958,10,10.5,4.1642003490108e-06,1,81455,6.13835860290958e-05,0,1,2.7225,3.16227766016838,4,1,1,0,18,7.46887966804979e-06,0,0,0.0323938676717568,14.1089853844468,1,0,0,0,0,0.0132312872810392,NA,NA,NA,NA,1.72479075076486e-07,NA,NA,NA,NA,"priority",1
102078,102,18,23,36,0.000330732388500312,72,8,7,2.23606797749979,5,5.445,4.35231927509279e-07,0,81702,0,0,0,0,0,0,0,0,0,2.5,2.4896265560166e-06,0,0,1.05757672098911,1474.35050743286,1,0,0,-0.0113912133891213,0,0,NA,NA,NA,NA,-8.4931348504705e-08,NA,NA,NA,NA,"priority",1
102122,126,2,6,12,6.49280380911157e-05,10,2,2,0,1,2.7225,1.9378827810618e-09,0,82267,0,0,0,0,0,0,0,0,0,0,4.149377593361e-07,0,0,NA,NA,1,0,0,-0.0113912133891213,0,0,NA,NA,NA,NA,-4.20183215008339e-08,NA,NA,NA,NA,"priority",1
102213,186,15,11,24,0.00023308021639658,30,4,7,1,2,5.445,1.83251088419668e-07,0,82192,0,0,0,0,0,0,0,0,0,0,8.29875518672199e-07,0,0,NA,NA,1,0,0,-0.0113912133891213,0,0,NA,NA,NA,NA,-4.25178889766081e-08,NA,NA,NA,NA,"priority",1
102168,222,26,178,192,0.000439233293883676,191,10,95,4.12310562561766,7,5.445,5.53908182359789e-06,0,82130,0,0,0,0,0,0,0,0,0,7,4.5643153526971e-06,0,0,0.433045093325613,87.135352774027,1,0,0,-0.0113912133891213,0,0,NA,NA,NA,NA,-4.23564825770634e-08,NA,NA,NA,NA,"priority",1
102032,54,25,96,228,0.000427397394097031,140,9,94,2.82842712474619,5,5.445,2.60708202628628e-06,0,81896,0,0,0,0,0,0,0,0,5.26315789473684e-05,11,5.80912863070539e-06,0,0,0.0678449064174671,36.970973212889,0.982142857142857,0.0148809523809524,0.00297619047619048,-0.0113912133891213,0,0,NA,NA,NA,NA,-8.4785062025148e-08,NA,NA,NA,NA,"priority",1
102187,174,1,1,17,1.37872082282059e-05,1,1,1,0,1,2.7225,1.2310902966711e-08,0,81660,0,0,0,0,0,0,0,0,0,0,4.149377593361e-07,0,0,NA,NA,1,0,0,-0.0113912133891213,0,0,NA,NA,NA,NA,-4.21916165173597e-08,NA,NA,NA,NA,"priority",1
102154,54,23,202,226,0.000478868397141524,216,11,199,4.12310562561766,6,5.445,4.12395546631226e-06,0,81809,0,0,0,0,0,0,0,0,5.26315789473684e-05,18.5,7.05394190871369e-06,0,0,0.169693761159308,70.7023011342486,1,0,0,-0.0113912133891213,0,0,NA,NA,NA,NA,-4.20174775899784e-08,NA,NA,NA,NA,"priority",1
102369,90,50,192,192,0.000975931099264392,469,22,174,18.3575597506858,12,9,8.01010167570855e-06,0,81761,0,0,0,0,0,0,0,0,0,74,1.07883817427386e-05,0,0,0.198303573166021,65.0821744269839,1,0,0,-0.0113912133891213,0,1.87739833968961e-18,NA,NA,NA,NA,-4.1860678703091e-08,NA,NA,NA,NA,"priority",1
102125,186,20,11,240,0.000416021448216886,122,10,8,3,5,5.445,2.45051995368519e-06,13,81829,0.000207750308570311,3,4,0,3.16227766016838,4,5,3,5.26315789473684e-05,6,3.7344398340249e-06,0,0,0.06701651688577,24.5526561999581,0.979166666666667,0.00520833333333333,0.015625,-0.0113912133891213,0.0125523012552301,0.0132312872810392,1.85883040751382,1.14766034790481,2.19496737204193,0.988760736775681,8.27475655725308e-07,NA,NA,NA,NA,"priority",1
102186,66,0,1,-Inf,0,1,1,1,0,0,0,2.67564541720883e-14,0,82028,0,0,0,0,0,0,0,0,0,0,4.149377593361e-07,0,0,NA,NA,1,0,0,0,0,0,NA,NA,NA,NA,0,NA,NA,NA,NA,"priority",1
102200,150,50,45,240,0.00090162063455832,352,19,225,7.28010988928052,13,15.5,5.55330564743901e-06,11,81945,0.000146439685154677,1,2,5.445,2.23606797749979,1,3,1,0.000368421052631579,19,7.88381742738589e-06,0,0,0.175206264269308,59.9353753458284,0.946488294314381,0.0100334448160535,0.0434782608695652,0.0113912133891213,0.00418410041841004,0.00935593296025016,NA,NA,2.23606797749979,0,5.70585786417771e-07,NA,NA,NA,NA,"priority",1
102182,138,1,1,6,1.04190543666257e-05,1,1,1,0,1,2.7225,1.17295669535546e-18,0,81934,0,0,0,0,0,0,0,0,0,0,4.149377593361e-07,0,0,NA,NA,1,0,0,-0.0113912133891213,0,0,NA,NA,NA,NA,-4.21954459299117e-08,NA,NA,NA,NA,"priority",1
102265,138,211,154,240,0.00330241108071135,2422,73,150,24.1660919471891,26,226,7.8842965911094e-05,77,81915,0.00131843984618202,14.0356688476182,11,54,15.52417469626,31,12,13,0.000526315789473684,335,4.31535269709544e-05,0,0,0.127498782452543,17.0295850289525,0.802631578947368,0.0460526315789474,0.151315789473684,0.214550209205021,0.0587266478979841,0.0649547058420921,6.54262037204895,2.96540529374781,5.68236187872111,1.06724631863691,5.47456363862429e-06,0.674542124542125,0.306610056610057,0.468055555555556,0.212752525252525,"priority",1
102236,174,63,84,240,0.00108623567884013,489,19,71,8.54400374531753,10,19.5,5.21953829583545e-06,10,81914,0.000207534731547721,0,1,2.7225,3,7,2,2,0,34.5,9.12863070539419e-06,0,0,0.0567891832163382,24.2173754441253,1,0,0,1.82693598966475e-18,0,0.0125523012552301,3,0,3,0,7.0061480871406e-07,NA,NA,NA,NA,"priority",1
102041,138,3,20,24,6.00847194544307e-05,6,3,19,0,1,2.7225,1.57726900778138e-08,0,82030,0,0,0,0,0,0,0,0,0,0,4.149377593361e-07,0,0,NA,NA,1,0,0,-0.0113912133891213,0,0,NA,NA,NA,NA,-4.23955378187699e-08,NA,NA,NA,NA,"priority",1
102269,30,6,186,192,0.00017025416514654,29,3,166,2.23606797749979,4,5.445,4.53251812781992e-07,0,82228,0,0,0,0,0,0,0,0,0,1,1.6597510373444e-06,0,0,NA,NA,1,0,0,-0.0113912133891213,0,0,NA,NA,NA,NA,-4.24424131788446e-08,NA,NA,NA,NA,"priority",1
102157,54,60,46,240,0.000888716715849921,540,18,36,10.6301458127346,8,9,9.21448396561471e-06,19,81593,0.000355422646550562,0,1,2.7225,9.4339811320566,10,2,2,0.000315789473684211,41,1.03734439834025e-05,0,0,0.0740156301580235,17.352342395056,0.977690288713911,0.00918635170603675,0.0131233595800525,0,0,0.0394727244019105,9.4339811320566,0,9.4339811320566,0,1.44482237478114e-06,NA,NA,NA,NA,"priority",1
101939,198,15,24,54,0.000256422780111361,75,6,20,3.60555127546399,4,5.445,2.82661187759494e-07,0,82017,0,0,0,0,0,0,0,0,0,3.5,2.9045643153527e-06,0,0,0.385087073787464,964.50300902771,1,0,0,-0.0113912133891213,9.27384716053404e-19,0,NA,NA,NA,NA,-1.68923177666261e-07,NA,NA,NA,NA,"priority",1
102296,78,57,47,240,0.000807074978402219,564,16,42,10.6301458127346,7,11,1.65594746746848e-05,17,82017,0.000329200043893339,10.6301458127346,4,11,11,10,5,4,0.000157894736842105,72,1.41078838174274e-05,0,0,0.103735659512525,19.8054448687959,0.939947780678851,0.010443864229765,0.0496083550913838,0.0232426778242678,0.0402934971244128,0.0418410041841004,10.3244475673568,0.455752021607481,9.60119884038534,1.66469998324891,1.29268793053066e-06,0.69006734006734,0.591486291486292,0.506902356902357,0.434487734487734,"priority",1
102286,102,2,11,12,2.47353319481547e-05,3,1,1,1,2,5.445,2.57871527144078e-09,0,81878,0,0,0,0,0,0,0,0,0,0,8.29875518672199e-07,0,0,NA,NA,1,0,0,-0.0113912133891213,0,0,NA,NA,NA,NA,-4.17424919032088e-08,NA,NA,NA,NA,"priority",1
102291,234,48,228,240,0.000865853658536585,336,17,222,8.24621125123532,9,11,2.56032371051917e-05,25,82295,0.000486056261012212,8.24621125123532,8,11,4.12310562561766,15,7,8,0.000789473684210526,14,6.63900414937759e-06,0,0,0.023101476417935,1.44948553363679,0.589041095890411,0.102739726027397,0.308219178082192,0.0346338912133891,0.0345029759465913,0.0172514879732957,3.40510161866026,0.680573679519023,3.23920481548125,0.652286381832063,1.95037536131914e-06,0.602136752136752,0.602136752136752,0.406410256410256,0.406410256410256,"priority",1
102188,174,5,11,24,7.36377025036819e-05,15,2,4,0,1,2.7225,1.47801240349794e-08,0,81919,0,0,0,0,0,0,0,0,0,0,4.149377593361e-07,0,0,NA,NA,1,0,0,-0.0113912133891213,0,0,NA,NA,NA,NA,-4.15212902491817e-08,NA,NA,NA,NA,"priority",1
102063,150,37,191,240,0.000611037786576722,238,12,187,5.8309518948453,6,5.5,1.16606257605848e-05,3,82183,6.08398330554981e-05,1.4142135623731,3,0.5,7.81024967590665,2,2,2,0.000157894736842105,13,6.22406639004149e-06,0,0,0.375833680203674,48.8815490469836,0.97,0.01,0.02,-0.00929916317991632,0.00591721155804642,0.0326788689368479,7.81024967590665,0,7.44065874388606,0.52268050859363,2.11783006783587e-07,0.703703703703704,0.703703703703704,0.5,0.5,"priority",1
102341,210,55,82,240,0.000842367418693232,496,20,60,11.0453610171873,10,8.5,5.34923381150766e-06,17,82084,0.000328931338628722,1.4142135623731,3,0.5,4.12310562561766,10,3,3,0,30.5,1.16182572614108e-05,0,0,0.113893425633599,58.8939331666722,1,0,0,-0.00929916317991632,0.00591721155804642,0.0172514879732957,3.76179442859535,0.522832684023784,3.76179442859535,0.522832684023784,1.24905646469371e-06,0.492708333333333,0.492708333333333,0.329017857142857,0.329017857142857,"priority",1
102255,78,36,108,216,0.00066156202143951,308,20,106,12.8062484748657,6,12,6.80919886183017e-06,0,81866,0,0,0,0,0,0,0,0,0,85,8.71369294605809e-06,0,0,0.18348683201688,57.3285411056267,1,0,0,-0.0113912133891213,0,0,NA,NA,NA,NA,-4.22397473995523e-08,NA,NA,NA,NA,"priority",1
102095,138,203,192,240,0.00377827613104524,3321,73,186,36.8917334913934,33,350,9.010765598282e-05,102,82025,0.00190185918927156,36.3593179253957,22,350,23.0217288664427,54,25,17,0.00152631578947368,441,6.30705394190871e-05,0,0,0.108784307171791,18.1167369396266,0.793991416309013,0.0622317596566524,0.143776824034335,1.45304393305439,0.152131037344752,0.0963252253826053,13.5807709734519,4.31975994727281,13.1664477782071,4.91221403999616,7.83104218755811e-06,0.700150430542587,0.150032235116269,0.512436534658757,0.109807828855448,"priority",1
102236,90,32,35,48,0.000523560209424084,122,11,31,3,5,5.445,3.65284985080839e-07,0,82093,0,0,0,0,0,0,0,0,0,2,2.0746887966805e-06,0,0,NA,NA,1,0,0,-0.0113912133891213,0,0,NA,NA,NA,NA,-8.4883965317091e-08,NA,NA,NA,NA,"priority",1
102046,114,3,237,240,7.47511853402247e-05,10,3,238,1,2,5.445,8.73601141769624e-07,2,82128,7.30566919929866e-05,1,2,5.445,1,4,2,1,0,0,8.29875518672199e-07,0,0,NA,NA,1,0,0,0.0113912133891213,0.00418410041841004,0.00418410041841004,NA,NA,0.5,0.707106781186548,2.63594823961203e-07,NA,NA,NA,NA,"priority",1
102374,210,51,70,240,0.000696947370517135,304,23,66,3,4,5.445,5.58010222186075e-06,5,81858,7.32976618045884e-05,1,2,5.445,3.16227766016838,1,1,1,0.000315789473684211,11.5,5.39419087136929e-06,0,0,0.664038072131378,156.627737727129,0.876,0.036,0.088,0.0113912133891213,0.00418410041841004,0.0132312872810392,NA,NA,NA,NA,1.79292926418489e-07,NA,NA,NA,NA,"priority",1
102218,114,1,1,1,1.00207429378814e-05,1,1,1,0,1,2.7225,1.60303762707754e-16,0,81956,0,0,0,0,0,0,0,0,0,0,4.149377593361e-07,0,0,NA,NA,1,0,0,-0.0113912133891213,0,0,NA,NA,NA,NA,-4.19277947191691e-08,NA,NA,NA,NA,"priority",1
102204,42,37,34,204,0.000576510403877566,255,19,29,3.60555127546399,6,5.445,5.33514920577563e-06,0,82164,0,0,0,0,0,0,0,0,0,11,5.80912863070539e-06,0,0,0.110153381228656,29.231183195623,1,0,0,-0.0113912133891213,0,0,NA,NA,NA,NA,-8.4827175233858e-08,NA,NA,NA,NA,"priority",1
102161,222,134,225,240,0.00265597777750704,2243,44,222,20.8086520466848,21,116.5,7.64089750173669e-05,128,82079,0.00265597777750704,19.6977156035922,18,44.5,12.0415945787923,90,25,22,0.00189473684210526,253,4.39834024896266e-05,0,0,0.15770922489984,21.2256410469233,0.725130890052356,0.049738219895288,0.225130890052356,0.174801255230126,0.0824172200987122,0.0503832409154489,8.74434863532218,1.92477670648856,8.67784162144724,2.05524349557977,1.10278410880785e-05,0.727364381220529,0.535952701951969,0.490262302933687,0.361245907424822,"priority",1
102245,54,16,24,48,0.000353602477655981,81,6,20,2.23606797749979,4,5.445,1.41144038786802e-07,0,81992,0,0,0,0,0,0,0,0,0,4,2.4896265560166e-06,0,0,0.509703076030922,2194.63555354239,1,0,0,-0.0113912133891213,0,0,NA,NA,NA,NA,-4.20428096705188e-08,NA,NA,NA,NA,"priority",1
102086,150,1,1,10,1.08075393394432e-05,1,1,1,0,1,2.7225,4.02111231993223e-13,0,82179,0,0,0,0,0,0,0,0,0,0,4.149377593361e-07,0,0,NA,NA,1,0,0,-0.0113912133891213,0,0,NA,NA,NA,NA,-4.20191654455897e-08,NA,NA,NA,NA,"priority",1
102257,210,67,36,216,0.00113447838391724,759,18,34,8.60232526704263,14,21.5,7.39188130953503e-06,0,82166,0,0,0,0,0,0,0,0,0,55,1.70124481327801e-05,0,0,0.0834056731560135,46.8661931796016,1,0,0,-0.0113912133891213,0,0,NA,NA,NA,NA,-2.53915267628808e-07,NA,NA,NA,NA,"priority",1
102047,210,94,47,240,0.00149113264969383,402,25,42,10.1980390271856,13,16,9.34140260870908e-06,15,81882,0.00021982853374368,1.4142135623731,2,5.445,3.16227766016838,3,3,1,0.000157894736842105,33.5,9.54356846473029e-06,0,0,0.110827829126389,27.5766831302614,0.946808510638298,0.0159574468085106,0.0372340425531915,0.0113912133891213,0.00591721155804642,0.0132312872810392,NA,NA,2.38742588672279,0.671041319971302,8.77973759679538e-07,NA,NA,NA,NA,"priority",1
102148,234,55,58,240,0.000923287358942209,669,22,54,11.6619037896906,8,15,1.26516898590971e-05,36,82208,0.000596049046321526,11.6619037896906,7,15,6.40312423743285,13,8,7,0.000157894736842105,72,1.61825726141079e-05,0,0,0.0790741217505454,23.1205319102329,0.943573667711599,0.0188087774294671,0.0376175548589342,0.0513702928870293,0.0487945765259021,0.0267913148009743,4.6900658281617,1.4732604257547,4.03826309904063,1.22704343521994,2.45200000890678e-06,0.620889355742297,0.388055847338936,0.493091418385536,0.30818213649096,"priority",1
102282,210,95,47,240,0.00159105373215747,866,34,42,10.816653826392,12,27,1.38761626166532e-05,16,81974,0.000231780808549052,6.08276253029822,3,3,6.08276253029822,3,3,2,0,69,1.74273858921162e-05,0,0,0.107353670277389,32.7852816186597,1,0,0,0.00116108786610879,0.0254508892481097,0.0254508892481097,0.5,0.707106781186548,2.36092084343274,3.26176013167236,9.27271968041397e-07,0.810185185185185,0.810185185185185,0.688492063492063,0.688492063492063,"priority",1
102189,198,52,84,108,0.000877684862374138,202,17,79,4.47213595499958,8,6,2.5844966125332e-06,0,82127,0,0,0,0,0,0,0,0,0,7,4.5643153526971e-06,0,0,0.371180492794988,160.001040464648,1,0,0,-0.0113912133891213,0,0,NA,NA,NA,NA,-4.19610126803663e-08,NA,NA,NA,NA,"priority",1
102145,114,50,47,240,0.000915292710608853,288,14,54,7,10,15,1.71236411501883e-06,1,81876,2.44271825687625e-05,0,1,2.7225,2.23606797749979,1,1,1,0,18,7.46887966804979e-06,0,0,0.253444591035157,269.651941549762,1,0,0,0,0,0.00935593296025017,NA,NA,NA,NA,5.95969697755795e-08,NA,NA,NA,NA,"priority",1
102129,138,94,72,204,0.00160584478468196,1271,36,150,20.2484567313166,17,81.5,2.21011100833845e-05,0,82048,0,0,0,0,0,0,0,0,0,152.5,2.4896265560166e-05,0,0,0.129667289556146,35.6302626892523,1,0,0,-0.0113912133891214,0,0,NA,NA,NA,NA,-4.2301241693728e-08,NA,NA,NA,NA,"priority",1
102129,210,77,156,240,0.00126240960902071,1241,22,105,18.4390889145858,12,58,2.77143887840716e-05,3,81715,4.89506210610047e-05,0,1,2.7225,21.0237960416286,1,1,1,0.000368421052631579,220.5,2.57261410788382e-05,0,0,0.187520189047635,42.4419482471226,0.958874458874459,0.0108225108225108,0.0303030303030303,1.72904442116321e-18,0,0.0879656738143458,NA,NA,NA,NA,1.20147632184334e-07,NA,NA,NA,NA,"priority",1
102148,54,12,12,24,0.00023446948194585,30,6,6,1.4142135623731,3,5.445,1.05088290815857e-07,0,81963,0,0,0,0,0,0,0,0,0,0,8.29875518672199e-07,0,0,NA,NA,1,0,0,-0.0113912133891213,0,0,NA,NA,NA,NA,-8.44147282090555e-08,NA,NA,NA,NA,"priority",1
102191,150,117,240,240,0.00214357050641853,1506,39,234,21.1896201004171,19,197,4.30137610301504e-05,117,82106,0.00214357050641853,21.1896201004171,19,197,14.8660687473185,59,22,20,0.000736842105263158,287.5,3.11203319502075e-05,0,0,0.159962835991703,26.5909677669667,0.613065326633166,0.105527638190955,0.281407035175879,0.801485355648536,0.0844753979096949,0.0580170240473578,10.6788560073109,2.8306656042853,11.4831471324175,2.82017647687888,8.84135280836284e-06,0.735321195898119,0.203386713759054,0.511016707651323,0.141345046797174,"priority",1
102250,198,1,1,17,1.37769511607081e-05,1,1,1,0,1,2.7225,1.05329505384124e-09,0,81607,0,0,0,0,0,0,0,0,0,0,4.149377593361e-07,0,0,NA,NA,1,0,0,-0.0113912133891213,0,0,NA,NA,NA,NA,-4.22218452280575e-08,NA,NA,NA,NA,"priority",1
102186,114,1,1,8,1.04824000503155e-05,1,1,1,0,1,2.7225,2.97270704082369e-09,0,82231,0,0,0,0,0,0,0,0,0,0,4.149377593361e-07,0,0,NA,NA,1,0,0,-0.0113912133891213,0,0,NA,NA,NA,NA,-4.24011230191838e-08,NA,NA,NA,NA,"priority",1
102169,90,55,168,216,0.0008424599831508,620,18,162,12.369316876853,6,23.5,1.35759719422458e-05,0,82090,0,0,0,0,0,0,0,0,0,62,1.45228215767635e-05,0,0,0.0940746789583512,24.5366303667605,1,0,0,-0.0113912133891213,5.66210875699074e-18,0,NA,NA,NA,NA,-4.23994043392479e-08,NA,NA,NA,NA,"priority",1
102107,42,271,119,240,0.00470697266053703,3369,114,114,34.7131099154196,42,375,5.67726686954796e-05,39,82026,0.000670519103698827,27.5862284482674,8,74.5,22.2036033111745,16,8,5,0,528.5,6.18257261410788e-05,0,0,0.139448017384679,37.0294902255336,1,0,0,0.300324267782427,0.115423549992751,0.0929021059044959,5.23731791899997,1.92694739657115,9.22583509314024,7.33944075986969,2.76370251186936e-06,0.549141076314989,0.175725144420797,0.400466833890747,0.128149386845039,"priority",1
102326,126,40,228,240,0.000639839126162565,271,13,222,4.12310562561766,7,5.445,6.57879279083943e-06,5,82051,0.000121875418946753,2.23606797749979,3,0.5,5.09901951359278,5,3,2,0.000526315789473684,13,5.80912863070539e-06,0,0,0.0551042639095322,11.8767835103867,0.835390946502058,0.0123456790123457,0.152263374485597,-0.00929916317991632,0.00935593296025017,0.0213348096803045,4.04950975679639,1.48423093190435,4.07404171307015,1.05036954461117,4.25024879273723e-07,0.64327485380117,0.64327485380117,0.47953216374269,0.47953216374269,"priority",1
101962,174,23,24,180,0.000464337646785684,104,6,18,3.60555127546399,5,5.445,9.54837989604313e-07,0,81868,0,0,0,0,0,0,0,0,0,7,3.7344398340249e-06,0,0,0.129667029216961,123.482033711054,1,0,0,-0.0113912133891213,0,0,NA,NA,NA,NA,-4.25304223300708e-08,NA,NA,NA,NA,"priority",1
102128,174,1,1,2,1.02120011437441e-05,1,1,1,0,1,2.7225,1.42490917509112e-09,0,82136,0,0,0,0,0,0,0,0,0,0,4.149377593361e-07,0,0,NA,NA,1,0,0,-0.0113912133891213,0,0,NA,NA,NA,NA,-4.23946786877626e-08,NA,NA,NA,NA,"priority",1
102151,114,36,94,204,0.000586524597375302,435,12,67,7.07106781186548,6,11.5,1.17384022710325e-05,0,81798,0,0,0,0,0,0,0,0,0,31,9.95850622406639e-06,0,0,0.415183697989089,85.9717594947632,1,0,0,-0.0227824267782427,-0.00418410041841004,-0.00418410041841004,NA,NA,NA,NA,-8.50547927227461e-08,NA,NA,NA,NA,"priority",1
102321,54,19,23,48,0.000286345882918895,66,6,18,4.12310562561766,6,5.445,1.97919002931808e-07,0,82076,0,0,0,0,0,0,0,0,0,2,2.4896265560166e-06,0,0,0.449695536165573,1378.94202476527,1,0,0,-0.0113912133891213,0,0,NA,NA,NA,NA,-2.09731446852101e-07,NA,NA,NA,NA,"priority",1
102208,186,27,23,84,0.000463640800390434,187,10,20,4.12310562561766,8,5.5,1.68453507334155e-06,0,82204,0,0,0,0,0,0,0,0,0,9.5,4.9792531120332e-06,0,0,0.32192533109832,232.144524462014,1,0,0,-0.0113912133891213,0,0,NA,NA,NA,NA,-1.24958201481605e-07,NA,NA,NA,NA,"priority",1
102227,66,88,95,216,0.00156036668617125,932,26,78,18.6815416922694,17,83,1.56986618873737e-05,0,81950,1.2202562538133e-05,0,1,2.7225,2.23606797749979,1,0,1,0,114,2.03319502074689e-05,0,0,0.137597538073036,43.4919536151199,1,0,0,0,9.26748859314582e-19,0.00935593296025016,NA,NA,NA,NA,9.49173452038326e-09,NA,NA,NA,NA,"priority",1
102453,114,75,59,156,0.00133501537104854,517,29,42,8.24621125123532,15,26.5,4.94826143346736e-06,0,82167,0,0,0,0,0,0,0,0,0,34.5,1.12033195020747e-05,0,0,0.170656065876546,94.2304784584774,1,0,0,-0.0113912133891213,-9.42873047363223e-19,0,NA,NA,NA,NA,-8.48288950289926e-08,NA,NA,NA,NA,"priority",1
102175,54,79,106,240,0.00127306766515111,1025,30,102,31.4006369362152,14,180.5,1.5431054131128e-05,45,82058,0.000694630627117405,5.3851648071345,5,3.5,14.2126704035519,12,7,5,0.000157894736842105,229.5,2.73858921161826e-05,0,0,0.0818524744357771,35.0800587629557,0.955882352941177,0.00367647058823529,0.0404411764705882,-0.00813807531380752,0.0183479699043285,0.0552831397638155,13.2694234237468,1.07377954052544,13.0872130595943,1.08581615459659,2.82149793951106e-06,0.888095238095238,0.888095238095238,0.693083900226757,0.693083900226757,"priority",1
102233,66,49,34,132,0.000857790576557809,243,15,20,8.06225774829855,11,11.5,2.44470780087697e-06,0,82080,0,0,0,0,0,0,0,0,0,20.5,7.88381742738589e-06,0,0,0.0481914829208522,37.9267999335473,1,0,0,-0.0113912133891213,0,0,NA,NA,NA,NA,-1.24488513009195e-07,NA,NA,NA,NA,"priority",1
102151,126,231,84,240,0.00378085666894331,1997,73,90,41.0365690573664,34,297,3.33687577972213e-05,64,81718,0.00128490663011821,41.0365690573664,17,297,24.0416305603426,41,17,21,0.000789473684210526,359,4.19087136929461e-05,0,0,0.113315109009962,33.7575724966263,0.909090909090909,0.0402097902097902,0.0506993006993007,1.23128661087866,0.171701125763039,0.100592596486789,17.5339005250245,5.98251193040789,17.0618937829374,6.08872045864306,5.2497857750992e-06,0.521673730681084,0.092741996565526,0.336819546194546,0.059879030434586,"priority",1
102305,66,35,83,240,0.000596114307959951,365,12,55,5.8309518948453,9,12.5,3.32291509293241e-06,9,82043,0.000146264763599576,2,2,5.445,3.16227766016838,3,2,2,0,33,9.54356846473029e-06,0,0,0.139156007536871,97.4875575951844,1,0,0,0.0113912133891213,0.00836820083682008,0.0132312872810392,3.16227766016838,0,3.16227766016838,0,5.70150474709595e-07,NA,NA,NA,NA,"priority",1
102216,162,29,228,240,0.000536042785960552,152,11,222,3.16227766016838,3,5.445,8.3522357156779e-06,18,81819,0.000256664100025666,1,2,5.445,2.23606797749979,3,3,2,0.000736842105263158,4,2.9045643153527e-06,0,0,0.0503982820824197,4.06805999674964,0.930147058823529,0.0183823529411765,0.0514705882352941,0.0113912133891213,0.00418410041841004,0.00935593296025017,1.82514076993644,0.58113883008419,1.96211650579089,0.47449786780808,9.88441818377473e-07,NA,NA,NA,NA,"priority",1
102303,222,14,227,240,0.000279275341201613,96,6,11,2.23606797749979,4,5.445,3.92947066450459e-06,7,82047,0.00010969322461516,1,2,5.445,3.16227766016838,2,2,2,0.000263157894736842,4.5,3.3195020746888e-06,0,0,0.193533676085965,39.9019598711334,0.876923076923077,0.0307692307692308,0.0923076923076923,0.0113912133891213,0.00418410041841004,0.0132312872810392,3.08113883008419,0.114747633940147,3.08113883008419,0.114747633940147,4.16399400244599e-07,NA,NA,NA,NA,"priority",1
102054,138,0,1,-Inf,0,1,1,1,0,0,0,1.37673822773387e-14,0,82261,0,0,0,0,0,0,0,0,0,0,4.149377593361e-07,0,0,NA,NA,1,0,0,0,0,0,NA,NA,NA,NA,0,NA,NA,NA,NA,"priority",1
102299,222,26,93,120,0.000426636761461292,130,9,91,2.23606797749979,4,5.445,1.35265343444168e-06,0,82013,0,0,0,0,0,0,0,0,0,3,2.9045643153527e-06,0,0,0.124948079131529,65.4113684951438,1,0,0,-0.0113912133891213,0,0,NA,NA,NA,NA,-2.11848895131746e-07,NA,NA,NA,NA,"priority",1
102157,150,43,60,240,0.000684496161932235,500,16,48,10.770329614269,10,23,4.02496254689001e-06,13,81980,0.000317150524518175,7,4,3.5,10.295630140987,13,5,5,0.000315789473684211,55.5,1.2448132780083e-05,0,0,0.100616207925473,75.7710372278539,0.951388888888889,0.0138888888888889,0.0347222222222222,0.00325313807531381,0.0292887029288703,0.0430779503806987,7.91813037549387,2.26473269854341,7.91813037549387,2.26473269854341,1.15807328426842e-06,0.658974358974359,0.470695970695971,0.310598290598291,0.221855921855922,"priority",1
102362,42,124,59,237,0.00224593565451353,1000,40,54,11.1803398874989,20,38.5,1.07719202038471e-05,0,81909,1.22086705978586e-05,0,1,2.7225,2.23606797749979,1,0,1,0,71,2.0746887966805e-05,0,0,0.203039040761978,95.3611717319761,1,0,0,0,0,0.00935593296025017,NA,NA,NA,NA,9.26764280902762e-09,NA,NA,NA,NA,"priority",1
102209,186,31,36,88,0.0005860376529192,219,10,66,4,9,5.445,2.15671901287445e-06,0,82270,0,0,0,0,0,0,0,0,0,14.5,6.22406639004149e-06,0,0,0.29187069039447,205.403781733376,1,0,0,-0.0227824267782427,-0.00418410041841004,-0.00418410041841004,NA,NA,NA,NA,-8.33278649421967e-08,NA,NA,NA,NA,"priority",1
102122,138,115,192,240,0.00217497556207234,1681,36,186,18.6815416922694,23,74,5.32723466348135e-05,92,81883,0.00148993075485754,18.6815416922694,13,74,14.3178210632764,30,17,11,0.000684210526315789,198.5,3.81742738589212e-05,0,0,0.142890726626689,23.4055857153717,0.779614325068871,0.0798898071625344,0.140495867768595,0.298232217573222,0.0781654464111691,0.0599072011015747,5.47399976234334,3.21540965695688,6.17973225334438,4.02946536240059,6.19147649915521e-06,0.866499676793794,0.446378621378621,0.673601725072313,0.347006949279677,"priority",1
102150,126,1,1,5,1.22046475297793e-05,2,1,1,0,1,2.7225,2.25352648605819e-07,0,81930,0,0,0,0,0,0,0,0,0,0,4.149377593361e-07,0,0,NA,NA,1,0,0,-0.0113912133891213,0,0,NA,NA,NA,NA,-4.25144327996468e-08,NA,NA,NA,NA,"priority",1
102089,42,25,70,180,0.000425599182849569,276,15,81,9.8488578017961,7,5.445,4.45808726173261e-06,0,81977,0,0,0,0,0,0,0,0,0,17.5,6.22406639004149e-06,0,0,0.0457311003346394,15.6201493830121,1,0,0,-0.0113912133891213,1.8473422457814e-18,0,NA,NA,NA,NA,-4.24333740863461e-08,NA,NA,NA,NA,"priority",1
102175,114,70,156,204,0.00131350108850322,998,23,90,8.24621125123532,16,31.5,2.02880474358071e-05,0,82028,1.21909591846686e-05,0,1,2.7225,11.1803398874989,1,0,1,0,68.5,2.15767634854772e-05,0,0,0.16782702195838,43.5749344295862,1,0,0,0,-9.58127914855505e-19,0.0467796648012508,NA,NA,NA,NA,-1.17134319162813e-07,NA,NA,NA,NA,"priority",1
102451,162,73,216,228,0.00126840096105765,504,30,186,6.08276253029822,9,12.5,1.82478408027362e-05,0,81994,0,0,0,0,0,0,0,0,0.000789473684210526,25,9.12863070539419e-06,0,0,0.100960791116971,12.3179256001723,0.726708074534162,0.0434782608695652,0.229813664596273,-0.0113912133891213,0,0,NA,NA,NA,NA,-4.23474800454438e-08,NA,NA,NA,NA,"priority",1
102250,162,2,8,12,3.69635662448713e-05,5,1,1,0,1,2.7225,5.67415275992987e-10,0,81935,0,0,0,0,0,0,0,0,0,0,4.149377593361e-07,0,0,NA,NA,1,0,0,-0.0113912133891213,0,0,NA,NA,NA,NA,-4.25066584555138e-08,NA,NA,NA,NA,"priority",1
102144,114,145,155,240,0.00247087892693258,1234,51,150,23.43074902772,20,36.5,2.77917860635759e-05,46,82130,0.000815779861195665,16.1245154965971,5,15,14.142135623731,21,7,6,0,172.5,2.61410788381743e-05,0,0,0.103211022341081,22.851187705147,1,0,0,0.0513702928870293,0.0674665920359711,0.0591721155804642,3.38017424958743,4.74228915724371,4.9175973030365,5.94026735307675,3.32918373794144e-06,0.91952380952381,0.804583333333333,0.661645021645022,0.578939393939394,"priority",1
102228,138,41,46,216,0.00063637364923574,386,17,42,5.3851648071345,11,10.5,2.60141889320872e-06,0,82124,0,0,0,0,0,0,0,0,0,24.5,9.12863070539419e-06,0,0,0.398765692760884,341.278932274613,1,0,0,-0.0113912133891213,0,0,NA,NA,NA,NA,-1.26281967175023e-07,NA,NA,NA,NA,"priority",1
102177,126,4,12,24,8.59190887666929e-05,21,3,11,1,2,5.445,1.21941467295919e-07,0,82310,0,0,0,0,0,0,0,0,0,0.5,1.2448132780083e-06,0,0,NA,NA,1,0,0,-0.0113912133891213,0,0,NA,NA,NA,NA,-4.2461364722699e-08,NA,NA,NA,NA,"priority",1
102184,18,55,153,192,0.000714695549761936,321,16,150,8.06225774829855,7,9,7.99715059524345e-06,0,82019,0,0,0,0,0,0,0,0,0,16.5,5.80912863070539e-06,0,0,0.287742356916689,50.987430773659,1,0,0,-0.0113912133891213,-1.85925269663546e-18,9.49586555677296e-19,NA,NA,NA,NA,-1.2761461611035e-07,NA,NA,NA,NA,"priority",1
102210,66,1,1,2,1.02293418441457e-05,1,1,1,0,1,2.7225,1.59149537919267e-10,0,82265,0,0,0,0,0,0,0,0,0,0,4.149377593361e-07,0,0,NA,NA,1,0,0,-0.0113912133891213,0,0,NA,NA,NA,NA,-4.24635193781846e-08,NA,NA,NA,NA,"priority",1
102189,54,24,35,48,0.000353171587880863,75,11,30,7.81024967590665,3,5.445,8.53124572905041e-07,0,81997,0,0,0,0,0,0,0,0,0,5.5,1.6597510373444e-06,0,0,NA,NA,1,0,0,-0.0113912133891213,0,0,NA,NA,NA,NA,-4.23466228610615e-08,NA,NA,NA,NA,"priority",1
102314,90,50,23,240,0.000893245688371773,373,17,19,23.259406699226,9,82,6.7490640499835e-06,4,81680,0.000183643486777669,3.60555127546399,4,1,17.0880074906351,11,4,4,0.000157894736842105,113,1.20331950207469e-05,0,0,0.12883451164142,56.1287155750375,0.940860215053763,0.0268817204301075,0.032258064516129,-0.00720711297071129,0.0150859886002677,0.0714979392913601,16.3613233318836,0.275919866536821,16.472495960269,0.457350105018862,6.85076492895852e-07,0.454563492063492,0.454563492063492,0.256944444444444,0.256944444444444,"priority",1
102010,210,16,216,228,0.000389455492539493,76,9,215,1,2,5.445,1.25808384541848e-06,0,82035,0,0,0,0,0,0,0,0,5.26315789473684e-05,3,2.4896265560166e-06,0,0,0.0884019091871418,42.5745430981804,0.973684210526316,0.0184210526315789,0.00789473684210526,-0.0113912133891213,0,0,NA,NA,NA,NA,-1.269768980348e-07,NA,NA,NA,NA,"priority",1
102162,222,71,36,144,0.00131805367407462,354,22,34,3.60555127546399,9,6.5,2.03753497927682e-06,0,82231,0,0,0,0,0,0,0,0,0,9,5.39419087136929e-06,0,0,0.537821353089801,347.04054741684,1,0,0,-0.0113912133891213,0,-0.00418410041841004,NA,NA,NA,NA,-8.53619311736995e-08,NA,NA,NA,NA,"priority",1
102136,150,1,1,9,2.03958841105865e-05,2,1,1,1,2,5.445,4.75210510189596e-22,0,81942,0,0,0,0,0,0,0,0,0,0,4.149377593361e-07,0,0,NA,NA,1,0,0,-0.0113912133891213,0,0,NA,NA,NA,NA,-4.1893790359954e-08,NA,NA,NA,NA,"priority",1
102005,174,96,143,240,0.00174409386396068,1113,28,126,12.6491106406735,19,36,2.71269880999802e-05,28,81941,0.000402728792667895,5,5,6,3.60555127546399,5,6,4,0.000210526315789474,101.5,2.61410788381743e-05,0,0,0.106846399756445,25.1216543022118,0.944262295081967,0.019672131147541,0.0360655737704918,0.0137133891213389,0.0209205020920502,0.0150859886002677,1.51612377556149,0.518161747175735,2.13872067297972,1.05406292960287,1.64296753186942e-06,0.733333333333333,0.733333333333333,0.608333333333333,0.608333333333333,"priority",1
102147,174,16,36,48,0.000317479699615361,79,7,32,2,3,5.445,6.34337660796683e-07,0,82149,0,0,0,0,0,0,0,0,0,1.5,2.0746887966805e-06,0,0,NA,NA,1,0,0,-0.0113912133891213,0,0,NA,NA,NA,NA,-4.23127918128133e-08,NA,NA,NA,NA,"priority",1
102114,30,136,238,240,0.00247630432926309,2205,48,234,29.0688837074973,27,403.5,5.27738133471796e-05,124,81742,0.00226321841892785,28.3196045170126,21,392.5,22.1359436211787,61,20,23,0.00121052631578947,506.5,4.93775933609958e-05,0,0,0.0844244242236052,18.2674581423212,0.87909604519774,0.0361581920903955,0.0847457627118644,1.63086820083682,0.118492069108839,0.0926190109672747,13.6640248001586,4.76145415142631,12.066609192665,5.24624603547413,9.38489299889639e-06,0.686419122895731,0.10296286843436,0.461248746921262,0.0691873120381892,"priority",1
102334,54,1,1,1,1.02135656579068e-05,1,1,1,0,1,2.7225,1.51986438563069e-17,0,81860,0,0,0,0,0,0,0,0,0,0,4.149377593361e-07,0,0,NA,NA,1,0,0,-0.0113912133891213,0,0,NA,NA,NA,NA,-4.27345843427064e-08,NA,NA,NA,NA,"priority",1
102046,126,32,21,240,0.000490364340705144,125,9,235,3.60555127546399,5,5.445,4.66333025841526e-06,26,82056,0.000426537974066491,2.23606797749979,3,1,3.60555127546399,9,5,3,0,4,2.9045643153527e-06,0,0,0.0862975965081693,13.1109190542826,1,0,0,-0.0072071129707113,0.00935593296025017,0.0150859886002677,2.81132613340339,0.802912235219199,2.97359136008407,0.668724927785484,1.74269480935162e-06,0.678181818181818,0.678181818181818,0.531515151515151,0.531515151515151,"priority",1
101960,198,54,154,240,0.000915270370867554,939,17,143,11.1803398874989,13,38,2.26642961036383e-05,2,81987,6.09852781538537e-05,0,1,2.7225,7.28010988928052,3,1,1,0,118,2.69709543568465e-05,0,0,0.039355203822381,11.4391464982958,1,0,0,-0.0113912133891213,-0.00418410041841004,0.0262766104153997,NA,NA,NA,NA,1.70610498286008e-07,NA,NA,NA,NA,"priority",1
102156,78,10,11,180,0.000184856551316179,44,6,178,2,3,5.445,4.00512179009207e-07,0,81976,0,0,0,0,0,0,0,0,0,1,1.6597510373444e-06,0,0,NA,NA,1,0,0,-0.0113912133891213,0,0,NA,NA,NA,NA,-1.26214668938082e-07,NA,NA,NA,NA,"priority",1
102157,126,4,202,204,6.08605684377092e-05,22,3,176,0,1,2.7225,9.38045093215308e-07,0,82129,0,0,0,0,0,0,0,0,0,0,1.2448132780083e-06,0,0,NA,NA,1,0,0,-0.0113912133891213,0,0,NA,NA,NA,NA,-4.23684919083595e-08,NA,NA,NA,NA,"priority",1
102130,174,57,23,228,0.0010000243908388,377,21,18,8.54400374531753,10,9,4.5610623030587e-06,0,82032,0,0,0,0,0,0,0,0,5.26315789473684e-05,27,9.54356846473029e-06,0,0,0.151066114947253,77.1463560168932,0.974285714285714,0.00285714285714286,0.0228571428571429,-0.0113912133891213,0,0,NA,NA,NA,NA,-4.21062737084639e-08,NA,NA,NA,NA,"priority",1
102057,150,12,60,240,0.000256194414961754,109,6,226,2.23606797749979,4,5.445,4.96252036650048e-06,2,81916,2.4415254651106e-05,0,1,2.7225,4.12310562561766,0,2,0,0.000210526315789474,10.5,4.9792531120332e-06,0,0,0.0487601771978585,11.9276153843082,0.986363636363636,0.00681818181818182,0.00681818181818182,0,0,0.0172514879732957,NA,NA,4.12310562561766,0,6.00559585172734e-08,NA,NA,NA,NA,"priority",1
102242,54,51,36,156,0.00092705537936082,268,19,30,9.48683298050514,8,20.5,1.74760859562239e-06,0,81855,0,0,0,0,0,0,0,0,0,30.5,5.80912863070539e-06,0,0,0.0745135567824158,60.3996188103546,1,0,0,-0.0113912133891213,0,0,NA,NA,NA,NA,-4.21249261865981e-08,NA,NA,NA,NA,"priority",1
102225,66,41,33,216,0.000597306027914914,266,10,30,3.16227766016838,4,5.445,3.5560526755645e-06,0,81784,0,0,0,0,0,0,0,0,0,16,5.80912863070539e-06,0,0,0.0254813014910275,10.1509208866682,1,0,0,-0.0113912133891213,0,0,NA,NA,NA,NA,-4.22871334419127e-08,NA,NA,NA,NA,"priority",1
102137,162,26,23,217,0.000433859292581006,232,11,18,3.60555127546399,4,5.445,5.76955650585709e-06,0,81790,0,0,0,0,0,0,0,0,0,14.5,5.80912863070539e-06,0,0,0.0365984637026362,8.9778434991828,1,0,0,-0.0113912133891213,0,0,NA,NA,NA,NA,-4.2351766487945e-08,NA,NA,NA,NA,"priority",1
102281,66,17,24,240,0.00034342344110288,169,7,22,3,5,5.445,1.03974965340083e-06,15,81765,0.000269063780346114,0,1,2.7225,5.65685424949238,7,2,2,0.000157894736842105,13,5.39419087136929e-06,0,0,0.0483171984076393,33.2477201568389,0.929577464788732,0.0140845070422535,0.0563380281690141,-0.0113912133891213,-0.00418410041841004,0.0194847458137757,5.65685424949238,0,5.65685424949238,0,1.00036970791063e-06,NA,NA,NA,NA,"priority",1
102313,210,28,19,240,0.000441909601867068,56,6,18,1.4142135623731,3,2.7225,4.93828022395652e-07,1,81961,1.22009248301021e-05,0,1,2.7225,3,0,1,0,0,1.5,1.6597510373444e-06,0,0,NA,NA,1,0,0,0,0,0.0125523012552301,NA,NA,NA,NA,-3.27267813254747e-08,NA,NA,NA,NA,"priority",1
102259,186,54,131,213,0.000959937786310558,316,18,114,9.05538513813742,7,8.5,5.44545774312795e-06,0,82038,0,0,0,0,0,0,0,0,0,18.5,6.63900414937759e-06,0,0,0.22085691124535,65.6007866137596,1,0,0,-0.0113912133891213,1.85987526681556e-18,0,NA,NA,NA,NA,-4.21882131785603e-08,NA,NA,NA,NA,"priority",1
102017,138,28,46,233,0.000452035380931437,124,11,45,3.16227766016838,6,5.445,8.9403405309283e-07,0,81976,1.21986923001854e-05,0,1,2.7225,4,1,0,1,0,11.5,5.39419087136929e-06,0,0,0.0934858050530777,137.194717937164,1,0,0,-0.0113912133891213,-0.00418410041841004,0.0125523012552301,NA,NA,NA,NA,-3.29783706972001e-08,NA,NA,NA,NA,"priority",1
102359,162,1,1,6,1.0388207307065e-05,1,1,1,0,1,2.7225,2.91648997967161e-11,0,82022,0,0,0,0,0,0,0,0,0,0,4.149377593361e-07,0,0,NA,NA,1,0,0,-0.0113912133891213,0,0,NA,NA,NA,NA,-4.20360514628882e-08,NA,NA,NA,NA,"priority",1
102076,162,59,24,240,0.00118892947319393,447,21,18,10,11,10.5,8.97030099407554e-06,26,81977,0.000512338826744087,5,6,4.5,3.16227766016838,16,6,8,0.000157894736842105,30,8.29875518672199e-06,0,0,0.1159193815849,26.1345369146105,0.952755905511811,0.0026246719160105,0.0446194225721785,0.00743723849372385,0.0209205020920502,0.0132312872810392,2.41782719345842,0.41967560611637,2.50545987547269,0.516918731403361,2.05865860017241e-06,0.678395061728395,0.610555555555556,0.436772486772487,0.393095238095238,"priority",1
102095,234,1,1,20,1.3740604861426e-05,2,1,1,0,1,2.7225,1.97388270116099e-08,0,82274,0,0,0,0,0,0,0,0,0,0,4.149377593361e-07,0,0,NA,NA,1,0,0,-0.0113912133891213,0,0,NA,NA,NA,NA,-4.25767300798808e-08,NA,NA,NA,NA,"priority",1
102127,54,41,144,240,0.000657990934347127,554,11,138,12.369316876853,6,13,1.42996497748322e-05,12,81954,0.000195231471313176,9,3,4.5,8,4,3,1,0.000157894736842105,54,1.12033195020747e-05,0,0,0.0773997156724141,14.8167320522674,0.96,0.0147368421052632,0.0252631578947368,0.00743723849372385,0.0376569037656904,0.0334728033472803,NA,NA,5.02758751009941,3.6173257722299,7.75026239787346e-07,0.766666666666667,0.46,0.633333333333333,0.38,"priority",1
102306,42,40,46,192,0.000669262594305184,196,15,31,5.3851648071345,8,10,1.76046826259086e-06,0,82121,0,0,0,0,0,0,0,0,0,11.5,4.5643153526971e-06,0,0,0.0593296712696715,37.480590453691,1,0,0,-0.0113912133891213,-9.33657869849845e-19,0,NA,NA,NA,NA,-4.28159227450042e-08,NA,NA,NA,NA,"priority",1
102148,102,26,83,156,0.00053647414560396,248,10,156,3,4,5.445,2.08867153273479e-06,0,81570,0,0,0,0,0,0,0,0,0,16.5,6.22406639004149e-06,0,0,0.106610128778462,77.5243736583845,1,0,0,-0.0113912133891213,0,0,NA,NA,NA,NA,-4.25958017918522e-08,NA,NA,NA,NA,"priority",1
102264,78,22,240,240,0.000535625159774551,133,10,239,2.23606797749979,4,5.445,3.28411935805967e-06,22,82147,0.000535625159774551,2.23606797749979,4,1,2.23606797749979,22,6,6,0,4.5,3.3195020746888e-06,0,0,0.0661342706621363,14.0575325624503,1,0,0,-0.0072071129707113,0.00935593296025017,0.00935593296025017,1.77504692331215,0.468027888109347,1.77504692331215,0.468027888109347,2.19892889745027e-06,0.608272417153996,0.608272417153996,0.343140838206628,0.343140838206628,"priority",1
102190,234,1,1,12,1.23111773178869e-05,4,2,13,0,1,2.7225,1.64536676933995e-12,0,82258,0,0,0,0,0,0,0,0,0,0,8.29875518672199e-07,0,0,NA,NA,1,0,0,-0.0113912133891213,0,0,NA,NA,NA,NA,-4.23320560340959e-08,NA,NA,NA,NA,"priority",1
102194,162,24,23,216,0.000414179559020587,140,8,10,3,6,5.445,1.83098590956004e-06,0,81797,0,0,0,0,0,0,0,0,0,2.5,2.4896265560166e-06,0,0,0.577932111492474,192.014692852733,1,0,0,-0.0113912133891213,0,0,NA,NA,NA,NA,-8.41676557418313e-08,NA,NA,NA,NA,"priority",1
102317,174,32,117,144,0.00060865013572898,120,11,114,3,6,5.445,2.30665561279387e-06,0,81878,0,0,0,0,0,0,0,0,0,6.5,4.149377593361e-06,0,0,0.213689967340017,93.8197037328927,1,0,0,-0.0113912133891213,0,0,NA,NA,NA,NA,-4.27717167403708e-08,NA,NA,NA,NA,"priority",1
102243,138,18,47,48,0.000366533085719871,73,7,42,3,3,5.445,4.9244215886805e-07,0,82109,0,0,0,0,0,0,0,0,0,0,1.6597510373444e-06,0,0,NA,NA,1,0,0,-0.0113912133891213,0,0,NA,NA,NA,NA,-1.27120922548739e-07,NA,NA,NA,NA,"priority",1
102089,102,12,11,24,0.000184616804744652,28,7,9,1,2,5.445,2.00163149818818e-07,0,81480,0,0,0,0,0,0,0,0,0,0,8.29875518672199e-07,0,0,NA,NA,1,0,0,-0.0113912133891213,0,0,NA,NA,NA,NA,-8.4117738252348e-08,NA,NA,NA,NA,"priority",1
102299,66,8,11,24,0.000135631673694853,22,3,10,0,1,2.7225,1.19717220618021e-07,0,82144,0,0,0,0,0,0,0,0,0,0,4.149377593361e-07,0,0,NA,NA,1,0,0,-0.0113912133891213,0,0,NA,NA,NA,NA,-4.19854340773264e-08,NA,NA,NA,NA,"priority",1
102125,114,61,70,240,0.00105242547359146,580,21,66,10.1980390271856,11,15.5,7.49899162804809e-06,2,82258,8.50981059592988e-05,1,2,5.445,5.09901951359278,5,1,3,0.000210526315789474,72,1.32780082987552e-05,0,0,0.180832736039138,78.1828136045604,0.841584158415842,0.0445544554455446,0.113861386138614,0.0113912133891213,0.00418410041841004,0.0213348096803045,4.77371488426774,0.563444145928332,NA,NA,3.13837175522147e-07,NA,NA,NA,NA,"priority",1
102255,222,82,191,240,0.00123813454395378,857,31,225,17.7200451466693,11,43,3.01161655986537e-05,82,82058,0.00121865022301299,16.0312195418814,11,23.5,10,18,15,9,0.001,145.5,2.0746887966805e-05,0,0,0.0635727747406933,10.4588023815876,0.886543535620053,0.0448548812664908,0.0686015831134565,0.0869351464435146,0.0670762323928092,0.0418410041841004,8.84557840123612,0.922068647679358,8.66991067803637,1.08528246892763,5.01377110926416e-06,0.73310415075121,0.498510822510823,0.606889678948502,0.412684981684982,"priority",1
102058,234,126,239,240,0.00219108714440482,1638,40,225,18.7882942280559,21,153,4.62926973463112e-05,125,82151,0.00219108714440482,18.7882942280559,17,132,17.8885438199983,55,21,19,0.00152631578947368,189.5,3.40248962655602e-05,0,0,0.103453655403008,18.1054196001143,0.669014084507042,0.0704225352112676,0.26056338028169,0.540910041841004,0.0786121097408198,0.0748474636820013,11.7966694509006,4.30718525939562,11.5714661098918,4.48956909636175,9.12570651815782e-06,0.758335605026782,0.35686381413025,0.564474737007632,0.265635170356533,"priority",1
102121,150,70,227,240,0.00124340204551827,444,21,222,10.816653826392,10,21,2.09255997195875e-05,51,82214,0.000936580144500937,10.816653826392,10,21,9.4339811320566,26,15,15,0.000684210526315789,37.5,1.07883817427386e-05,0,0,NA,NA,0.878846153846154,0.0384615384615385,0.0826923076923077,0.0650836820083682,0.0410738653823932,0.0352886239835004,7.35435220866941,2.54533963300144,7.31320426265273,2.51787397833357,3.83521455689254e-06,0.764044982794983,0.024530105129022,0.509831834831835,0.0162472124880535,"random",1
102266,90,16,33,36,0.000225622785246924,49,6,30,5,4,5.445,1.46007707655219e-07,0,81810,0,0,0,0,0,0,0,0,0,3.5,1.6597510373444e-06,0,0,NA,NA,1,0,0,-0.0113912133891213,9.31623128285613e-19,9.31623128285613e-19,NA,NA,NA,NA,-4.17424919032089e-08,NA,NA,NA,NA,"random",1
102064,222,16,72,72,0.000232083745587355,80,5,54,2.23606797749979,6,5.445,8.61413411747722e-07,0,81834,0,0,0,0,0,0,0,0,0,4,2.9045643153527e-06,0,0,NA,NA,1,0,0,-0.0113912133891213,0,0,NA,NA,NA,NA,-4.18929514438908e-08,NA,NA,NA,NA,"random",1
102102,126,43,144,180,0.000732064421669107,314,18,153,8.06225774829855,8,9.5,7.35198411960652e-06,0,81774,0,0,0,0,0,0,0,0,0,24,7.46887966804979e-06,0,0,NA,NA,1,0,0,-0.0113912133891213,-1.86485203209673e-18,0,NA,NA,NA,NA,-1.25801032834866e-07,NA,NA,NA,NA,"random",1
102406,78,44,71,192,0.000785259875496478,556,14,66,13,9,11,8.49291278405753e-06,0,82089,0,0,0,0,0,0,0,0,0,44.5,1.12033195020747e-05,0,0,NA,NA,1,0,0,-0.0113912133891213,-3.70194749398401e-18,1.91368962579791e-18,NA,NA,NA,NA,-1.25856532363063e-07,NA,NA,NA,NA,"random",1
102203,114,6,155,168,9.11514709568626e-05,15,2,150,0,1,2.7225,1.37046036208046e-06,0,82296,0,0,0,0,0,0,0,0,0,0,8.29875518672199e-07,0,0,NA,NA,1,0,0,-0.0113912133891213,0,0,NA,NA,NA,NA,-4.20238077478034e-08,NA,NA,NA,NA,"random",1
102038,138,74,119,192,0.00151352406991505,385,23,114,6.08276253029822,9,14.5,6.96402485827618e-06,0,81804,0,0,0,0,0,0,0,0,0,21.5,8.29875518672199e-06,0,0,NA,NA,1,0,0,-0.0113912133891213,0,0,NA,NA,NA,NA,-4.21215335978621e-08,NA,NA,NA,NA,"random",1
102302,18,41,179,240,0.000745456989575823,268,17,174,5.09901951359278,10,6,6.77114647781547e-06,1,82054,2.437419260487e-05,0,1,2.7225,2.23606797749979,1,1,1,0,16,7.05394190871369e-06,0,0,NA,NA,1,0,0,0,0,0.00935593296025017,NA,NA,NA,NA,-2.60614396047577e-08,NA,NA,NA,NA,"random",1
102299,210,11,11,12,0.000150893288266538,22,5,3,1,2,5.445,6.00395450507621e-08,0,82148,0,0,0,0,0,0,0,0,0,0,8.29875518672199e-07,0,0,NA,NA,1,0,0,-0.0113912133891213,0,0,NA,NA,NA,NA,-1.68101984448129e-07,NA,NA,NA,NA,"random",1
102291,234,0,1,-Inf,0,1,1,1,0,0,0,1.73166391205358e-11,0,82407,0,0,0,0,0,0,0,0,0,0,4.149377593361e-07,0,0,NA,NA,1,0,0,0,0,0,NA,NA,NA,NA,0,NA,NA,NA,NA,"random",1
102262,102,185,227,240,0.00293125191724326,1833,63,222,30.0832179129826,24,212.5,6.03810505406091e-05,144,82157,0.00239784802268827,20.8806130178211,23,118,20.8086520466848,53,29,27,0.00194736842105263,297,3.40248962655602e-05,0,0,NA,NA,0.686567164179104,0.123134328358209,0.190298507462687,0.482332635983264,0.0873665816645234,0.0870654897350829,10.9009809248186,2.72843010420614,10.6848460774772,2.69382802981433,9.99029784468549e-06,0.761741363211951,0.0392117834394904,0.576489686783804,0.0286624203821656,"random",1
102261,114,87,82,215,0.00152511560376277,575,24,78,7.28010988928052,11,16.5,6.52018012597917e-06,0,82148,0,0,0,0,0,0,0,0,0,36,1.20331950207469e-05,0,0,NA,NA,1,0,0,-0.0113912133891213,0,0,NA,NA,NA,NA,-1.25566960988648e-07,NA,NA,NA,NA,"random",1
102379,162,57,24,204,0.00100292900858188,238,22,18,5.09901951359278,11,7.5,2.74720489449403e-06,0,82040,0,0,0,0,0,0,0,0,0,37,7.05394190871369e-06,0,0,NA,NA,1,0,0,-0.0113912133891213,0,0,NA,NA,NA,NA,-4.22551042053126e-08,NA,NA,NA,NA,"random",1
102134,42,41,95,192,0.000717325227963526,618,14,58,8.06225774829855,9,15,7.13455796009545e-06,0,81942,0,0,0,0,0,0,0,0,0,58.5,1.61825726141079e-05,0,0,NA,NA,1,0,0,-0.0113912133891213,1.89297777883066e-18,9.71361327342277e-19,NA,NA,NA,NA,-4.25736975183923e-08,NA,NA,NA,NA,"random",1
102136,186,8,35,60,0.000146663407479834,43,5,32,2.82842712474619,2,5.445,2.95071977522367e-07,0,81957,0,0,0,0,0,0,0,0,0,2,2.0746887966805e-06,0,0,NA,NA,1,0,0,-0.0113912133891213,0,0,NA,NA,NA,NA,-4.1794194686052e-08,NA,NA,NA,NA,"random",1
102134,102,7,10,12,0.000138632162661738,16,3,5,0,1,2.7225,8.79672711232482e-08,0,81948,0,0,0,0,0,0,0,0,0,0,4.149377593361e-07,0,0,NA,NA,1,0,0,-0.0113912133891213,0,0,NA,NA,NA,NA,-4.20001848848139e-08,NA,NA,NA,NA,"random",1
102219,138,61,45,144,0.000897530279041155,170,22,42,4,8,5.445,1.36129734437908e-06,0,81861,0,0,0,0,0,0,0,0,0,8.5,4.9792531120332e-06,0,0,NA,NA,1,0,0,-0.0113912133891213,0,0,NA,NA,NA,NA,-4.24950022690204e-08,NA,NA,NA,NA,"random",1
102175,234,83,191,240,0.00134974451264582,1039,23,187,12.369316876853,13,45,3.16328078468253e-05,4,82398,7.28173013908105e-05,8.24621125123532,3,9,11.1803398874989,2,2,2,0.000473684210526316,88,2.11618257261411e-05,0,0,NA,NA,0.965909090909091,0.0113636363636364,0.0227272727272727,0.026265690376569,0.0345029759465913,0.0467796648012508,7.39294558148147,5.35618439362456,3.38391446781618,0.313441779296602,1.77167879405089e-07,0.602941176470588,0.00266429840142096,0.5,0.00177619893428064,"random",1
102222,174,47,36,216,0.000804583688894307,360,13,69,4,8,6,6.55988526781873e-06,0,82089,0,0,0,0,0,0,0,0,0,22,7.46887966804979e-06,0,0,NA,NA,1,0,0,-0.0113912133891213,0,0,NA,NA,NA,NA,-8.435091109317e-08,NA,NA,NA,NA,"random",1
102204,222,57,21,240,0.000801093760013672,229,17,18,14.3178210632764,6,28.5,2.18346246790523e-06,12,82023,0.000158492130256148,1,2,5.445,3.60555127546399,1,2,1,0.000157894736842105,53.5,5.80912863070539e-06,0,0,NA,NA,0.971875,0.009375,0.01875,0.0113912133891213,0.00418410041841004,0.0150859886002677,NA,NA,3.38391446781618,0.313441779296602,5.35926859445296e-07,NA,NA,NA,NA,"random",1
102260,198,160,143,240,0.00258246845003167,1968,47,138,39.319206502675,27,274.5,4.18598106717605e-05,1,81991,3.65893817614128e-05,1,2,5.445,11.7046999107196,2,1,2,0.000368421052631579,431.5,3.90041493775934e-05,0,0,NA,NA,0.90978886756238,0.017274472168906,0.072936660268714,0.0113912133891213,0.00418410041841005,0.048973639793806,11.2375147624943,0.660699572759517,NA,NA,1.10284733813906e-07,NA,NA,NA,NA,"random",1
102250,126,47,59,96,0.000741361918304347,226,14,56,5.3851648071345,10,10.5,2.06850854917883e-06,0,82107,0,0,0,0,0,0,0,0,0,13,6.22406639004149e-06,0,0,NA,NA,1,0,0,-0.0113912133891213,0,0,NA,NA,NA,NA,-4.22188630080223e-08,NA,NA,NA,NA,"random",1
102130,126,8,16,24,0.000123529653979714,19,3,1,0,1,2.7225,1.28334991706151e-07,0,81797,0,0,0,0,0,0,0,0,0,0,4.149377593361e-07,0,0,NA,NA,1,0,0,-0.0113912133891213,0,0,NA,NA,NA,NA,-8.37741599441394e-08,NA,NA,NA,NA,"random",1
102169,66,69,165,240,0.00125386506951038,1100,23,162,14.142135623731,15,60,2.60626215014787e-05,22,82320,0.000449465500485909,9.8488578017961,7,14.5,7.28010988928052,15,6,9,0.000473684210526316,141.5,2.32365145228216e-05,0,0,NA,NA,0.927051671732523,0.0212765957446809,0.0516717325227964,0.0492782426778243,0.0412086100493561,0.0304607108338097,4.63917729126572,1.88090093246028,4.52865377539421,1.89461182808758,1.83857484867541e-06,0.507730179028133,0.0157112526539278,0.271694318753142,0.00934182590233546,"random",1
102236,138,50,36,192,0.00123152709359606,416,25,36,6.08276253029822,12,11,2.77571387087749e-06,0,82203,0,0,0,0,0,0,0,0,0,22.5,8.71369294605809e-06,0,0,NA,NA,1,0,0,-0.0113912133891213,0,-9.50040196753649e-19,NA,NA,NA,NA,-1.26463903998047e-07,NA,NA,NA,NA,"random",1
102247,150,5,70,72,0.000121450114365524,27,5,69,0,1,2.7225,1.81574046658949e-07,0,81963,0,0,0,0,0,0,0,0,0,0,8.29875518672199e-07,0,0,NA,NA,1,0,0,-0.0113912133891213,0,0,NA,NA,NA,NA,-4.24488720315929e-08,NA,NA,NA,NA,"random",1
102030,102,1,1,4,1.03967395824669e-05,1,1,1,0,1,2.7225,9.72371902203899e-13,0,81979,0,0,0,0,0,0,0,0,0,0,4.149377593361e-07,0,0,NA,NA,1,0,0,-0.0113912133891213,0,0,NA,NA,NA,NA,-4.2417457430582e-08,NA,NA,NA,NA,"random",1
102167,42,83,215,240,0.00149737047136735,769,33,210,10.4403065089106,12,13,2.76336536912432e-05,32,81997,0.000548800565874361,8.06225774829855,8,11.5,8,13,8,6,0.000315789473684211,47,1.53526970954357e-05,0,0,NA,NA,0.833634719710669,0.0343580470162749,0.132007233273056,0.0367259414225941,0.0337332960179856,0.0334728033472803,6.54388957150572,1.00648454092766,5.94477248169657,1.57105247374879,2.25391061645724e-06,0.538809523809524,0.0188442211055276,0.430079365079365,0.0134003350083752,"random",1
102053,150,10,11,24,0.000126697457988275,18,3,5,1,2,5.445,1.58873214072016e-07,0,81963,0,0,0,0,0,0,0,0,0,0,8.29875518672199e-07,0,0,NA,NA,1,0,0,-0.0113912133891213,0,0,NA,NA,NA,NA,-8.43636667959118e-08,NA,NA,NA,NA,"random",1
102098,210,79,167,204,0.00132059791208916,555,34,162,18.1107702762748,17,48.5,1.68585999770329e-05,0,81780,0,0,0,0,0,0,0,0,0,70,1.20331950207469e-05,0,0,NA,NA,1,0,0,-0.0113912133891213,0,0,NA,NA,NA,NA,-8.37733212884048e-08,NA,NA,NA,NA,"random",1
102243,162,5,23,48,0.000122006271122336,36,5,11,1,2,5.445,1.10064292820718e-07,0,81938,0,0,0,0,0,0,0,0,0,3,1.6597510373444e-06,0,0,NA,NA,1,0,0,-0.0113912133891213,0,0,NA,NA,NA,NA,-4.20297176161971e-08,NA,NA,NA,NA,"random",1
102118,162,16,23,240,0.000240222377286402,40,6,19,1.4142135623731,2,5.445,3.89932345493869e-07,1,82144,6.08687183482665e-05,0,1,2.7225,1,4,1,2,0,1,1.6597510373444e-06,0,0,NA,NA,1,0,0,0,0,0.00418410041841004,1,0,NA,NA,1.70472519601441e-07,NA,NA,NA,NA,"random",1
102466,150,93,177,240,0.00131534028154306,1087,24,202,12.8062484748657,14,37,2.8317758656864e-05,2,81850,8.55222968845449e-05,10.1980390271856,2,5.445,8.60232526704263,5,2,3,0.000368421052631579,97.5,2.36514522821577e-05,0,0,NA,NA,0.91701244813278,0.016597510373444,0.0663900414937759,0.0113912133891213,0.0426696193606091,0.0359929927491323,5.69586888042707,2.5170650658006,6.42248297708096,3.08276253029822,3.16374712906067e-07,NA,NA,NA,NA,"random",1
102076,114,38,142,168,0.000565985348454753,222,17,139,4.47213595499958,6,5.445,3.42369445449657e-06,0,81833,0,0,0,0,0,0,0,0,0,6,3.7344398340249e-06,0,0,NA,NA,1,0,0,-0.0113912133891213,9.29406171058914e-19,0,NA,NA,NA,NA,-2.10465710526556e-07,NA,NA,NA,NA,"random",1
102213,150,36,36,84,0.000622954023550105,214,13,31,3.16227766016838,6,5.445,2.57153059729262e-06,0,81787,0,0,0,0,0,0,0,0,0,6.5,4.5643153526971e-06,0,0,NA,NA,1,0,0,-0.0113912133891213,0,0,NA,NA,NA,NA,-4.21075449435934e-08,NA,NA,NA,NA,"random",1
102061,186,63,180,240,0.00131765165194476,521,21,174,12.0830459735946,11,25,1.86607418971854e-05,14,82063,0.000280272473587366,9.21954445729289,5,25,13.0384048104053,9,3,5,0.000578947368421053,44.5,1.03734439834025e-05,0,0,NA,NA,0.935064935064935,0.012987012987013,0.051948051948052,0.0932112970711297,0.0385754998213092,0.0451980620623661,9.85206785533931,3.99010635412609,9.83791017793063,4.67153989562901,1.13067660284269e-06,0.482905982905983,0.00889748549323017,0.287692307692308,0.00541586073500967,"random",1
102189,138,19,12,240,0.000409205892564853,49,6,5,2.23606797749979,4,5.445,1.07522833202985e-07,1,82104,2.43593491181916e-05,0,1,2.7225,3,1,1,1,0,2,2.4896265560166e-06,0,0,NA,NA,1,0,0,-0.0113912133891213,-0.00418410041841004,0.00836820083682008,NA,NA,NA,NA,-6.49115234125047e-08,NA,NA,NA,NA,"random",1
102319,102,171,228,240,0.00314661007646994,2070,48,222,47.0106370941726,30,399.5,8.0470387894466e-05,164,81961,0.00295262380888471,37.6430604494374,30,352,29.5296461204668,78,33,28,0.00205263157894737,470.5,4.06639004149378e-05,0,0,NA,NA,0.655737704918033,0.0889929742388759,0.255269320843091,1.46141213389121,0.157502344976726,0.123555004688146,11.9692087648511,6.66573649959682,11.1869964134935,6.47371288140528,1.23117954993848e-05,0.686475184172553,0.0259461777634824,0.501883092827365,0.017583360137236,"random",1
102277,222,17,34,159,0.000292983055813272,58,7,20,2,4,5.445,7.61431309802425e-07,0,82473,0,0,0,0,0,0,0,0,0,4.5,3.3195020746888e-06,0,0,NA,NA,1,0,0,-0.0113912133891213,0,-0.00591721155804642,NA,NA,NA,NA,-4.2335482621115e-08,NA,NA,NA,NA,"random",1
102259,78,22,21,201,0.000378857317445768,84,8,18,3.16227766016838,6,5.445,1.50108333247241e-06,0,82143,0,0,0,0,0,0,0,0,0,3.5,3.7344398340249e-06,0,0,NA,NA,1,0,0,-0.0113912133891213,0,0,NA,NA,NA,NA,-4.19648003451186e-08,NA,NA,NA,NA,"random",1
102297,78,81,156,228,0.00159077838009814,1518,31,162,19.6977156035922,18,79,3.27778576563622e-05,0,82098,0,0,0,0,0,0,0,0,0.000157894736842105,143,3.36099585062241e-05,0,0,NA,NA,0.976430976430976,0.00673400673400673,0.0168350168350168,-0.0113912133891213,0,0,NA,NA,NA,NA,-8.34774885213238e-08,NA,NA,NA,NA,"random",1
102201,186,60,70,240,0.0011538505477934,816,22,58,10.295630140987,13,26.5,1.14503537531263e-05,28,81620,0.000575839255084538,5.09901951359278,4,3.5,4,19,6,4,0.000157894736842105,76,2.0746887966805e-05,0,0,NA,NA,0.957894736842105,0.0131578947368421,0.0289473684210526,0.00325313807531381,0.0213348096803045,0.0167364016736402,3.25,0.5,2.77504692331215,0.871170183201274,2.32460310048367e-06,0.673849924585219,0.0252824098977945,0.432918552036199,0.0150618612157074,"random",1
102092,138,168,84,240,0.00285053646362202,2222,51,78,29.0172362570938,25,190.5,5.52144000117996e-05,138,81670,0.00252234602669279,17,24,158,25,68,27,24,0.00157894736842105,287.5,4.43983402489627e-05,0,0,NA,NA,0.778461538461538,0.0615384615384615,0.16,0.649696652719665,0.0711297071129707,0.104602510460251,16.0498044297561,4.56684967240497,15.3817195746885,4.89848084375472,1.05118137069189e-05,0.659180925547149,0.0396917148362235,0.49496151478824,0.0265895953757225,"random",1
102167,162,29,36,163,0.000574242183586448,187,14,31,6.08276253029822,7,7.5,6.19207450548305e-07,0,82187,0,0,0,0,0,0,0,0,0,15,5.80912863070539e-06,0,0,NA,NA,1,0,0,-0.0227824267782427,-0.00418410041841004,-0.00418410041841004,NA,NA,NA,NA,-1.27225286890901e-07,NA,NA,NA,NA,"random",1
102139,150,105,48,240,0.00186129122516758,1089,45,44,11.4017542509914,13,39.5,2.48414733791972e-05,21,81896,0.000354107648725212,11.4017542509914,5,7,7.81024967590665,8,6,5,0.00110526315789474,95,2.24066390041494e-05,0,0,NA,NA,0.891632373113855,0.0233196159122085,0.0850480109739369,0.017897489539749,0.0477060847321815,0.0326788689368479,4.30810785361233,0.741794042881663,5.12420627808405,1.44603320279058,1.43976086368245e-06,0.506807081807082,0.0114038537160834,0.396459096459096,0.00825796303578451,"random",1
102214,102,41,120,239,0.000756623506583845,376,16,117,5.8309518948453,10,7.5,1.08247740030957e-05,0,81928,0,0,0,0,0,0,0,0,0,22,9.12863070539419e-06,0,0,NA,NA,1,0,0,-0.0113912133891213,0,0,NA,NA,NA,NA,-4.2330342948586e-08,NA,NA,NA,NA,"random",1
102197,102,1,1,9,1.03995507394081e-05,1,1,1,0,1,2.7225,3.25367424925238e-09,0,82077,0,0,0,0,0,0,0,0,0,0,4.149377593361e-07,0,0,NA,NA,1,0,0,-0.0113912133891213,0,0,NA,NA,NA,NA,-4.20643659673872e-08,NA,NA,NA,NA,"random",1
102162,66,139,192,240,0.00236735490799043,1758,49,186,17.8044938147649,22,126.5,5.24159799572288e-05,77,82119,0.00163177827299407,17.0293863659264,14,85.5,8.60232526704263,57,20,17,0.000842105263157895,198.5,3.60995850622407e-05,0,0,NA,NA,0.771428571428571,0.0897959183673469,0.138775510204082,0.346349372384937,0.0712526626189389,0.0359929927491323,7.25405155120866,1.37927774511977,6.96778482106542,1.48677492273512,6.78501792815603e-06,0.678166608523751,0.0350693535723633,0.423103087388802,0.0201517927244177,"random",1
102189,210,72,59,108,0.00112576756879691,452,24,54,5.3851648071345,14,14,4.67555147055469e-06,0,81522,0,0,0,0,0,0,0,0,0,33.5,1.07883817427386e-05,0,0,NA,NA,1,0,0,-0.0113912133891213,9.5330679211936e-19,0,NA,NA,NA,NA,-8.36192938977773e-08,NA,NA,NA,NA,"random",1
102159,54,1,1,37,1.37693631669535e-05,1,1,1,0,1,2.7225,4.35905370941502e-09,0,81865,0,0,0,0,0,0,0,0,0,0,4.149377593361e-07,0,0,NA,NA,1,0,0,-0.0113912133891213,0,0,NA,NA,NA,NA,-4.21338343327128e-08,NA,NA,NA,NA,"random",1
102195,174,24,23,48,0.000432884370400604,122,12,8,3.60555127546399,6,5.445,9.1569219455213e-07,0,81608,0,0,0,0,0,0,0,0,0,3.5,2.9045643153527e-06,0,0,NA,NA,1,0,0,-0.0113912133891213,0,0,NA,NA,NA,NA,-1.25587061953898e-07,NA,NA,NA,NA,"random",1
102113,126,130,240,240,0.00220801717617781,1499,47,234,22.6715680975093,19,99.5,4.41470503637368e-05,130,81974,0.00220801717617781,20.1246117974981,19,60.5,10.4403065089106,51,24,18,0.00121052631578947,198.5,2.73858921161826e-05,0,0,NA,NA,0.8475,0.075,0.0775,0.241746861924686,0.0842033966422515,0.0436832908322617,7.77658375563866,2.31929770870998,7.72609904895393,2.25906332703813,9.15293812634372e-06,0.733163265306122,0.0434052757793765,0.564306427699285,0.0311750599520384,"random",1
102348,210,7,11,24,0.000111009694846683,22,3,1,1,2,5.445,1.43063059610159e-07,0,82106,0,0,0,0,0,0,0,0,0,0.5,1.2448132780083e-06,0,0,NA,NA,1,0,0,-0.0113912133891213,0,0,NA,NA,NA,NA,-1.26998737886543e-07,NA,NA,NA,NA,"random",1
102126,30,92,72,240,0.00163922393756269,644,27,66,7.07106781186548,10,17.5,7.622233592444e-06,17,81906,0.0002686005909213,1.4142135623731,3,0.5,3.60555127546399,5,4,3,0.000315789473684211,43,1.12033195020747e-05,0,0,NA,NA,0.770212765957447,0.102127659574468,0.127659574468085,-0.00929916317991632,0.00591721155804642,0.0150859886002677,3.00129897104405,0.698789474459128,3.04154364332513,0.576208603138907,9.55543618975387e-07,1,0.0155257586450247,0.798611111111111,0.0119971771347918,"random",1
102266,150,1,1,1,1.00239572578463e-05,1,1,1,0,1,2.7225,4.7250519390847e-09,0,81957,0,0,0,0,0,0,0,0,0,0,4.149377593361e-07,0,0,NA,NA,1,0,0,-0.0113912133891213,0,0,NA,NA,NA,NA,-4.19412437566789e-08,NA,NA,NA,NA,"random",1
102201,114,111,60,193,0.00190497124226105,1105,33,43,10.770329614269,16,29.5,2.06753428690957e-05,0,81680,0,0,0,0,0,0,0,0,0,90.5,2.15767634854772e-05,0,0,NA,NA,1,0,0,-0.0113912133891213,0,0,NA,NA,NA,NA,-8.35433264463007e-08,NA,NA,NA,NA,"random",1
102242,210,6,10,12,8.07512170361996e-05,11,2,5,0,1,2.7225,8.76793500203762e-09,0,82227,0,0,0,0,0,0,0,0,0,0,4.149377593361e-07,0,0,NA,NA,1,0,0,-0.0113912133891213,0,0,NA,NA,NA,NA,-4.20766333307526e-08,NA,NA,NA,NA,"random",1
102178,198,104,155,240,0.00199783162177636,1339,44,150,23.0217288664427,18,81,4.57893499811644e-05,42,81860,0.000940630344490594,23.0217288664427,10,73,16.1245154965971,35,12,14,0.00157894736842105,217,2.78008298755187e-05,0,0,NA,NA,0.814254859611231,0.0367170626349892,0.14902807775378,0.294048117154812,0.0963252253826053,0.0674665920359711,11.2474240153309,3.08764712849078,11.3199448586491,3.13783626616311,3.89366589972799e-06,0.66008658008658,0.0152505446623094,0.397089947089947,0.0083184789067142,"random",1
102163,138,98,143,240,0.00142093757590478,1004,42,138,13.6014705087354,14,43.5,2.95961478348484e-05,5,81868,8.55034934284458e-05,0,1,2.7225,1.4142135623731,2,1,1,0.000157894736842105,75,1.90871369294606e-05,0,0,NA,NA,0.911764705882353,0.0163398692810458,0.0718954248366013,0,9.55250425852357e-19,0.00591721155804642,NA,NA,NA,NA,3.15367825149665e-07,NA,NA,NA,NA,"random",1
102186,162,1,1,4,1.04160156656876e-05,1,1,1,0,1,2.7225,5.66149853900808e-10,0,81916,0,0,0,0,0,0,0,0,0,0,4.149377593361e-07,0,0,NA,NA,1,0,0,-0.0113912133891213,0,0,NA,NA,NA,NA,-4.24725713196232e-08,NA,NA,NA,NA,"random",1
102309,198,1,1,1,1.01912905231189e-05,1,1,1,0,1,2.7225,1.38365923624299e-18,0,81753,0,0,0,0,0,0,0,0,0,0,4.149377593361e-07,0,0,NA,NA,1,0,0,-0.0113912133891213,0,0,NA,NA,NA,NA,-4.26413829419203e-08,NA,NA,NA,NA,"random",1
102141,54,64,119,233,0.000976884471200225,576,24,198,7.28010988928052,8,9,1.78332471284914e-05,0,82068,0,0,0,0,0,0,0,0,0.000105263157894737,55,1.57676348547718e-05,0,0,NA,NA,0.972222222222222,0.0138888888888889,0.0138888888888889,-0.0113912133891213,-9.51621297241527e-19,9.74686763182326e-19,NA,NA,NA,NA,-4.21495388081763e-08,NA,NA,NA,NA,"random",1
102050,66,14,166,180,0.000224841807728134,70,8,163,2,4,5.445,2.74348377737868e-06,0,82251,0,0,0,0,0,0,0,0,0,1.5,2.0746887966805e-06,0,0,NA,NA,1,0,0,-0.0113912133891213,0,0,NA,NA,NA,NA,-8.5081600699711e-08,NA,NA,NA,NA,"random",1
102246,90,22,24,204,0.000391729608637638,160,13,19,3.60555127546399,5,5.445,8.84579583697395e-07,0,82141,0,0,0,0,0,0,0,0,0,7,4.149377593361e-06,0,0,NA,NA,1,0,0,-0.0113912133891213,9.3547243415526e-19,9.36353143190524e-19,NA,NA,NA,NA,-4.21618559075567e-08,NA,NA,NA,NA,"random",1
101977,102,26,46,96,0.000415201250488472,175,13,54,3.60555127546399,4,5.445,1.14079591574921e-06,0,81694,0,0,0,0,0,0,0,0,0,9.5,5.39419087136929e-06,0,0,NA,NA,1,0,0,-0.0113912133891213,0,0,NA,NA,NA,NA,-4.24480107376489e-08,NA,NA,NA,NA,"random",1
102422,162,1,1,12,1.23383673872273e-05,1,1,1,0,1,2.7225,8.04738652528945e-09,0,82221,0,0,0,0,0,0,0,0,0,0,4.149377593361e-07,0,0,NA,NA,1,0,0,-0.0113912133891213,0,0,NA,NA,NA,NA,-4.20918717396688e-08,NA,NA,NA,NA,"random",1
102185,114,51,168,237,0.000831478809517987,489,16,174,6.08276253029822,8,7.5,1.07380900533606e-05,0,81896,1.22106085767315e-05,0,1,2.7225,5.09901951359278,1,0,1,0,44.5,1.32780082987552e-05,0,0,NA,NA,1,0,0,0,0,0.0213348096803045,NA,NA,NA,NA,-3.31535028281955e-08,NA,NA,NA,NA,"random",1
102261,198,68,119,240,0.00119137348343018,918,26,138,13.6014705087354,13,30.5,1.43399767500432e-05,16,81911,0.000390667920059577,3.60555127546399,5,3.5,14.2126704035519,16,5,5,5.26315789473684e-05,81.5,2.0746887966805e-05,0,0,NA,NA,0.978593272171254,0.00305810397553517,0.018348623853211,0.00325313807531381,0.0150859886002677,0.0594672401822255,13.6359946761132,0.757998345159575,13.5278616531141,0.704413846936188,1.55050818843962e-06,0.609722222222222,0.0168865435356201,0.346825396825397,0.00844327176781003,"random",1
102107,126,128,168,240,0.00234575442883323,1264,45,162,26.1725046566048,20,124,5.15060102571174e-05,90,81882,0.00147773625461029,26.1725046566048,15,103,13.3416640641263,31,17,14,0.000789473684210526,221,2.61410788381743e-05,0,0,NA,NA,0.852427184466019,0.0504854368932039,0.0970873786407767,0.419571129707113,0.109508387684539,0.0558228621929972,11.6208304720296,1.71841134067464,11.0756160605952,2.41896660439512,6.14033027826341e-06,0.681159393581994,0.0210508002783577,0.523383968972204,0.0156576200417537,"random",1
102126,210,38,227,240,0.000767469057596725,216,12,227,10.816653826392,9,22.5,7.4919380228694e-06,26,82202,0.000498771319432617,10.816653826392,8,22.5,5.8309518948453,15,5,9,0.000578947368421053,21,6.22406639004149e-06,0,0,NA,NA,0.829787234042553,0.0638297872340425,0.106382978723404,0.0827510460251046,0.0452579658008032,0.024397288262951,5.17469795398671,0.61262853396771,4.80153172778033,0.825600589812374,2.04487661315517e-06,0.43478687978688,0.0128044971892567,0.300833333333333,0.00811992504684572,"random",1
102233,42,66,22,76,0.00111021643120318,246,24,18,4.47213595499958,11,6.5,8.78726863802916e-07,0,81818,0,0,0,0,0,0,0,0,0,9.5,5.39419087136929e-06,0,0,NA,NA,1,0,0,-0.0113912133891213,-9.40008844918797e-19,0,NA,NA,NA,NA,-1.70147631995854e-07,NA,NA,NA,NA,"random",1
102136,198,101,72,156,0.00200007317340878,1223,35,70,17.0293863659264,23,45.5,1.44105315570808e-05,0,81930,0,0,0,0,0,0,0,0,0,134.5,2.44813278008299e-05,0,0,NA,NA,1,0,0,-0.0113912133891213,1.90372280867685e-18,0,NA,NA,NA,NA,-4.17779195256167e-08,NA,NA,NA,NA,"random",1
102307,234,72,141,240,0.00111067714690231,842,23,138,14,15,17,2.07620417103412e-05,53,82384,0.000922509225092251,6.32455532033676,7,14,29.2745623366089,23,9,10,0.000368421052631579,206,2.0746887966805e-05,0,0,NA,NA,0.923664122137405,0.0229007633587786,0.0534351145038168,0.0471861924686192,0.0264625745620785,0.122487708521376,27.3077973727705,1.24016246592849,27.2021989885246,1.29244592238863,3.81760631335042e-06,0.708895775941231,0.0313014827018122,0.526884100747737,0.021828665568369,"random",1
102174,126,31,48,216,0.000687679083094556,272,16,46,4.47213595499958,9,6.5,2.14470653538669e-06,0,82167,0,0,0,0,0,0,0,0,0,12,5.80912863070539e-06,0,0,NA,NA,1,0,0,-0.0113912133891213,0,0,NA,NA,NA,NA,-1.25085214302243e-07,NA,NA,NA,NA,"random",1
102187,102,99,238,240,0.00168799080167331,1696,30,54,16.5529453572468,20,98.5,5.51693240216823e-05,96,81754,0.00168799080167331,16.5529453572468,20,98.5,10.0498756211209,42,24,19,0.000631578947368421,150.5,3.65145228215768e-05,0,0,NA,NA,0.8,0.0612903225806452,0.138709677419355,0.400742677824268,0.0692591855951751,0.0420496887913008,6.17651560936479,1.75059424225332,5.87537140242566,1.52544022449132,6.89439278728398e-06,0.736362656950892,0.0349278663629461,0.551685242861713,0.0242976461655277,"random",1
102248,30,56,119,240,0.00107300062185263,813,17,106,14.142135623731,11,23,1.91810247281432e-05,42,81946,0.000768798965172187,9.8488578017961,9,15,8,21,10,7,0.000368421052631579,56.5,1.78423236514523e-05,0,0,NA,NA,0.953571428571429,0.0142857142857143,0.0321428571428571,0.0513702928870293,0.0412086100493561,0.0334728033472803,4.88655259370227,1.86419000475056,5.86014912881181,1.81311646622486,3.17400534256803e-06,0.669606782106782,0.0241102181400689,0.51473063973064,0.0160734787600459,"random",1
102287,66,49,228,240,0.00102189781021898,303,18,228,11.4017542509914,7,18,5.01433759674731e-06,21,82009,0.000329232157446134,6,6,4,6.40312423743285,6,4,5,0.000421052631578947,55.5,7.88381742738589e-06,0,0,NA,NA,0.856382978723404,0.0452127659574468,0.0984042553191489,0.00534518828451883,0.0251046025104602,0.0267913148009743,5.10698107518947,1.28391213565055,4.59637778764351,0.911636794092454,1.29347759481372e-06,0.608333333333333,0.0143846563665424,0.447619047619048,0.0111880660628663,"random",1
102034,150,46,84,240,0.000953323800095332,807,17,54,20.2484567313166,8,45,1.54577109588037e-05,33,81515,0.000625651720542232,20.2484567313166,8,45,21.2132034355964,18,8,9,0.000210526315789474,185,1.99170124481328e-05,0,0,NA,NA,0.94811320754717,0.0141509433962264,0.0377358490566038,0.176893305439331,0.0847215762816594,0.0887581733706963,7.71574962145083,7.75568235240888,5.75651252288678,6.37966085743011,2.5752124623615e-06,0.555206365878303,0.0123247945867569,0.366000918273646,0.00797486708554857,"random",1
102098,78,97,130,240,0.00172464406282108,1335,37,126,24.3310501211929,16,128,3.16695337870191e-05,45,82099,0.000986613722457034,13.0384048104053,9,70.5,18.6815416922694,36,9,13,0.000631578947368421,321,2.98755186721992e-05,0,0,NA,NA,0.867924528301887,0.0251572327044025,0.106918238993711,0.283587866108787,0.0545539950226163,0.0781654464111691,10.571214137721,4.78924673537684,10.4229955734808,4.57234170689368,4.0437136118098e-06,0.693556443556444,0.0223880597014925,0.426662226662227,0.0124378109452736,"random",1
102137,102,94,24,240,0.00150381455399061,858,31,18,16.2788205960997,16,57,9.20736562255351e-06,17,81729,0.000281417856574778,0,1,2.7225,6.70820393249937,6,2,2,0,76.5,1.49377593360996e-05,0,0,NA,NA,1,0,0,0,0,0.0280677988807505,6.70820393249937,0,6.70820393249937,0,1.0946967673488e-06,NA,NA,NA,NA,"random",1
102039,42,71,84,192,0.0013560730080387,541,26,72,6.40312423743285,12,17,5.84615019307823e-06,0,81862,0,0,0,0,0,0,0,0,0,30.5,9.95850622406639e-06,0,0,NA,NA,1,0,0,0,0,0,NA,NA,NA,NA,5.63522566680162e-23,NA,NA,NA,NA,"random",1
102107,54,13,24,60,0.000232731905094379,52,4,1,1.4142135623731,4,5.445,3.50685879750998e-07,0,81569,0,0,0,0,0,0,0,0,0,1,1.6597510373444e-06,0,0,NA,NA,1,0,0,-0.0113912133891213,0,0,NA,NA,NA,NA,-1.68049659346536e-07,NA,NA,NA,NA,"random",1
102176,54,89,180,240,0.00158840707207703,1461,27,165,27.0739727413618,16,140,3.68131763822268e-05,50,82093,0.00115722412385953,27.0739727413618,11,107,26.3058928759318,45,12,13,0.000473684210526316,307.5,2.86307053941909e-05,0,0,NA,NA,0.832740213523132,0.0249110320284698,0.142348754448399,0.436307531380753,0.113280220675154,0.110066497388836,17.7162037481846,3.07909106970598,16.6846998966674,5.49751573893133,4.71559896235218e-06,0.591101051204435,0.0167400881057269,0.309085952194643,0.00881057268722467,"random",1
102175,114,29,167,240,0.000490039659023567,189,11,164,3.16227766016838,5,5.445,6.93930643946924e-06,11,82002,0.000219506841296554,3.16227766016838,4,2,3.60555127546399,7,3,3,0,12.5,5.80912863070539e-06,0,0,NA,NA,1,0,0,-0.00302301255230125,0.0132312872810392,0.0150859886002677,2.94720641765459,0.68626634596443,3.14905684280926,0.790671550730327,7.90255860740705e-07,0.629464285714286,0.0101180438448567,0.475446428571429,0.00618324901630129,"random",1
102185,78,48,46,240,0.000716141091933095,486,15,216,14.2126704035519,7,16,1.02240537405738e-05,39,81968,0.00056119461253172,13.6014705087354,5,16,19.8494332412792,7,7,7,0.000315789473684211,77.5,1.28630705394191e-05,0,0,NA,NA,0.891608391608392,0.0174825174825175,0.0909090909090909,0.0555543933054393,0.0569099184465918,0.0830520219300385,15.9877269277582,5.60874486529803,14.0668256414945,6.32285424211986,2.22034622360608e-06,0.601467803030303,0.0143974960876369,0.511404220779221,0.0122065727699531,"random",1
102159,150,11,24,24,0.000160909012142442,23,5,18,0,1,2.7225,2.47264952003538e-07,0,81862,0,0,0,0,0,0,0,0,0,0,4.149377593361e-07,0,0,NA,NA,1,0,0,-0.0113912133891213,0,0,NA,NA,NA,NA,-1.25823731270037e-07,NA,NA,NA,NA,"random",1
102220,66,97,106,240,0.00173494446955906,1463,30,102,15.8113883008419,18,95.5,2.74798049370915e-05,4,81808,8.55662037942499e-05,0,1,2.7225,2.23606797749979,3,1,1,0.000157894736842105,143.5,2.94605809128631e-05,0,0,NA,NA,0.987841945288754,0.00303951367781155,0.00911854103343465,2.02352011635078e-18,0,0.00935593296025016,NA,NA,NA,NA,3.16008970525077e-07,NA,NA,NA,NA,"random",1
102188,150,35,21,240,0.000483978301639477,138,17,13,2.23606797749979,5,5.445,1.47536361783517e-06,16,82121,0.000353137443528452,1.4142135623731,4,1,3.60555127546399,13,2,5,0,2.5,2.4896265560166e-06,0,0,NA,NA,1,0,0,-0.0072071129707113,0.00591721155804642,0.0150859886002677,2.81367840307563,0.594993533647411,2.23606797749979,0,1.43564775103698e-06,0.511764705882353,0.0154501864677677,0.276666666666667,0.00852424080980288,"random",1
102129,126,7,9,48,0.000222340254703114,44,4,11,1,2,5.445,4.30881174315412e-07,0,82145,0,0,0,0,0,0,0,0,0,1,1.6597510373444e-06,0,0,NA,NA,1,0,0,-0.0113912133891213,0,0,NA,NA,NA,NA,-4.16950714340811e-08,NA,NA,NA,NA,"random",1
102225,222,50,141,240,0.00103814257972324,594,22,119,9.8488578017961,8,20,1.4623064657659e-05,19,82069,0.000450840146705821,5.09901951359278,4,4.5,9.4339811320566,18,7,8,5.26315789473684e-05,60,1.2448132780083e-05,0,0,NA,NA,0.962566844919786,0.0267379679144385,0.0106951871657754,0.00743723849372385,0.0213348096803045,0.0394727244019105,8.20155289436085,0.916222132143694,8.02549171754717,0.830700391343811,1.84410278170925e-06,0.673412698412698,0.0177884615384615,0.393154761904762,0.00913461538461539,"random",1
101948,126,1,1,6,1.04844881997085e-05,1,1,1,0,1,2.7225,2.51441642837973e-11,0,81866,0,0,0,0,0,0,0,0,0,0,4.149377593361e-07,0,0,NA,NA,1,0,0,-0.0113912133891213,0,0,NA,NA,NA,NA,-4.24054203286751e-08,NA,NA,NA,NA,"random",1
102118,114,218,238,240,0.00393647844105674,2998,69,234,31.3209195267317,36,349.5,9.10100064536441e-05,214,81799,0.00393647844105674,31.3209195267317,36,295.5,32.7566787083184,108,43,38,0.000947368421052632,557.5,5.64315352697095e-05,0,0,NA,NA,0.83289124668435,0.0901856763925729,0.0769230769230769,1.22501046025105,0.131049872496785,0.137057233089198,19.1078455062572,5.45702900096366,18.7806678711675,4.45164526956727,1.63424657694033e-05,0.765950954270904,0.0426264230871062,0.54623769772038,0.0283293619274557,"random",1
102086,198,23,11,48,0.000405938297378798,92,8,9,2.23606797749979,5,2.7225,5.76616497365049e-07,0,82039,0,0,0,0,0,0,0,0,0,1.5,2.0746887966805e-06,0,0,NA,NA,1,0,0,-0.0113912133891213,0,0,NA,NA,NA,NA,-1.24968153948769e-07,NA,NA,NA,NA,"random",1
102305,186,1,1,3,1.00784100300337e-05,1,1,1,0,1,2.7225,6.15147980617812e-18,0,81677,0,0,0,0,0,0,0,0,0,0,4.149377593361e-07,0,0,NA,NA,1,0,0,-0.0113912133891213,0,0,NA,NA,NA,NA,-4.14780710623053e-08,NA,NA,NA,NA,"random",1
102159,102,52,119,192,0.00100144109816565,396,17,126,7.07106781186548,8,9.5,9.7180487189548e-06,0,81982,0,0,0,0,0,0,0,0,0,24,9.12863070539419e-06,0,0,NA,NA,1,0,0,-0.0113912133891213,-9.44674325109917e-19,0,NA,NA,NA,NA,-4.25377729042724e-08,NA,NA,NA,NA,"random",1
102204,138,1,1,9,1.04995695176498e-05,1,1,1,0,1,2.7225,1.27194234923614e-16,0,82054,0,0,0,0,0,0,0,0,0,0,4.149377593361e-07,0,0,NA,NA,1,0,0,-0.0113912133891213,0,0,NA,NA,NA,NA,-4.24967287080659e-08,NA,NA,NA,NA,"random",1
102083,138,89,119,240,0.00155244052782978,1336,30,114,18.0277563773199,17,94,2.26624304588823e-05,10,81638,0.00023273475587349,12.8062484748657,3,1,16.1245154965971,9,2,3,0.000368421052631579,160,3.27800829875519e-05,0,0,NA,NA,0.901960784313726,0.0352941176470588,0.0627450980392157,-0.0072071129707113,0.0535826296019485,0.0674665920359711,9.84004620959978,5.45529429906504,6.69781156610112,0.527864045000421,8.47384086430691e-07,0.484036796536797,0.0103429504627109,0.265151515151515,0.00544365813826892,"random",1
102269,66,51,118,240,0.000834342926372094,367,23,114,7.21110255092798,8,6,4.95236038179271e-06,10,81989,0.000170754613423752,1,2,5.445,2,4,2,1,0,53.5,7.46887966804979e-06,0,0,NA,NA,1,0,0,0.0113912133891213,0.00418410041841004,0.00836820083682008,NA,NA,1.5,0.707106781186548,6.72382893159072e-07,NA,NA,NA,NA,"random",1
102047,54,46,227,240,0.000896079345984828,310,10,223,8.06225774829855,8,8,1.14093025990086e-05,32,81756,0.000525955281569548,8.06225774829855,8,8,4.47213595499958,11,6,7,0.000842105263157895,10,6.22406639004149e-06,0,0,NA,NA,0.879679144385027,0.0320855614973262,0.0882352941176471,0.022081589958159,0.0337332960179856,0.0187118659205003,2.59362492298959,1.4669565042365,2.79128893469559,1.56539046236239,2.15805391188827e-06,0.595546737213404,0.0153956319369853,0.437389770723104,0.0114572144647333,"random",1
102043,234,124,144,240,0.00214004451292587,1395,40,102,20.8086520466848,23,84,4.4455996804256e-05,29,82072,0.000548299054488742,10.1980390271856,8,19,24.3515913237718,16,5,7,0.000157894736842105,168.5,3.11203319502075e-05,0,0,NA,NA,0.992268041237113,0.00257731958762887,0.00515463917525773,0.0681066945606695,0.0426696193606091,0.101889503446744,20.8809630914202,3.67191282175076,22.4431334661313,3.26070548758593,2.16737043023437e-06,0.494646897220427,0.0146723182262798,0.312247474747475,0.00945549396804695,"random",1
102169,174,128,117,240,0.00232782050188298,1988,44,114,24.1867732448956,24,137,4.02188980440598e-05,15,81792,0.000415688575899843,19.8494332412792,5,100.5,18.9736659610103,19,6,6,0.000157894736842105,223,4.149377593361e-05,0,0,NA,NA,0.945652173913043,0.00271739130434783,0.0516304347826087,0.409110878661088,0.0830520219300385,0.0793877236862355,12.3844840780754,7.42626857472016,15.164741026787,5.67774211360299,1.69727792135703e-06,0.592629551820728,0.00803212851405622,0.372789740896359,0.00354358610914245,"random",1
102246,198,34,24,240,0.000623098632848294,397,13,30,5.8309518948453,7,15.5,1.24079693918186e-05,19,82293,0.000352399353529462,5.8309518948453,5,15.5,6.40312423743285,10,4,4,0.000315789473684211,31,8.71369294605809e-06,0,0,NA,NA,0.954545454545455,0,0.0454545454545455,0.0534623430962343,0.024397288262951,0.0267913148009743,4.37553593775641,2.33942592884156,4.0247548783982,2.0170434365873,1.43175453312018e-06,0.635412587412587,0.0123614663256607,0.479794871794872,0.00809889173060529,"random",1
102030,66,127,239,240,0.00270804362145942,1155,35,240,36.3593179253957,28,380,5.34686848657707e-05,125,81978,0.00270804362145942,27.3130005674953,27,318.5,21.2132034355964,97,32,35,0.00110526315789474,462,2.57261410788382e-05,0,0,NA,NA,0.78125,0.0736607142857143,0.145089285714286,1.32124476987448,0.114280337102491,0.0887581733706963,14.3648022475774,5.73645712957118,14.6453274302761,5.42235606070231,1.11645852322445e-05,0.716534647004518,0.0267502108687794,0.465069188742073,0.0150620556693578,"random",1
102142,162,339,215,240,0.00620708998451276,5364,114,222,46.7546789102438,71,989,0.000192368942110144,338,82003,0.00620708998451276,46.7546789102438,71,989,26.1725046566048,171,82,68,0.00342105263157895,1019,0.000111203319502075,0,0,NA,NA,0.635294117647059,0.127450980392157,0.237254901960784,4.12668410041841,0.195626271590978,0.109508387684539,16.7026979044067,5.23386222587242,16.688162048117,5.3094724242977,2.58018434801643e-05,0.698097448495928,0.0327942787191547,0.508520087913991,0.0217769473616391,"random",1
102153,210,88,240,240,0.00149808172462091,1089,27,234,18.3575597506858,17,110,3.51170866480445e-05,88,82168,0.00138740142147795,18.0277563773199,17,110,13.4164078649987,26,17,10,0.000736842105263158,122,2.36514522821577e-05,0,0,NA,NA,0.701570680628272,0.0732984293193717,0.225130890052356,0.437468619246862,0.0695127314432923,0.0502183862034546,8.78422915251159,3.47008136250522,10.4171620551817,2.46483379476965,5.72009465760171e-06,0.741160714285714,0.0231566118220597,0.617191697191697,0.0178752793012391,"random",1
102256,174,111,167,240,0.00162070854638422,733,25,162,11.4017542509914,10,30,1.85833508695451e-05,15,82028,0.000280392061247379,8.24621125123532,5,11.5,5.09901951359278,8,5,3,5.26315789473684e-05,69.5,1.49377593360996e-05,0,0,NA,NA,0.983606557377049,0.0131147540983607,0.00327868852459016,0.0367259414225941,0.0345029759465913,0.0213348096803045,4.05669577515275,1.14665996781378,3.55512772018445,1.20471308470944,1.04685319193863e-06,0.483091787439614,0.00983326207781103,0.384057971014493,0.00641299700726806,"random",1
102073,78,18,11,36,0.00037037037037037,60,7,7,2.23606797749979,4,5.445,1.19810992881519e-07,0,81972,0,0,0,0,0,0,0,0,0,0.5,1.2448132780083e-06,0,0,NA,NA,1,0,0,-0.0113912133891213,0,0,NA,NA,NA,NA,-8.42905864020234e-08,NA,NA,NA,NA,"random",1
102374,66,35,105,216,0.000563187642054026,299,12,96,6.32455532033676,6,5.445,5.52669057731992e-06,0,82091,0,0,0,0,0,0,0,0,0,17,6.63900414937759e-06,0,0,NA,NA,1,0,0,-0.0113912133891213,0,0,NA,NA,NA,NA,-4.22103447002276e-08,NA,NA,NA,NA,"random",1
102157,114,28,24,240,0.000486215782564302,252,12,30,4.47213595499958,7,5.445,9.89706203837689e-06,22,81915,0.000366233290606116,2.23606797749979,5,2.5,5.3851648071345,8,5,4,0.000157894736842105,10.5,6.22406639004149e-06,0,0,NA,NA,1,0,0,-0.000930962343096233,0.00935593296025017,0.0225320703227385,4.90182248658624,0.544225823223555,4.3785346464262,0.88630860176169,1.4491193444494e-06,0.804131054131054,0.0169971671388102,0.675213675213675,0.0124645892351275,"random",1
102175,30,48,228,240,0.000889820695035288,146,15,225,3.16227766016838,4,5.445,5.2922333830267e-06,18,81976,0.000378159461305748,2.23606797749979,4,1,3.16227766016838,13,7,4,0.000473684210526316,4.5,2.4896265560166e-06,0,0,NA,NA,0.885714285714286,0.0285714285714286,0.0857142857142857,-0.0072071129707113,0.00935593296025017,0.0132312872810392,2.93072523950123,0.463104841334295,2.75456752136784,0.384383573959199,1.54013393045118e-06,0.749652777777778,0.0164893617021277,0.53125,0.00957446808510638,"random",1
102223,102,90,24,216,0.00158893126038917,736,30,18,9.89949493661167,13,16,1.00037340611387e-05,0,82036,0,0,0,0,0,0,0,0,0,45,1.45228215767635e-05,0,0,NA,NA,1,0,0,-0.0113912133891213,0,0,NA,NA,NA,NA,-1.26503414010885e-07,NA,NA,NA,NA,"random",1
102167,66,0,1,-Inf,0,1,1,1,0,0,0,3.07125926323752e-14,0,81915,0,0,0,0,0,0,0,0,0,0,4.149377593361e-07,0,0,NA,NA,1,0,0,0,0,0,NA,NA,NA,NA,0,NA,NA,NA,NA,"random",1
102410,186,1,1,11,1.15312323428005e-05,1,1,1,0,1,2.7225,1.04313221869559e-10,0,81971,0,0,0,0,0,0,0,0,0,0,4.149377593361e-07,0,0,NA,NA,1,0,0,-0.0113912133891213,0,0,NA,NA,NA,NA,-4.23457657113801e-08,NA,NA,NA,NA,"random",1
102048,186,35,203,228,0.000570079925205514,212,9,190,3.16227766016838,6,5.445,8.72830907637879e-06,0,81896,0,0,0,0,0,0,0,0,5.26315789473684e-05,7.5,4.5643153526971e-06,0,0,NA,NA,0.989010989010989,0,0.010989010989011,-0.0113912133891213,0,0,NA,NA,NA,NA,-4.16535631499256e-08,NA,NA,NA,NA,"random",1
102236,138,13,48,60,0.000292586587343192,47,9,44,1,2,5.445,1.74736568260424e-08,0,82107,0,0,0,0,0,0,0,0,0,0,8.29875518672199e-07,0,0,NA,NA,1,0,0,-0.0113912133891213,0,0,NA,NA,NA,NA,-4.1713361298527e-08,NA,NA,NA,NA,"random",1
102195,150,69,239,240,0.00131704104777932,569,24,234,10,16,24,2.70417788754595e-05,69,82002,0.00131704104777932,10,16,24,9.05538513813742,39,17,18,0.000578947368421053,48,1.32780082987552e-05,0,0,NA,NA,0.866359447004608,0.0529953917050691,0.0806451612903226,0.0890271966527197,0.0418410041841004,0.0378886407453448,5.75815462489715,1.78532903021131,5.64859940763922,1.59268877304039,5.46796713639416e-06,0.686911694502362,0.0394881170018282,0.458248101105244,0.0252285191956124,"random",1
102122,54,142,96,240,0.00253847374266222,1573,55,90,20.2484567313166,24,129.5,3.03096367601486e-05,2,82197,3.64976823971678e-05,0,1,2.7225,12.0415945787923,1,1,1,0.000210526315789474,163.5,3.15352697095436e-05,0,0,NA,NA,0.955445544554455,0.0099009900990099,0.0346534653465347,0,8.82503669731551e-19,0.0503832409154489,NA,NA,NA,NA,6.81049187312021e-08,NA,NA,NA,NA,"random",1
101944,234,79,166,240,0.00123277820265504,931,33,162,17.6918060129541,15,66,3.52325346521222e-05,44,82054,0.000853096741170449,6.32455532033676,13,15.5,7.28010988928052,26,13,12,0.000368421052631579,85,1.61825726141079e-05,0,0,NA,NA,0.927125506072874,0.0242914979757085,0.048582995951417,0.0534623430962343,0.0264625745620785,0.0304607108338097,5.55601205653016,1.02552693029211,5.61054063572606,1.03214336347823,3.48521293155654e-06,0.750897435897436,0.0280336403684421,0.522905982905983,0.0176211453744493,"random",1
102341,114,170,156,240,0.00289629323143573,2716,62,150,25.4950975679639,27,257,8.96286302106681e-05,70,81725,0.00117467115325788,17.2626765016321,13,61,20.8086520466848,26,14,11,0.002,323,5.35269709543568e-05,0,0,NA,NA,0.835502958579882,0.0390532544378698,0.125443786982249,0.243838912133891,0.0722287719733559,0.0870654897350829,16.1592173252931,4.15543800066169,16.7483302428849,3.90175578873192,4.83052648408421e-06,0.641991311384694,0.0275308287926584,0.454581050077374,0.0200745626613134,"random",1
102201,42,330,240,240,0.00603901570144082,2615,114,198,32.5576411921994,68,497,0.000119954737840594,330,81967,0.00603901570144082,32.5576411921994,68,497,21.0237960416286,165,71,63,0.00210526315789474,493.5,5.35269709543568e-05,0,0,NA,NA,0.666666666666667,0.0776515151515152,0.255681818181818,2.06810669456067,0.136224440134726,0.0879656738143458,10.9228852721642,3.67753943831335,10.1873297580704,3.68684956573205,2.52256951872735e-05,0.676346054952586,0.0480209545983702,0.487746627007883,0.0320139697322468,"random",1
102060,162,100,48,240,0.00180138511909833,1560,44,54,20.6155281280883,16,89,3.18430958622959e-05,23,81714,0.000354896345791419,6.70820393249937,5,7.5,20.3960780543711,6,5,4,0.000210526315789474,208.5,2.61410788381743e-05,0,0,NA,NA,0.918604651162791,0.0310077519379845,0.0503875968992248,0.019989539748954,0.0280677988807505,0.0853392387212182,16.7142755218631,2.48542250713974,15.1587502842956,0.717887367879621,1.35726580215333e-06,0.847222222222222,0.0147733061640346,0.720238095238095,0.0117167600611309,"random",1
102036,126,5,23,47,0.000110346856953691,21,4,21,0,1,2.7225,1.12831484975927e-07,0,82002,0,0,0,0,0,0,0,0,0,0,4.149377593361e-07,0,0,NA,NA,1,0,0,-0.0113912133891213,0,0,NA,NA,NA,NA,-4.14739596412752e-08,NA,NA,NA,NA,"random",1
101998,234,1,1,1,1.01023366704719e-05,1,1,1,0,1,2.7225,2.17991394099857e-09,0,82134,0,0,0,0,0,0,0,0,0,0,4.149377593361e-07,0,0,NA,NA,1,0,0,-0.0113912133891213,0,0,NA,NA,NA,NA,-4.22691910898405e-08,NA,NA,NA,NA,"random",1
102102,18,10,33,36,0.000172935581495893,32,4,30,1.4142135623731,2,5.445,1.96202287240679e-07,0,82142,0,0,0,0,0,0,0,0,0,0,8.29875518672199e-07,0,0,NA,NA,1,0,0,-0.0113912133891213,0,0,NA,NA,NA,NA,-1.26143639257448e-07,NA,NA,NA,NA,"random",1
102161,186,53,36,240,0.00083073727933541,542,17,30,10.770329614269,7,13.5,1.04986981232876e-05,14,81922,0.000231927931446986,1,2,5.445,7.07106781186548,5,3,3,0,50.5,1.41078838174274e-05,0,0,NA,NA,1,0,0,0.0113912133891213,0.00418410041841004,0.0295860577902321,6.74163271800972,0.570598320354384,6.74163271800972,0.570598320354384,9.28402823444533e-07,NA,NA,NA,NA,"random",1
102324,102,59,203,240,0.00102905361369327,437,27,198,13.3416640641263,12,12.5,2.00911106683226e-05,44,81620,0.000882136731193335,5.09901951359278,8,3.5,5.8309518948453,28,9,8,0.000894736842105263,54.5,8.71369294605809e-06,0,0,NA,NA,0.795081967213115,0.0614754098360656,0.14344262295082,0.0146443514644351,0.0213348096803045,0.024397288262951,4.4109413571606,0.691661637912807,4.53825080466547,0.761455572044361,3.6909486660809e-06,0.563134058454914,0.0359820089955022,0.374800867581616,0.0219890054972514,"random",1
102148,54,130,84,228,0.00219547001353873,1983,52,114,19.313207915828,22,92,3.48733062997635e-05,0,82195,0,0,0,0,0,0,0,0,0.000157894736842105,226,3.7344398340249e-05,0,0,NA,NA,0.969026548672566,0.0132743362831858,0.0176991150442478,-0.0113912133891213,-1.94407029135489e-18,0,NA,NA,NA,NA,-4.25762968303607e-08,NA,NA,NA,NA,"random",1
102163,126,66,143,240,0.00124621249144756,915,24,140,12.369316876853,13,41.5,2.12219853948731e-05,11,82103,0.000255776281012874,2,3,0,13.1529464379659,10,4,4,0.000210526315789474,113,2.19917012448133e-05,0,0,NA,NA,0.891025641025641,0.0256410256410256,0.0833333333333333,-0.0113912133891213,0.00836820083682008,0.055033248694418,12.1660841116644,0.805313510715953,12.1660841116644,0.805313510715953,1.0279060835789e-06,NA,NA,NA,NA,"random",1
102245,54,39,191,240,0.000724827350152012,234,16,186,4.24264068711928,7,5.445,1.03572950123877e-05,3,81723,8.56552011061757e-05,1,2,5.445,1,4,1,2,0.000473684210526316,13,5.80912863070539e-06,0,0,NA,NA,0.960552268244576,0.00788954635108481,0.0315581854043393,0.0113912133891213,0.00418410041841004,0.00418410041841004,0.5,0.707106781186548,NA,NA,3.16657463102427e-07,NA,NA,NA,NA,"random",1
102058,42,39,82,96,0.000673431418429193,317,14,81,8.06225774829855,8,12,1.75822714089856e-06,0,81375,0,0,0,0,0,0,0,0,0,25.5,7.46887966804979e-06,0,0,NA,NA,1,0,0,-0.0113912133891213,0,0,NA,NA,NA,NA,-8.55574271718067e-08,NA,NA,NA,NA,"random",1
102362,42,2,11,168,2.29750376216241e-05,3,1,1,1,2,5.445,5.15257347828015e-08,0,81763,0,0,0,0,0,0,0,0,0,0,1.2448132780083e-06,0,0,NA,NA,1,0,0,-0.0113912133891213,0,0,NA,NA,NA,NA,-4.24893923107627e-08,NA,NA,NA,NA,"random",1
102031,210,25,24,240,0.000377177341928405,237,12,234,5.09901951359278,6,5.445,1.45481550564042e-06,18,82050,0.000304692260816575,1,2,5.445,2.82842712474619,7,4,3,5.26315789473684e-05,7.5,4.5643153526971e-06,0,0,NA,NA,0.979411764705882,0.0147058823529412,0.00588235294117647,0,0,0.0076503226976828,2.43352102658192,0.341998713119646,2.38415776431139,0.2961795736232,1.1905537466369e-06,NA,NA,NA,NA,"random",1
102073,114,1,1,2,1.01129617831174e-05,1,1,1,0,1,2.7225,5.92807985654109e-09,0,81750,0,0,0,0,0,0,0,0,0,0,4.149377593361e-07,0,0,NA,NA,1,0,0,-0.0113912133891213,0,0,NA,NA,NA,NA,-4.1960171069939e-08,NA,NA,NA,NA,"random",1
102015,102,48,60,72,0.000855996869497163,258,20,46,4.12310562561766,10,7,1.36716286704674e-06,0,82064,0,0,0,0,0,0,0,0,0,11,6.22406639004149e-06,0,0,NA,NA,1,0,0,-0.0113912133891213,0,0,NA,NA,NA,NA,-4.17196001476707e-08,NA,NA,NA,NA,"random",1
102099,150,0,1,-Inf,0,1,1,1,0,0,0,5.72567022542703e-14,0,81571,0,0,0,0,0,0,0,0,0,0,4.149377593361e-07,0,0,NA,NA,1,0,0,0,0,0,NA,NA,NA,NA,0,NA,NA,NA,NA,"random",1
102082,78,172,179,240,0.0028606922647337,2507,72,210,33.2415402771893,25,243,9.81939478793114e-05,62,81958,0.00108592205763928,20.8806130178211,16,117,28.3019433961698,27,17,12,0.000894736842105263,424,4.64730290456432e-05,0,0,NA,NA,0.67910447761194,0.141791044776119,0.17910447761194,0.478148535564854,0.0873665816645234,0.118418173205731,22.4630045224146,6.04499141973824,21.2990515421401,6.82347445353829,4.45854090300863e-06,0.730818523581681,0.0180089032780251,0.578467000835422,0.0125455281262647,"random",1
102376,102,1,7,12,3.69253492522617e-05,7,2,1,0,1,2.7225,4.19788321983427e-08,0,81890,0,0,0,0,0,0,0,0,0,0,4.149377593361e-07,0,0,NA,NA,1,0,0,-0.0113912133891213,0,0,NA,NA,NA,NA,-4.23080854474402e-08,NA,NA,NA,NA,"random",1
101978,210,109,226,240,0.00193685133752375,1361,41,222,17.2046505340853,19,111,5.18644878789789e-05,97,81952,0.00151308082780164,11.4017542509914,11,58.5,8.54400374531753,27,12,11,0.00221052631578947,173,2.69709543568465e-05,0,0,NA,NA,0.881333333333333,0.0333333333333333,0.0853333333333333,0.233378661087866,0.0477060847321815,0.03574896964568,5.97074069226037,2.9639974939876,5.00370112144359,3.19880234757224,6.28916044451426e-06,0.70895473574045,0.0361410667443894,0.574679487179487,0.0282716409210143,"random",1
102199,174,33,240,240,0.00063345109026678,191,11,234,4.47213595499958,4,5.445,4.06084146784046e-06,33,82090,0.00063345109026678,2,4,1,4,19,7,5,0.000157894736842105,15.5,5.80912863070539e-06,0,0,NA,NA,0.982532751091703,0.00218340611353712,0.0152838427947598,-0.0072071129707113,0.00836820083682008,0.0167364016736402,3.03245553203368,0.710821220700356,3.0231825228812,0.580599120653221,2.60819899618435e-06,0.74546485260771,0.0286659316427784,0.570351473922903,0.0181918412348401,"random",1
102282,114,5,10,24,8.11153358681876e-05,10,2,1,0,1,2.7225,1.4499759472585e-08,0,81838,0,0,0,0,0,0,0,0,0,0,4.149377593361e-07,0,0,NA,NA,1,0,0,-0.0113912133891213,0,0,NA,NA,NA,NA,-8.48211564999958e-08,NA,NA,NA,NA,"random",1
102175,42,110,48,240,0.00195828011919966,1424,33,54,13.6014705087354,19,35,3.29494150733361e-05,8,81664,0.000208170062695925,13.6014705087354,4,6.5,9.48683298050514,9,3,3,0.000473684210526316,159,2.78008298755187e-05,0,0,NA,NA,0.930493273542601,0.0112107623318386,0.0582959641255605,0.0158054393305439,0.0569099184465918,0.0396938618431177,8.51684446787175,0.441633858669872,8.69769815804041,0.72461722821831,8.28837916632352e-07,0.351817683595177,0.00574324324324324,0.225310559006211,0.0027027027027027,"random",1
102139,186,16,82,216,0.000264775631432321,130,10,10,1.4142135623731,2,5.445,2.02266470193229e-06,0,81942,0,0,0,0,0,0,0,0,0,5,3.3195020746888e-06,0,0,NA,NA,1,0,0,-0.0113912133891213,0,0,NA,NA,NA,NA,-1.26789641066556e-07,NA,NA,NA,NA,"random",1
102193,66,186,227,240,0.00283796786884447,3075,54,222,37.4432904536981,27,288.5,8.396198869138e-05,139,81742,0.00258129235888527,25,18,142,24.6981780704569,72,27,26,0.00252631578947368,530,6.43153526970954e-05,0,0,NA,NA,0.683569979716024,0.0791075050709939,0.237322515212982,0.582751046025105,0.104602510460251,0.103339657198565,18.2901447562861,6.64901714435019,17.8767336610977,6.59079961144783,1.07583474309392e-05,0.784100629499112,0.0371152154793316,0.535235713164406,0.0244503078276165,"random",1
102210,162,56,141,240,0.00097220633649777,816,21,42,9.21954445729289,10,14,1.07623060167495e-05,21,81965,0.000414811199902397,7.21110255092798,4,4,5.65685424949238,13,4,4,5.26315789473684e-05,48.5,1.61825726141079e-05,0,0,NA,NA,0.969512195121951,0.0182926829268293,0.0121951219512195,0.00534518828451883,0.0301719772005355,0.0236688462321857,3.82281696616508,1.58579966923122,3.82281696616508,1.58579966923122,1.69321317002126e-06,0.9,0.0168316831683168,0.557440476190476,0.0103960396039604,"random",1
102038,126,153,155,239,0.00267824385471444,1896,55,150,28.0178514522438,27,253.5,3.97048830529125e-05,0,81890,2.44230064720967e-05,0,1,2.7225,1,2,0,1,0,273,3.60995850622407e-05,0,0,NA,NA,1,0,0,0,1.14176941488278e-17,0.00418410041841004,NA,NA,NA,NA,6.02020348972423e-08,NA,NA,NA,NA,"random",1
102068,186,35,35,240,0.000671132750057961,228,17,30,7.28010988928052,8,11.5,8.20912907093295e-06,3,81897,6.10522973979511e-05,1,2,5.445,5,2,2,2,0.000210526315789474,34.5,7.05394190871369e-06,0,0,NA,NA,0.961340206185567,0.0077319587628866,0.0309278350515464,0.0113912133891213,0.00418410041841004,0.0209205020920502,4.73606797749979,0.373256245764358,4.73606797749979,0.373256245764358,2.13393878625449e-07,NA,NA,NA,NA,"random",1
102168,54,96,120,240,0.00181760515272763,1705,37,114,27.2946881279124,17,223.5,3.21698348764995e-05,74,82150,0.00136335970785149,27.2946881279124,11,223.5,21.4709105535839,38,14,13,0.000421052631578947,343.5,2.94605809128631e-05,0,0,NA,NA,0.905263157894737,0.0140350877192982,0.0807017543859649,0.912364016736402,0.11001961559796,0.0856523454124849,13.327234355643,8.31165204991869,12.165122514208,7.32297290933094,5.49224983858417e-06,0.648608861522464,0.0157016683022571,0.460533925837235,0.0103743165568485,"random",1
102089,114,20,47,72,0.000353529196635377,100,8,43,2.82842712474619,4,5.445,7.91270462382435e-07,0,82036,0,0,0,0,0,0,0,0,0,3,2.4896265560166e-06,0,0,NA,NA,1,0,0,-0.0113912133891213,0,0,NA,NA,NA,NA,-4.27791509647575e-08,NA,NA,NA,NA,"random",1
102091,162,37,47,72,0.000645750837648492,154,12,42,3.60555127546399,8,5.445,5.01038126309695e-07,0,81976,0,0,0,0,0,0,0,0,0,19,4.149377593361e-06,0,0,NA,NA,1,0,0,-0.0113912133891213,0,0,NA,NA,NA,NA,-4.15493279022269e-08,NA,NA,NA,NA,"random",1
102141,210,41,22,60,0.000574761840705367,213,19,18,3.60555127546399,6,5.445,1.55270418852281e-06,0,81903,0,0,0,0,0,0,0,0,0,9,4.149377593361e-06,0,0,NA,NA,1,0,0,-0.0227824267782427,-0.00418410041841004,-0.00935593296025017,NA,NA,NA,NA,-2.12055040667067e-07,NA,NA,NA,NA,"random",1
102043,162,61,191,216,0.000889273987595768,590,31,181,5.8309518948453,12,15,1.5953140525476e-05,0,81978,0,0,0,0,0,0,0,0,0,44.5,1.20331950207469e-05,0,0,NA,NA,1,0,0,-0.0113912133891213,0,9.55781888201223e-19,NA,NA,NA,NA,-8.49891413623536e-08,NA,NA,NA,NA,"random",1
101959,234,76,178,180,0.00133085883128617,275,22,174,8.06225774829855,11,15.5,7.88636894369783e-06,0,81892,0,0,0,0,0,0,0,0,0,15.5,6.22406639004149e-06,0,0,NA,NA,1,0,0,-0.0113912133891213,0,0,NA,NA,NA,NA,-4.23530525899125e-08,NA,NA,NA,NA,"random",1
101975,234,211,168,240,0.00375091934297622,3100,60,162,28.8617393793236,37,235,8.18323147510935e-05,26,82156,0.000340815034811821,24.738633753706,4,8.5,15.6204993518133,2,5,2,0.000157894736842105,356,5.76763485477178e-05,0,0,NA,NA,0.914691943127962,0.00947867298578199,0.0758293838862559,0.024173640167364,0.103508927839774,0.0653577378736959,13.6625996312665,2.76888833856384,13.0265267722,1.62388432976219,1.38388746007607e-06,0.91,0.0105382009785472,0.84,0.00978547233722243,"random",1
102264,138,1,1,3,1.01516658883723e-05,1,1,1,0,1,2.7225,4.69756449092588e-10,0,81885,0,0,0,0,0,0,0,0,0,0,4.149377593361e-07,0,0,NA,NA,1,0,0,-0.0113912133891213,0,0,NA,NA,NA,NA,-4.1757489205689e-08,NA,NA,NA,NA,"random",1
102278,78,157,228,240,0.00268673409842443,1123,48,234,16.7630546142402,24,94,6.02239527762414e-05,120,81966,0.00197642925115292,16.4924225024706,23,94,10.1980390271856,42,27,21,0.00168421052631579,112,2.32365145228216e-05,0,0,NA,NA,0.663299663299663,0.198653198653199,0.138047138047138,0.381914225941423,0.0690059518931826,0.0426696193606091,7.64189814912326,1.55931469317386,7.44049066977034,1.94398146173332,8.22762291389078e-06,0.793881619118811,0.0365029292474087,0.615851110727771,0.0270392068499324,"random",1
102294,222,97,216,240,0.00157288300920563,911,38,222,19.8494332412792,21,89.5,3.69499542258729e-05,86,82017,0.00152407427728398,17.8044938147649,20,89.5,20.5182845286832,39,24,20,0.00115789473684211,131.5,2.15767634854772e-05,0,0,NA,NA,0.736507936507937,0.111111111111111,0.152380952380952,0.363085774058577,0.0744957900199366,0.0799333513234732,11.0311884818576,6.62236089859926,10.890348494459,6.34722613862577,6.20868323141568e-06,0.752963702963703,0.0278955590270029,0.561473248973249,0.019192144610578,"random",1
102140,174,37,117,192,0.000750670241286863,214,12,117,3.16227766016838,8,5.445,4.84125538301322e-06,0,82103,0,0,0,0,0,0,0,0,0,6,4.5643153526971e-06,0,0,NA,NA,1,0,0,-0.0113912133891213,0,0,NA,NA,NA,NA,-4.26844488942509e-08,NA,NA,NA,NA,"random",1
102217,162,0,1,-Inf,0,1,1,1,0,0,0,2.46268279907592e-08,0,81861,0,0,0,0,0,0,0,0,0,0,4.149377593361e-07,0,0,NA,NA,1,0,0,0,0,0,NA,NA,NA,NA,0,NA,NA,NA,NA,"random",1
102074,42,63,48,156,0.00103528494695687,480,28,42,7.61577310586391,10,11,7.05738605335059e-06,0,81777,0,0,0,0,0,0,0,0,0,23.5,9.12863070539419e-06,0,0,NA,NA,1,0,0,-0.0227824267782427,-0.00591721155804642,-0.00591721155804642,NA,NA,NA,NA,-2.09573870933344e-07,NA,NA,NA,NA,"random",1
102206,222,77,179,240,0.00148044829442568,663,25,174,9.21954445729289,18,32.5,3.16975977842031e-05,31,82236,0.000595846101464079,8.60232526704263,7,20.5,10.1980390271856,18,5,7,0.000315789473684211,67,1.53526970954357e-05,0,0,NA,NA,0.902702702702703,0.0162162162162162,0.0810810810810811,0.0743828451882845,0.0359929927491323,0.0426696193606091,9.06352484235431,2.1589975306526,7.57398260449961,2.9653809845316,2.45093505375651e-06,0.634535256410256,0.0192761605035405,0.390424679487179,0.0121951219512195,"random",1
102183,54,1,1,2,1.01692157500814e-05,1,1,1,0,1,2.7225,6.74191239330572e-09,0,82172,0,0,0,0,0,0,0,0,0,0,4.149377593361e-07,0,0,NA,NA,1,0,0,-0.0113912133891213,0,0,NA,NA,NA,NA,-4.21848103887689e-08,NA,NA,NA,NA,"random",1
102058,198,85,59,228,0.00149213571096597,622,29,42,8.06225774829855,13,19,1.46693841763086e-05,0,81977,0,0,0,0,0,0,0,0,0.000263157894736842,62,1.32780082987552e-05,0,0,NA,NA,0.859154929577465,0.028169014084507,0.112676056338028,-0.0113912133891213,9.42548475714451e-19,-1.8850969514289e-18,NA,NA,NA,NA,-8.4833194821934e-08,NA,NA,NA,NA,"random",1
102100,186,14,12,24,0.000259448240076105,42,4,4,1.4142135623731,3,5.445,1.27634541063783e-07,0,81705,0,0,0,0,0,0,0,0,0,1,1.6597510373444e-06,0,0,NA,NA,1,0,0,-0.0113912133891213,0,0,NA,NA,NA,NA,-8.40737922400394e-08,NA,NA,NA,NA,"random",1
102111,150,11,11,24,0.000198115427000656,22,5,10,1,2,5.445,2.54869071776275e-08,0,82082,0,0,0,0,0,0,0,0,0,0,8.29875518672199e-07,0,0,NA,NA,1,0,0,-0.0113912133891213,0,0,NA,NA,NA,NA,-4.18037988031656e-08,NA,NA,NA,NA,"random",1
102235,174,1,1,6,1.03404061711544e-05,1,1,1,0,1,2.7225,5.93528222066584e-08,0,81996,0,0,0,0,0,0,0,0,0,0,4.149377593361e-07,0,0,NA,NA,1,0,0,-0.0113912133891213,0,0,NA,NA,NA,NA,-4.18485369207462e-08,NA,NA,NA,NA,"random",1
102216,210,136,36,240,0.00216217536830275,1133,52,30,15.0332963783729,19,52,1.55709014596295e-05,21,82138,0.000657430178480119,3.16227766016838,4,1.5,9.48683298050514,33,6,5,0.000263157894736842,131.5,2.15767634854772e-05,0,0,NA,NA,0.946859903381642,0.0144927536231884,0.0386473429951691,-0.00511506276150627,0.0132312872810392,0.0396938618431177,9.43337527586269,0.119535061501625,8.71188482673064,1.23437243931342,2.66600574488504e-06,0.749613481756339,0.0305084745762712,0.428416821273964,0.011864406779661,"random",1
102420,102,50,57,228,0.000706163099325492,767,19,222,10.295630140987,8,12,1.68765208164799e-05,0,82205,0,0,0,0,0,0,0,0,0.000263157894736842,48,1.32780082987552e-05,0,0,NA,NA,0.831858407079646,0.0265486725663717,0.141592920353982,-0.0113912133891213,9.67045093837555e-19,9.73396068906508e-19,NA,NA,NA,NA,-8.44062136815889e-08,NA,NA,NA,NA,"random",1
102384,78,115,144,240,0.00192885221085529,1273,54,138,16.2788205960997,19,81,5.79435407516766e-05,62,81673,0.00104073561642158,15.1327459504216,12,65,10.1980390271856,23,13,9,0.00126315789473684,119.5,2.57261410788382e-05,0,0,NA,NA,0.453333333333333,0.0933333333333333,0.453333333333333,0.260575313807531,0.0633169286628517,0.0426696193606091,8.56193506934087,1.46796674074716,8.34768201447215,1.63581439473727,4.31289664220663e-06,0.790565417488494,0.0235849056603774,0.603287310979619,0.0172031076581576,"random",1
102229,102,1,1,9,1.05060777659876e-05,1,1,1,0,1,2.7225,7.00660883940135e-16,0,81995,0,0,0,0,0,0,0,0,0,0,8.29875518672199e-07,0,0,NA,NA,1,0,0,-0.0113912133891213,0,0,NA,NA,NA,NA,-4.25282608799199e-08,NA,NA,NA,NA,"random",1
102217,210,253,120,240,0.0043781337898985,3100,69,114,43.8634243989226,36,505.5,7.58271308335931e-05,33,82210,0.000742002189514658,19,8,44,28.8617393793236,28,9,9,0.000473684210526316,596,5.850622406639e-05,0,0,NA,NA,0.779005524861878,0.0883977900552486,0.132596685082873,0.17270920502092,0.0794979079497908,0.12076041581307,15.8580539243519,5.09533035718903,14.9088008514815,5.41466659335764,3.0624251598944e-06,0.652502412448233,0.0160526315789474,0.438257575757576,0.00868421052631579,"random",1
102088,90,53,192,216,0.000905941260727446,233,23,186,3.60555127546399,6,5.445,1.14816872070338e-05,0,82092,0,0,0,0,0,0,0,0,0,7.5,4.5643153526971e-06,0,0,NA,NA,1,0,0,-0.0113912133891213,0,0,NA,NA,NA,NA,-4.20326731737726e-08,NA,NA,NA,NA,"random",1
102247,78,35,22,36,0.000479560083550023,73,12,18,2.23606797749979,3,5.445,2.14291876758627e-07,0,82204,0,0,0,0,0,0,0,0,0,0.5,1.2448132780083e-06,0,0,NA,NA,1,0,0,-0.0227824267782427,-0.00418410041841004,-0.00418410041841004,NA,NA,NA,NA,-1.26984605359995e-07,NA,NA,NA,NA,"random",1
102048,54,57,83,204,0.00092754189194137,375,16,78,8.24621125123532,11,21,3.6474626479016e-06,0,81791,0,0,0,0,0,0,0,0,0,25,7.88381742738589e-06,0,0,NA,NA,1,0,0,-0.0113912133891213,0,0,NA,NA,NA,NA,-4.23611997166205e-08,NA,NA,NA,NA,"random",1
102235,102,102,107,240,0.0016638530951311,1345,34,90,17.8885438199983,19,108,3.74219658930353e-05,22,82068,0.000316810449870839,17.0880074906351,4,76,15.8113883008419,4,2,3,0.000736842105263158,195,3.3195020746888e-05,0,0,NA,NA,0.940387481371088,0.0119225037257824,0.0476900149031297,0.306600418410042,0.0714979392913601,0.0661564364051962,12.3131329121552,5.6196207017379,15.0646046820591,1.05611152184065,1.28377671550199e-06,0.512301587301587,0.00667693888032871,0.433333333333333,0.00564971751412429,"random",1
102282,114,60,81,152,0.00124173697089222,512,21,78,5.09901951359278,11,8.5,5.08666136714739e-06,0,81900,0,0,0,0,0,0,0,0,0,44,1.49377593360996e-05,0,0,NA,NA,1,0,0,-0.0227824267782427,-0.00418410041841004,-0.00418410041841004,NA,NA,NA,NA,-8.35083110811519e-08,NA,NA,NA,NA,"random",1
102151,174,148,203,240,0.00271142355871275,2641,50,54,27.2029410174709,22,238,6.04026730516021e-05,49,82204,0.000863704929200526,27.2029410174709,13,87,14.422205101856,22,13,10,0.000789473684210526,349,4.9792531120332e-05,0,0,NA,NA,0.846846846846847,0.021021021021021,0.132132132132132,0.341234309623431,0.109635736474774,0.0561598539826609,13.5722680815313,0.661260684053078,13.4328325430366,0.778199220400745,3.52890887333925e-06,0.750238095238095,0.0163368614818224,0.522216117216117,0.0112747353888633,"random",1
102140,42,100,143,240,0.00183107703951464,1146,36,126,14.2126704035519,21,53.5,3.33960647208555e-05,4,82025,4.87656202377324e-05,0,1,2.7225,4.47213595499958,0,1,0,0.000105263157894737,116,2.44813278008299e-05,0,0,NA,NA,0.915360501567398,0.0125391849529781,0.0721003134796238,1.82067991858667e-18,9.62962324150371e-19,0.0187118659205003,NA,NA,NA,NA,1.1915973071135e-07,NA,NA,NA,NA,"random",1
102353,234,44,24,168,0.000844067672208154,518,19,18,9.05538513813742,11,7.5,8.22939435382648e-06,0,82513,0,0,0,0,0,0,0,0,0,56.5,1.12033195020747e-05,0,0,NA,NA,1,0,0,-0.0113912133891213,0,0,NA,NA,NA,NA,-8.48831042939605e-08,NA,NA,NA,NA,"random",1
101909,210,59,83,240,0.000895849899845994,782,28,78,10.816653826392,10,20,1.22857377307523e-05,8,81984,0.000134172521467603,1,2,5.445,3.16227766016838,3,1,2,0.000157894736842105,103.5,1.6597510373444e-05,0,0,NA,NA,0.969555035128806,0.0140515222482436,0.0163934426229508,0.0113912133891213,0.00418410041841005,0.0132312872810392,2.69917281883408,0.6549291474156,NA,NA,4.78070075758402e-07,NA,NA,NA,NA,"random",1
102059,78,45,240,240,0.000829167174734788,249,14,238,5.09901951359278,6,5.445,5.6066465210203e-06,45,82010,0.000829167174734788,4.12310562561766,6,3.5,7.07106781186548,23,8,7,0.000210526315789474,21,7.88381742738589e-06,0,0,NA,NA,0.948356807511737,0.028169014084507,0.0234741784037559,0.00325313807531381,0.0172514879732957,0.0295860577902321,5.7344319114577,1.06567932715778,5.40679292441972,1.14222353201105,3.42718234253033e-06,0.673129992737836,0.0314378178455848,0.491326901130823,0.0208044382801664,"random",1
102062,102,47,240,240,0.000709792691582838,179,14,234,16.1245154965971,6,19,3.4679187847496e-06,47,81714,0.000709792691582838,16.1245154965971,6,19,14.422205101856,11,7,8,5.26315789473684e-05,21.5,4.5643153526971e-06,0,0,NA,NA,0.980535279805353,0.0048661800486618,0.0145985401459854,0.0681066945606695,0.0674665920359711,0.0603439544010709,3.21534602270022,4.5558815931316,5.33093516553021,6.23254779131822,2.84306450146581e-06,0.603373015873016,0.0150298004664421,0.494378306878307,0.0121793210676341,"random",1
102349,210,41,96,132,0.000656383327863472,288,11,90,4.47213595499958,8,7,2.45917771325267e-06,0,82189,0,0,0,0,0,0,0,0,0,15.5,6.22406639004149e-06,0,0,NA,NA,1,0,0,-0.0113912133891213,-9.41058483057808e-19,0,NA,NA,NA,NA,-4.20605603089131e-08,NA,NA,NA,NA,"random",1
102242,66,38,45,215,0.000584141563686538,312,12,42,5.8309518948453,7,8,2.65730753347791e-06,0,81852,0,0,0,0,0,0,0,0,0,16,6.63900414937759e-06,0,0,NA,NA,0.992063492063492,0.00396825396825397,0.00396825396825397,-0.0113912133891213,0,0,NA,NA,NA,NA,-8.49391071540813e-08,NA,NA,NA,NA,"random",1
102019,162,29,33,240,0.000453698253874828,151,15,30,2.23606797749979,4,5.445,5.2067754366056e-06,9,81533,0.000171709614511915,1,2,5.445,2.23606797749979,5,2,2,0,3.5,2.9045643153527e-06,0,0,NA,NA,0.992105263157895,0.00263157894736842,0.00526315789473684,0.0113912133891213,0.00418410041841004,0.00935593296025017,1.82514076993644,0.58113883008419,1.82514076993644,0.58113883008419,6.34800048640219e-07,NA,NA,NA,NA,"random",1
102333,210,1,1,10,1.07944732297064e-05,1,1,1,0,1,2.7225,1.00090690206767e-08,0,81879,0,0,0,0,0,0,0,0,0,0,4.149377593361e-07,0,0,NA,NA,1,0,0,-0.0113912133891213,0,0,NA,NA,NA,NA,-4.20187434689742e-08,NA,NA,NA,NA,"random",1
102053,114,149,130,240,0.00246862282620651,2608,56,78,40.4598566482878,30,344.5,6.83297297601016e-05,25,81803,0.000464530640685549,40.4598566482878,7,55.5,31.3049516849971,13,4,7,0.000210526315789474,611,5.850622406639e-05,0,0,NA,NA,0.936170212765957,0.00354609929078014,0.0602836879432624,0.220826359832636,0.169288103130911,0.130983061443502,24.2607518605848,10.5507616953622,25.56888669819,8.83040452188714,1.81796776865832e-06,0.461549619847939,0.00650239561943874,0.304081632653061,0.00427789185489391,"random",1
102275,198,25,130,240,0.000341628500357642,142,8,240,3.16227766016838,3,5.445,1.34496858320294e-06,5,81871,0.000244286743779849,3.16227766016838,3,1.5,2.82842712474619,15,3,4,0,5,3.7344398340249e-06,0,0,NA,NA,1,0,0,-0.00511506276150627,0.0132312872810392,0.0118344231160928,2.17869416052972,0.58113883008419,1.96211650579089,0.47449786780808,9.37771056237053e-07,0.464037698412698,0.00935891436593355,0.119047619047619,0.00233972859148339,"random",1
102001,210,12,21,24,0.000192379629134826,39,6,11,1,2,5.445,8.13492488446534e-08,0,82070,0,0,0,0,0,0,0,0,0,0,8.29875518672199e-07,0,0,NA,NA,1,0,0,-0.0113912133891213,0,0,NA,NA,NA,NA,-4.25516161742097e-08,NA,NA,NA,NA,"random",1
102142,210,141,239,240,0.00229556638216296,2128,40,222,25.9422435421457,27,211,7.62910557768725e-05,137,81761,0.00225046171157398,25.6124969497314,21,188,15,47,26,19,0.00142105263157895,233.5,4.77178423236515e-05,0,0,NA,NA,0.679310344827586,0.0620689655172414,0.258620689655172,0.775219665271967,0.107165259203897,0.0627615062761506,8.21293751658779,3.32001915677096,8.51751460226987,3.32716437828436,9.33247745425096e-06,0.775369486480598,0.0301244269810085,0.609735326401993,0.0224296005239031,"random",1
102053,138,6,240,240,0.000182801988885639,19,4,238,1.4142135623731,4,2.7225,9.31294908182743e-08,6,82056,0.000182801988885639,1.4142135623731,4,1,2.23606797749979,9,1,4,0,0,8.29875518672199e-07,0,0,NA,NA,1,0,0,-0.0072071129707113,0.00591721155804642,0.00935593296025017,1.66257038496822,0.560784825075977,NA,NA,7.22688973236565e-07,0.252564102564103,0.00722195474241695,0.1,0.00288878189696678,"random",1
101983,114,9,20,24,0.000179567931929941,30,5,25,1.4142135623731,3,5.445,1.03358223727169e-07,0,82009,0,0,0,0,0,0,0,0,0,0.5,1.2448132780083e-06,0,0,NA,NA,1,0,0,-0.0113912133891213,0,0,NA,NA,NA,NA,-4.20301398132601e-08,NA,NA,NA,NA,"random",1
102307,210,62,72,96,0.00113406336121747,357,17,84,5.8309518948453,11,14.5,2.44548032954381e-06,0,81643,0,0,0,0,0,0,0,0,0,25.5,8.29875518672199e-06,0,0,NA,NA,1,0,0,-0.0113912133891213,0,0,NA,NA,NA,NA,-4.18891767373483e-08,NA,NA,NA,NA,"random",1
102253,114,54,203,240,0.000934398395569584,429,15,198,9.48683298050514,10,22.5,1.37821975641343e-05,11,82136,0.000231323658322782,5,4,8,7.61577310586391,8,3,3,0.000157894736842105,34,1.03734439834025e-05,0,0,NA,NA,0.96830985915493,0.00352112676056338,0.028169014084507,0.022081589958159,0.0209205020920502,0.0318651594387611,6.13048081280898,1.4580149195641,6.43300387059716,1.71017303256806,8.41192868390076e-07,0.426510989010989,0.00881670533642691,0.267628205128205,0.00510440835266821,"random",1
102203,90,69,71,156,0.00127015144113337,689,26,66,8.06225774829855,11,18,6.92807326984304e-06,0,82070,0,0,0,0,0,0,0,0,0,56.5,1.36929460580913e-05,0,0,NA,NA,1,0,0,-0.0113912133891213,0,0,NA,NA,NA,NA,-1.27355660506997e-07,NA,NA,NA,NA,"random",1
102241,126,1,1,9,1.03610837693623e-05,1,1,1,0,1,2.7225,2.9121838296984e-19,0,81836,0,0,0,0,0,0,0,0,0,0,4.149377593361e-07,0,0,NA,NA,1,0,0,-0.0113912133891213,0,0,NA,NA,NA,NA,-4.19391417758559e-08,NA,NA,NA,NA,"random",1
102232,126,93,108,240,0.00171107308726473,916,39,102,11.1803398874989,13,47,1.29568633231241e-05,33,82010,0.00057310084136081,6.08276253029822,5,4,7.81024967590665,14,5,5,5.26315789473684e-05,86,2.15767634854772e-05,0,0,NA,NA,0.995495495495496,0.00225225225225225,0.00225225225225225,0.00534518828451883,0.0254508892481097,0.0326788689368479,7.12711580303909,0.505247872423079,7.26070451792562,0.320487720853952,2.35651014798597e-06,0.579288766788767,0.0227382680212869,0.405979165170342,0.0159651669085631,"random",1
102408,54,113,203,240,0.00185214714143781,862,46,198,13.0384048104053,21,54,4.35557555676036e-05,40,81906,0.0007081288306107,11.6619037896906,12,53,6.40312423743285,18,12,7,0.00110526315789474,59.5,1.70124481327801e-05,0,0,NA,NA,0.809734513274336,0.0464601769911504,0.143805309734513,0.210366108786611,0.0487945765259021,0.0267913148009743,5.16873909134091,1.15390304615182,4.9812941128243,1.09712465267187,2.92090681122162e-06,0.688191509345356,0.0161830357142857,0.551051939513478,0.0111607142857143,"random",1
102231,210,45,48,120,0.000842521704091725,244,18,42,4.12310562561766,8,6,1.79352873461426e-06,0,82216,0,0,0,0,0,0,0,0,0,9,4.9792531120332e-06,0,0,NA,NA,1,0,0,-0.0113912133891213,0,0,NA,NA,NA,NA,-4.22043839297355e-08,NA,NA,NA,NA,"random",1
102299,174,51,36,228,0.000748567028830524,527,19,32,5.3851648071345,6,9.5,7.7369560405943e-06,0,81821,0,0,0,0,0,0,0,0,0.000157894736842105,39,1.07883817427386e-05,0,0,NA,NA,0.933544303797468,0.00949367088607595,0.0569620253164557,-0.0113912133891213,0,-9.73396068906508e-19,NA,NA,NA,NA,-8.53601896976569e-08,NA,NA,NA,NA,"random",1
102177,42,35,143,216,0.00057308686533678,498,15,54,11.4017542509914,7,21.5,1.10623982129773e-05,0,82098,0,0,0,0,0,0,0,0,0,54,9.95850622406639e-06,0,0,NA,NA,1,0,0,-0.0113912133891213,-1.92169952262725e-18,1.93696767667826e-18,NA,NA,NA,NA,-4.23607708423359e-08,NA,NA,NA,NA,"random",1
102038,198,16,57,240,0.000256773941113176,153,7,79,4.47213595499958,6,5.445,1.6054143108038e-06,12,81951,0.000231845859110932,1,2,5.445,3.60555127546399,7,2,3,0,7,4.149377593361e-06,0,0,NA,NA,1,0,0,0.0113912133891213,0.00418410041841004,0.0150859886002677,3.08746850831879,0.44867283761068,2.82842712474619,0,9.28156200171283e-07,NA,NA,NA,NA,"random",1
102162,54,45,24,192,0.00095331214861892,306,20,22,10.0498756211209,13,27.5,1.13985598623986e-06,0,81616,0,0,0,0,0,0,0,0,0,27,7.88381742738589e-06,0,0,NA,NA,1,0,0,-0.0227824267782427,-0.00418410041841004,-0.00418410041841004,NA,NA,NA,NA,-2.52497887960375e-07,NA,NA,NA,NA,"random",1
102096,150,8,22,24,0.000130837359098229,29,4,20,1,2,5.445,4.65741174342279e-08,0,81984,1.21975019516003e-05,0,1,2.7225,0,1,0,1,0,0,8.29875518672199e-07,0,0,NA,NA,1,0,0,0,0,0,NA,NA,NA,NA,8.45147634823867e-09,NA,NA,NA,NA,"random",1
102378,222,56,202,240,0.000962346664067925,422,21,186,8.48528137423857,9,17,2.04974505068393e-05,5,82180,7.30104648332928e-05,0,1,2.7225,2.23606797749979,1,1,1,0.000315789473684211,24.5,7.88381742738589e-06,0,0,NA,NA,0.944636678200692,0.0173010380622837,0.0380622837370242,0,0,0.00935593296025017,NA,NA,NA,NA,2.63429742735898e-07,NA,NA,NA,NA,"random",1
102088,150,26,214,231,0.000463516381644751,129,15,211,2.23606797749979,4,5.445,5.77490796993513e-06,0,81932,0,0,0,0,0,0,0,0,0.000210526315789474,4,2.9045643153527e-06,0,0,NA,NA,0.969767441860465,0.00465116279069767,0.0255813953488372,-0.0113912133891213,0,0,NA,NA,NA,NA,-8.45110618852954e-08,NA,NA,NA,NA,"random",1
102209,42,139,156,240,0.00253115264797508,2005,44,150,39.1152144312159,24,308.5,6.90488094726178e-05,121,81651,0.00231472976448543,39.1152144312159,21,308.5,23.3452350598575,68,28,22,0.000789473684210526,396,3.98340248962656e-05,0,0,NA,NA,0.781350482315113,0.0482315112540193,0.170418006430868,1.27940376569038,0.163661985067849,0.0976788077818306,16.2132189104754,7.02340887367137,17.0065516879288,6.46861823702651,9.5999256425608e-06,0.675314410154807,0.021247892074199,0.476996908527815,0.0136031478358628,"random",1
102282,66,13,10,12,0.000184026499815973,22,4,6,2,3,5.445,2.04349082073301e-08,0,81833,0,0,0,0,0,0,0,0,0,0,1.2448132780083e-06,0,0,NA,NA,1,0,0,-0.0113912133891213,0,0,NA,NA,NA,NA,-1.24513210415829e-07,NA,NA,NA,NA,"random",1
102059,54,270,108,240,0.00450362007608295,3746,93,102,28.3019433961698,42,243,7.50953413343855e-05,41,82084,0.000804054383314653,18.0277563773199,6,10.5,12,25,7,7,0.000894736842105263,339,6.76348547717842e-05,0,0,NA,NA,0.928779069767442,0.0174418604651163,0.0537790697674419,0.0325418410041841,0.0754299430013387,0.0502092050209205,9.16180545020273,2.09877925822166,9.16180545020273,2.09877925822166,3.3222478908211e-06,0.620669674752492,0.0245901639344262,0.403607196467104,0.0152757078986587,"random",1
102138,198,191,95,228,0.00301581463773446,1579,62,90,14.142135623731,29,61,3.11170151094467e-05,0,81800,0,0,0,0,0,0,0,0,5.26315789473684e-05,129.5,3.02904564315353e-05,0,0,NA,NA,0.995910020449898,0.00204498977505112,0.00204498977505112,-0.0113912133891213,0,0,NA,NA,NA,NA,-4.24600720343619e-08,NA,NA,NA,NA,"random",1
102300,114,167,144,240,0.0028174829675868,1430,41,138,12.6491106406735,28,67.5,4.71089489069116e-05,30,81810,0.000598948783767266,12.5299640861417,7,40.5,10.816653826392,19,9,8,0.000631578947368421,98,2.61410788381743e-05,0,0,NA,NA,0.886409736308316,0.0344827586206897,0.0791075050709939,0.158064853556485,0.0524266279754882,0.0452579658008032,5.55156497890437,1.43631523997146,6.28992492374551,2.23415532368513,2.46411724940251e-06,0.632857142857143,0.0150815635580179,0.397683982683983,0.00923361034164358,"random",1
102122,138,18,12,36,0.000308520090828315,47,5,3,1.4142135623731,2,5.445,2.3068569897828e-07,0,81766,0,0,0,0,0,0,0,0,0,0,8.29875518672199e-07,0,0,NA,NA,1,0,0,-0.0113912133891213,0,0,NA,NA,NA,NA,-1.25975263749161e-07,NA,NA,NA,NA,"random",1
102117,42,58,216,240,0.00095045451222187,703,19,211,10.816653826392,11,27,1.8443095110901e-05,39,81838,0.000696497959383172,7.21110255092798,6,26,6.40312423743285,18,7,7,0.000631578947368421,66.5,1.49377593360996e-05,0,0,NA,NA,0.958742632612967,0.00982318271119843,0.031434184675835,0.0973953974895398,0.0301719772005355,0.0267913148009743,3.85346852943217,1.7347171742934,3.22445078122748,1.42714284008822,2.82994464285813e-06,0.748579545454545,0.022248243559719,0.542279411764706,0.0152224824355972,"random",1
102244,102,35,70,221,0.000574368500164978,412,11,114,9.21954445729289,10,19.5,7.81716335166444e-06,0,81852,0,0,0,0,0,0,0,0,0,28.5,1.03734439834025e-05,0,0,NA,NA,1,0,0,-0.0113912133891213,0,0,NA,NA,NA,NA,-4.21537852708098e-08,NA,NA,NA,NA,"random",1
102091,30,151,72,228,0.00247042885278749,2031,63,66,21.9317121994613,26,147,3.4612778043901e-05,0,82012,1.2193337560357e-05,0,1,2.7225,7.07106781186548,1,0,1,0.000210526315789474,225.5,4.02489626556017e-05,0,0,NA,NA,0.915540540540541,0.0168918918918919,0.0675675675675676,-0.0113912133891213,-0.00418410041841004,0.0254019573718221,NA,NA,NA,NA,-3.28996686470893e-08,NA,NA,NA,NA,"random",1
102257,90,1,1,1,1.01579562192087e-05,1,1,1,0,1,2.7225,7.85872908084921e-12,0,81834,0,0,0,0,0,0,0,0,0,0,4.149377593361e-07,0,0,NA,NA,1,0,0,-0.0113912133891213,0,0,NA,NA,NA,NA,-4.2501908866982e-08,NA,NA,NA,NA,"random",1
102212,174,26,84,96,0.000402022293963574,102,11,78,4,5,5.445,4.88893463533257e-07,0,82086,1.21823453451258e-05,0,1,2.7225,2.82842712474619,1,0,1,0,3,2.4896265560166e-06,0,0,NA,NA,1,0,0,0,0,0.0118344231160928,NA,NA,NA,NA,9.062000314353e-09,NA,NA,NA,NA,"random",1
102327,222,57,132,240,0.000927111924367185,619,18,126,13.4164078649987,9,22,1.76253263343536e-05,25,82060,0.000426517182549354,13.4164078649987,5,13,9.8488578017961,10,6,6,0.000263157894736842,65,1.45228215767635e-05,0,0,NA,NA,0.890756302521008,0.0294117647058824,0.0798319327731092,0.0430020920502092,0.056135597761501,0.0412086100493561,7.96428718237121,2.02092939314097,7.59210639971585,1.79774984312958,1.74274553326085e-06,0.523333333333333,0.0129294421869228,0.339047619047619,0.00923531584780199,"random",1
102196,234,53,237,240,0.00089121119263591,260,17,222,5.09901951359278,9,6.5,1.95745345344611e-05,48,82382,0.000728314437619868,5.09901951359278,9,6.5,3.16227766016838,12,9,6,0.000263157894736842,9,4.5643153526971e-06,0,0,NA,NA,0.868965517241379,0.0482758620689655,0.0827586206896552,0.0158054393305439,0.0213348096803045,0.0132312872810392,2.07714012331902,0.906965649690148,1.6982994616712,0.938217088843626,2.96311293863774e-06,0.785882352941176,0.0269058295964126,0.640882352941176,0.02152466367713,"random",1
102204,162,29,239,240,0.000621761658031088,239,11,238,3,4,5.445,3.56342062432245e-06,28,82025,0.000621761658031088,2.23606797749979,4,1,3.60555127546399,23,6,6,0.000210526315789474,10.5,4.9792531120332e-06,0,0,NA,NA,0.910326086956522,0.0353260869565217,0.0543478260869565,-0.0072071129707113,0.00935593296025017,0.0150859886002677,3.15501776596679,0.23459641028946,2.88742588672279,0.441957122829478,2.47441932044854e-06,0.642777110844338,0.0271710175812467,0.367286914765906,0.014917421417155,"random",1
102234,210,13,23,201,0.000183029504356102,50,3,1,1.4142135623731,3,5.445,2.9829644796076e-07,0,81952,0,0,0,0,0,0,0,0,0,1,1.6597510373444e-06,0,0,NA,NA,1,0,0,-0.0113912133891213,0,0,NA,NA,NA,NA,-1.28182805772072e-07,NA,NA,NA,NA,"random",1
102150,114,26,24,228,0.000514378092392103,157,8,21,4.12310562561766,7,6,2.09212221098132e-06,0,82249,0,0,0,0,0,0,0,0,5.26315789473684e-05,8,5.39419087136929e-06,0,0,NA,NA,0.993485342019544,0.00325732899022801,0.00325732899022801,-0.0113912133891213,0,0,NA,NA,NA,NA,-4.17825086719597e-08,NA,NA,NA,NA,"random",1
102101,210,94,179,240,0.00171633070406077,1170,30,174,18.4390889145858,15,56,2.74039857216967e-05,13,81933,0.000207486604908889,1,2,5.445,14.142135623731,4,2,2,0,155.5,2.32365145228216e-05,0,0,NA,NA,1,0,0,0.0113912133891213,0.00418410041841003,0.0591721155804642,14.0889022356746,0.0752833793603969,14.0889022356746,0.0752833793603969,7.84292562021926e-07,NA,NA,NA,NA,"random",1
102084,30,53,33,216,0.000851809486723941,443,24,30,7,11,7,9.34024175844456e-06,0,81877,0,0,0,0,0,0,0,0,0,28,1.07883817427386e-05,0,0,NA,NA,1,0,0,-0.0113912133891213,0,0,NA,NA,NA,NA,-1.26289590365821e-07,NA,NA,NA,NA,"random",1
102234,126,25,36,213,0.000475859292067792,126,8,24,13.9283882771841,7,13,2.51271833873559e-06,0,82122,0,0,0,0,0,0,0,0,0,39.5,5.39419087136929e-06,0,0,NA,NA,1,0,0,-0.0113912133891213,0,0,NA,NA,NA,NA,-4.17545722196058e-08,NA,NA,NA,NA,"random",1
102128,162,13,12,48,0.000196826177881658,40,5,6,1,2,5.445,1.66018082291171e-07,0,81942,0,0,0,0,0,0,0,0,0,0,8.29875518672199e-07,0,0,NA,NA,1,0,0,-0.0113912133891213,0,0,NA,NA,NA,NA,-8.48495380112354e-08,NA,NA,NA,NA,"random",1
102154,138,31,46,128,0.000512182629691959,194,16,42,3.60555127546399,6,5.445,1.50185528516014e-06,0,82169,1.21700397960301e-05,0,1,2.7225,2.23606797749979,1,0,1,0,8.5,4.9792531120332e-06,0,0,NA,NA,1,0,0,0,9.32374767893296e-19,0.00935593296025017,NA,NA,NA,NA,-1.18678667382043e-07,NA,NA,NA,NA,"random",1
102050,186,48,107,204,0.000780716307211867,642,17,102,10.770329614269,10,17,1.28681611296642e-05,0,81450,0,0,0,0,0,0,0,0,0,41,1.28630705394191e-05,0,0,NA,NA,1,0,0,-0.0113912133891213,-9.58127914855505e-19,-1.91625582971101e-18,NA,NA,NA,NA,-2.51960642235919e-07,NA,NA,NA,NA,"random",1
102149,150,33,33,240,0.000601928628462625,224,10,9,6.08276253029822,7,5.445,2.76423237984505e-06,6,82018,0.000121924455607306,1.4142135623731,3,0.5,5,4,3,3,5.26315789473684e-05,17.5,7.46887966804979e-06,0,0,NA,NA,0.992831541218638,0.003584229390681,0.003584229390681,-0.00929916317991632,0.00591721155804642,0.0209205020920502,4.28273065419442,0.698088257625847,4.28273065419442,0.698088257625847,3.82356760345388e-07,0.474074074074074,0.0058343057176196,0.292592592592593,0.00350058343057176,"random",1
102283,78,114,240,240,0.0018726364045381,1437,50,234,31.0161248385416,20,216,4.72601978389794e-05,114,82237,0.0018726364045381,19.1049731745428,10,25.5,22.6715680975093,40,16,16,0.000263157894736842,309,2.86307053941909e-05,0,0,NA,NA,0.981538461538462,0.00615384615384615,0.0123076923076923,0.0953033472803347,0.0799371262533172,0.0948601175628003,13.8421131450022,8.17449064221657,14.7486756139458,8.13480211664099,7.79307819667559e-06,0.741223155929038,0.0383752803388986,0.537145217335529,0.0284076750560678,"random",1
102104,210,179,240,240,0.00280724780341974,836,45,234,12,19,24,1.56170955046104e-05,179,82287,0.00280724780341974,12,19,24,9.21954445729289,52,27,23,0.000526315789473684,70.5,1.6597510373444e-05,0,0,NA,NA,0.895652173913044,0.041304347826087,0.0630434782608696,0.0890271966527197,0.0502092050209205,0.0385754998213091,3.72222311450778,1.73645756137384,3.61683048360262,1.66179358419005,1.16619905947184e-05,0.843660040302509,0.0796826491893756,0.639225938409241,0.0617454294584339,"random",1
102143,90,198,143,240,0.00306369747130642,2835,64,150,37.0135110466435,25,288.5,6.55421425465469e-05,60,82106,0.000974350230190242,32.8937684067971,8,205.5,34.0147027033899,20,10,9,0.000473684210526316,600.5,5.4356846473029e-05,0,0,NA,NA,0.885964912280702,0.0087719298245614,0.105263157894737,0.848441422594142,0.137630830153963,0.142320931813347,27.0895187239491,11.572714557005,26.7575397163551,10.961248323459,3.99198469344641e-06,0.733971291866029,0.0111794298490777,0.566277143908723,0.00838457238680827,"random",1
102075,78,13,9,12,0.000196513617237712,24,4,4,2,3,5.445,8.83635946702823e-08,0,81917,0,0,0,0,0,0,0,0,0,0,1.2448132780083e-06,0,0,NA,NA,1,0,0,-0.0113912133891213,0,0,NA,NA,NA,NA,-1.25281219798091e-07,NA,NA,NA,NA,"random",1
102098,126,110,215,240,0.00182767325771335,923,36,198,17.8885438199983,18,87,3.66326259349683e-05,28,82052,0.000463120947691708,16.1245154965971,9,29.5,22.8035085019828,10,8,5,0.000736842105263158,127.5,2.19917012448133e-05,0,0,NA,NA,0.838120104438642,0.0391644908616188,0.122715404699739,0.100648535564854,0.0632824916175611,0.091228069045953,17.1140808197435,5.96953072855059,16.3936552332692,4.42371118828732,1.85273468859214e-06,0.462765964971847,0.0114526823387583,0.374160960680569,0.00843881856540084,"random",1
102186,186,1,1,4,1.01665277241211e-05,1,1,1,0,1,2.7225,5.08328281572058e-09,0,81680,0,0,0,0,0,0,0,0,0,0,4.149377593361e-07,0,0,NA,NA,1,0,0,-0.0113912133891213,0,-0.00418410041841004,NA,NA,NA,NA,-4.14994635986833e-08,NA,NA,NA,NA,"random",1
102351,42,68,35,156,0.00109910239970691,392,22,30,4.47213595499958,9,5.5,3.90770474460881e-06,0,82017,0,0,0,0,0,0,0,0,0,16,7.46887966804979e-06,0,0,NA,NA,1,0,0,-0.0113912133891213,0,0,NA,NA,NA,NA,-4.25386378447543e-08,NA,NA,NA,NA,"random",1
102158,78,166,48,240,0.00294174851696976,3046,66,42,35.1710107901379,28,437.5,7.38909271210167e-05,111,81923,0.00207511931936086,34.8855270850248,27,431.5,18.3575597506858,59,27,22,0.000789473684210526,570,6.97095435684647e-05,0,0,NA,NA,0.666666666666667,0.126436781609195,0.206896551724138,1.79404811715481,0.145964548472907,0.0768098734338319,13.8813373020224,2.56149550406825,14.6829471632452,2.78110859354577,8.64002727918981e-06,0.607148686842363,0.018388318009735,0.448829747693384,0.0120064899945917,"random",1
102112,78,26,168,228,0.000452217700045222,179,12,162,3,5,5.445,9.10556203561846e-06,0,82077,0,0,0,0,0,0,0,0,5.26315789473684e-05,12.5,5.80912863070539e-06,0,0,NA,NA,0.974137931034483,0,0.0258620689655172,-0.0113912133891213,0,0,NA,NA,NA,NA,-4.22376153926373e-08,NA,NA,NA,NA,"random",1
102117,30,21,59,72,0.000451726327098696,135,11,58,4.24264068711928,6,5.445,8.88256783079991e-07,0,81749,0,0,0,0,0,0,0,0,0,7.5,4.9792531120332e-06,0,0,NA,NA,1,0,0,-0.0227824267782427,-0.00418410041841004,-0.00418410041841004,NA,NA,NA,NA,-8.34075973728442e-08,NA,NA,NA,NA,"random",1
102204,222,1,1,9,1.04322063073119e-05,1,1,1,0,1,2.7225,1.93696276836723e-08,0,82177,0,0,0,0,0,0,0,0,0,0,4.149377593361e-07,0,0,NA,NA,1,0,0,-0.0113912133891213,0,0,NA,NA,NA,NA,-4.22022554911043e-08,NA,NA,NA,NA,"random",1
102151,210,81,108,240,0.00137843541481147,967,26,102,13.6014705087354,16,38,2.39529650057068e-05,48,81989,0.000878166583322153,6.70820393249937,8,11.5,10,24,9,8,0.000421052631578947,68,2.0746887966805e-05,0,0,NA,NA,0.944664031620553,0.0197628458498024,0.0355731225296443,0.0367259414225941,0.0280677988807505,0.0418410041841004,8.70259759788349,0.767031419965432,8.36890280124171,0.840624256900639,3.63207438191561e-06,0.745416666666667,0.0317740511915269,0.550449346405229,0.0211827007943513,"random",1
102131,150,100,190,240,0.0017056322413226,1595,39,186,18.9736659610103,14,130.5,4.60883779002238e-05,20,81888,0.000280871434153966,18.7882942280559,4,19.5,11,3,6,2,0.000263157894736842,173,3.15352697095436e-05,0,0,NA,NA,0.814516129032258,0.104838709677419,0.0806451612903226,0.0701987447698745,0.0786121097408198,0.0460251046025105,10.5,0.707106781186548,9.71847563219496,1.28898318985134,1.13285965924068e-06,0.8375,0.00713399503722084,0.7875,0.00620347394540943,"random",1
102157,186,77,142,240,0.00107331666267027,938,25,138,9.4339811320566,11,25.5,2.32801752753773e-05,33,82122,0.00054796522247388,6.40312423743285,4,4,6.08276253029822,12,4,4,0.000105263157894737,67,1.86721991701245e-05,0,0,NA,NA,0.984749455337691,0.00217864923747277,0.0130718954248366,0.00534518828451883,0.0267913148009743,0.0254508892481097,4.48740274488084,1.34819217484545,4.48740274488084,1.34819217484545,2.25100776817653e-06,0.655952380952381,0.0222772277227723,0.457034632034632,0.0163366336633663,"random",1
102146,150,13,9,168,0.000197197332906072,70,4,1,1.4142135623731,3,5.445,1.35074328056355e-06,0,82030,0,0,0,0,0,0,0,0,0,1,1.6597510373444e-06,0,0,NA,NA,1,0,0,-0.0113912133891213,0,0,NA,NA,NA,NA,-1.69134858707065e-07,NA,NA,NA,NA,"random",1
102316,90,38,69,96,0.000647099042781793,270,13,54,4.12310562561766,8,5.445,2.39695148338003e-06,0,81979,0,0,0,0,0,0,0,0,0,12.5,5.80912863070539e-06,0,0,NA,NA,1,0,0,-0.0113912133891213,0,0,NA,NA,NA,NA,-1.68321767594012e-07,NA,NA,NA,NA,"random",1
102201,198,91,119,240,0.00150483942679298,1141,27,114,16.0312195418814,14,31.5,2.77181226496573e-05,21,81834,0.000513234108072439,4.47213595499958,7,6,11.0453610171873,21,7,6,0.000263157894736842,86,2.44813278008299e-05,0,0,NA,NA,0.908695652173913,0.0326086956521739,0.058695652173913,0.0137133891213389,0.0187118659205003,0.0462148996535032,9.73570318308001,1.36356160006023,9.49663954953981,1.39623665990732,2.10519182566517e-06,0.75187074829932,0.0199714693295292,0.408163265306122,0.00998573466476462,"random",1
102108,138,31,216,240,0.000559930860711112,189,12,210,4.47213595499958,8,6,7.22487278850518e-06,20,81809,0.000330037037489763,4.12310562561766,6,3.5,3.16227766016838,7,6,5,0.000421052631578947,6.5,4.5643153526971e-06,0,0,NA,NA,0.93734335839599,0.0200501253132832,0.0426065162907268,0.00325313807531381,0.0172514879732957,0.0132312872810392,1.86011261594915,0.821569424932242,2.28315145290232,0.738013097263195,1.33862311000281e-06,0.545844491642811,0.0123400365630713,0.390533136331456,0.00914076782449726,"random",1
102162,102,1,1,3,1.01614656898111e-05,1,1,1,0,1,2.7225,2.47649497756231e-10,0,81755,0,0,0,0,0,0,0,0,0,0,4.149377593361e-07,0,0,NA,NA,1,0,0,-0.0113912133891213,0,0,NA,NA,NA,NA,-4.17929423004549e-08,NA,NA,NA,NA,"random",1
102119,186,28,240,240,0.000513667217024399,289,10,68,5,6,5.445,4.22115637824673e-06,28,81967,0.000414801078482804,2.23606797749979,3,0.5,3.16227766016838,6,4,3,0.000157894736842105,13.5,6.22406639004149e-06,0,0,NA,NA,0.978813559322034,0.00847457627118644,0.0127118644067797,-0.00929916317991632,0.00935593296025016,0.0132312872810392,2.05409255338946,1.08215325770658,2.33113883008419,1.04293927907219,1.65073875114297e-06,0.833333333333333,0.0202380952380952,0.676816239316239,0.0166666666666667,"random",1
102292,234,43,213,240,0.000814015648539632,526,17,227,24.6981780704569,9,64,1.57151939276031e-05,40,82488,0.000678886625933469,24.1660919471891,9,48,25.0798724079689,16,12,8,0.000473684210526316,188.5,1.20331950207469e-05,0,0,NA,NA,0.882022471910112,0.050561797752809,0.0674157303370786,0.189445606694561,0.10111335542757,0.104936704635853,23.3887583194289,1.11661952867745,20.7689841306114,5.79020786397917,2.75603411364296e-06,0.697633477633478,0.0106727653897465,0.572640692640693,0.00762340384981894,"random",1
102181,54,52,189,240,0.000879539707553047,611,18,178,10.295630140987,11,11,1.43887375661233e-05,11,81915,0.000231947750717207,9.48683298050514,3,1.5,7.28010988928052,8,2,3,0,55.5,1.20331950207469e-05,0,0,NA,NA,1,0,0,-0.00511506276150627,0.0396938618431177,0.0304607108338097,5.28024439570569,2.67927764190798,6.80233260480864,0.67567911549392,8.86630368485402e-07,0.554112554112554,0.00798319327731092,0.347619047619048,0.0046218487394958,"random",1
102359,210,8,10,12,9.73625565243731e-05,11,3,1,0,1,2.7225,2.70971349413625e-08,0,82089,0,0,0,0,0,0,0,0,0,0,4.149377593361e-07,0,0,NA,NA,1,0,0,-0.0113912133891213,0,0,NA,NA,NA,NA,-1.26456259749251e-07,NA,NA,NA,NA,"random",1
102059,186,56,60,240,0.000853329692459979,316,23,54,22.4722050542442,8,87,4.56374464824711e-06,4,81872,0.000109927692007035,8.60232526704263,3,1,9.21954445729289,5,3,2,0,150.5,8.29875518672199e-06,0,0,NA,NA,1,0,0,-0.0072071129707113,0.0359929927491323,0.0385754998213092,5.72780621739634,4.93806357511846,4.15187081159756,4.43203713270843,3.31927805783634e-07,0.465277777777778,0.0034856700232378,0.388888888888889,0.00154918667699458,"random",1
102277,222,8,240,240,0.000279299080741721,37,11,240,2.23606797749979,4,5.445,2.26835500061858e-09,8,82349,0.000279299080741721,2.23606797749979,4,1,3.16227766016838,15,2,7,0,0,1.6597510373444e-06,0,0,NA,NA,1,0,0,-0.0072071129707113,0.00935593296025017,0.0132312872810392,2.7711922339526,0.455238988035544,2.5,0.707106781186548,1.12611565027901e-06,0.284818927571028,0.0111272375423319,0.0882352941176471,0.003870343492985,"random",1
102102,186,28,48,240,0.000500372228120919,218,13,43,11.0453610171873,7,44.5,1.51336922016113e-06,9,82094,0.000182717372767803,1.4142135623731,3,0.5,5.65685424949238,6,1,3,0,58,5.39419087136929e-06,0,0,NA,NA,1,0,0,-0.00929916317991632,0.00591721155804642,0.0236688462321857,4.96649831220389,0.707701753787492,NA,NA,6.80815784434176e-07,0.381180223285486,0.00861573808156232,0.230769230769231,0.00516944284893739,"random",1
102311,66,153,82,240,0.00242276718686018,2030,53,78,23.7697286480094,24,177.5,4.66164145992698e-05,37,81818,0.000537778972842162,23.3452350598575,5,60.5,19.0262975904404,7,8,4,0.00115789473684211,279,4.149377593361e-05,0,0,NA,NA,0.764705882352941,0.0420168067226891,0.19327731092437,0.241746861924686,0.0976788077818306,0.0796079397089558,6.42020028324684,0.841449798856872,8.14422796551713,4.46210083073481,2.20740452881945e-06,0.864495798319328,0.0117930849638167,0.734634687208217,0.00991691235593675,"random",1
102179,150,22,23,48,0.000439662436951185,105,12,21,5,8,5.445,8.78263088830298e-07,0,81922,0,0,0,0,0,0,0,0,0,4.5,3.7344398340249e-06,0,0,NA,NA,1,0,0,-0.0113912133891213,0,0,NA,NA,NA,NA,-8.42286523217693e-08,NA,NA,NA,NA,"random",1
102051,102,5,9,12,8.6102979163079e-05,12,3,5,0,1,2.7225,8.78828754676841e-09,0,82005,0,0,0,0,0,0,0,0,0,0,4.149377593361e-07,0,0,NA,NA,1,0,0,-0.0113912133891213,0,0,NA,NA,NA,NA,-4.24415521469802e-08,NA,NA,NA,NA,"random",1
102213,102,87,191,240,0.0014000998332055,1372,32,174,21.540659228538,13,125.5,4.62214914369991e-05,13,82229,0.000218900874387382,1,2,5.445,13.8924439894498,5,4,3,0.000473684210526316,227,2.78008298755187e-05,0,0,NA,NA,0.88470066518847,0.0399113082039911,0.0753880266075388,0.0113912133891213,0.00418410041841004,0.058127380708995,13.7337652812994,0.274839584595809,13.6544259272243,0.274839584595809,8.30735913571455e-07,NA,NA,NA,NA,"random",1
102279,222,110,180,240,0.00219729244741757,1164,45,177,15.0332963783729,16,43.5,3.36405717428408e-05,29,81733,0.000575043128234618,15.0332963783729,8,43.5,19.2353840616713,18,7,7,0.00105263157894737,184,2.78008298755187e-05,0,0,NA,NA,0.8760907504363,0.0296684118673647,0.0942408376963351,0.170617154811715,0.0629008216668323,0.0804827785007169,9.8113956110657,4.34272597074934,9.59264454604039,4.45099603634307,2.36422938205096e-06,0.62719298245614,0.0122972265829409,0.415695488721805,0.0075876504447933,"random",1
102092,54,116,228,240,0.00187377565795077,839,30,222,12.0415945787923,13,23,2.10062817614965e-05,65,81999,0.0010487932779668,8.06225774829855,12,23,11.4017542509914,21,13,10,0.00142105263157895,85.5,1.86721991701245e-05,0,0,NA,NA,0.820560747663551,0.0299065420560748,0.149532710280374,0.0848430962343096,0.0337332960179856,0.0477060847321815,9.33706860542924,1.29920910022969,9.44204683113642,1.25899335787724,4.26372341776866e-06,0.746827651515152,0.0321495327102804,0.624118416305916,0.0242990654205607,"random",1
102149,78,55,156,240,0.00100381941043972,536,18,150,7.21110255092798,10,9.5,1.74201842726665e-05,14,81966,0.000244003611253447,1,2,5.445,9.48683298050514,6,2,1,0,44,1.07883817427386e-05,0,0,NA,NA,1,0,0,0.0113912133891213,0.00418410041841004,0.0396938618431177,NA,NA,9.01541836291133,0.666680945702084,9.78476832514377e-07,NA,NA,NA,NA,"random",1
102269,138,1,1,9,2.07215234464038e-05,4,1,1,1,2,5.445,2.94714555611532e-08,0,81863,0,0,0,0,0,0,0,0,0,0,8.29875518672199e-07,0,0,NA,NA,1,0,0,-0.0113912133891213,0,0,NA,NA,NA,NA,-4.23046632938005e-08,NA,NA,NA,NA,"random",1
102382,234,0,1,-Inf,0,1,1,1,0,0,0,1.26737203272811e-16,0,82600,0,0,0,0,0,0,0,0,0,0,4.149377593361e-07,0,0,NA,NA,1,0,0,0,0,0,NA,NA,NA,NA,0,NA,NA,NA,NA,"random",1
101979,18,55,72,204,0.0010151126318791,396,19,66,9.05538513813742,9,33.5,3.76826757060554e-06,0,81779,1.2228078112963e-05,0,1,2.7225,9.05538513813742,1,0,1,0,52.5,7.46887966804979e-06,0,0,NA,NA,1,0,0,0,-9.24909619971541e-19,0.0378886407453448,NA,NA,NA,NA,-3.30795604469252e-08,NA,NA,NA,NA,"random",1
102254,102,83,60,178,0.00124167650675009,364,23,54,5.65685424949238,11,10,3.32868406728111e-06,0,82226,1.21616033857904e-05,0,1,2.7225,2.23606797749979,1,0,1,0,19.5,8.29875518672199e-06,0,0,NA,NA,1,0,0,-0.0113912133891213,-0.00418410041841004,0.00517183254184012,NA,NA,NA,NA,-7.4468415127606e-08,NA,NA,NA,NA,"random",1
102108,78,5,12,13,8.61909745736625e-05,12,4,10,0,1,2.7225,1.41654077441523e-08,0,81985,0,0,0,0,0,0,0,0,0,0,4.149377593361e-07,0,0,NA,NA,1,0,0,-0.0113912133891213,0,0,NA,NA,NA,NA,-1.26666813881653e-07,NA,NA,NA,NA,"random",1
102214,66,10,10,240,0.000172143182623665,44,5,8,2,4,5.445,5.1472740513604e-07,5,81817,0.00011000158891184,1,2,5.445,1.4142135623731,4,2,2,0,1.5,2.0746887966805e-06,0,0,NA,NA,1,0,0,0.0113912133891213,0.00418410041841004,0.00591721155804642,1.20710678118655,0.292893218813453,1.20710678118655,0.292893218813453,4.17821307502446e-07,NA,NA,NA,NA,"random",1
102170,126,37,180,240,0.000719995118677161,274,16,174,5,7,5.445,8.13053568248022e-06,1,82088,2.43640970665627e-05,0,1,2.7225,4.24264068711928,1,1,1,5.26315789473684e-05,16,6.22406639004149e-06,0,0,NA,NA,1,0,0,0,-1.84336197240436e-18,0.0177516346741393,NA,NA,NA,NA,6.06173801534989e-08,NA,NA,NA,NA,"random",1
102118,54,48,35,60,0.00069626824650339,191,15,30,5,6,5.5,1.60897854350647e-06,0,81897,0,0,0,0,0,0,0,0,0,6.5,3.7344398340249e-06,0,0,NA,NA,1,0,0,-0.0113912133891213,0,0,NA,NA,NA,NA,-4.2110511457428e-08,NA,NA,NA,NA,"random",1
102131,222,47,143,216,0.000831577148715612,549,17,150,15.8113883008419,8,35.5,7.99104115884543e-06,0,81921,1.2206882240207e-05,0,1,2.7225,17.0293863659264,1,0,1,0,76,1.12033195020747e-05,0,0,NA,NA,1,0,0,5.50810994908745e-18,3.72635964755524e-18,0.0712526626189389,NA,NA,NA,NA,8.7016093653864e-09,NA,NA,NA,NA,"random",1
102311,186,14,12,48,0.00033229542293823,59,7,10,3,5,5.445,2.6084053003111e-07,0,82341,0,0,0,0,0,0,0,0,0,0,1.6597510373444e-06,0,0,NA,NA,1,0,0,-0.0113912133891213,0,0,NA,NA,NA,NA,-8.45230123409937e-08,NA,NA,NA,NA,"random",1
102148,174,185,227,240,0.00319282467492901,2520,61,222,32.2024843762092,31,506,8.44852803127068e-05,131,81890,0.00234460862132128,31.8904374382039,25,420,21.0237960416286,61,29,30,0.00257894736842105,532.5,4.9792531120332e-05,0,0,NA,NA,0.691029900332226,0.0847176079734219,0.224252491694352,1.7459309623431,0.133432792628468,0.0879656738143458,12.7384045603137,4.08103890480478,13.0714609094602,4.50781219139601,9.68197490636257e-06,0.783434534215784,0.0203497615262321,0.557167225135975,0.0138844727080021,"random",1
102354,162,94,107,240,0.00159675932871809,772,27,66,8.06225774829855,13,16.5,8.84791483956558e-06,13,81698,0.000330485446400157,5.65685424949238,2,5.445,5.8309518948453,14,3,4,0,44,1.53526970954357e-05,0,0,NA,NA,1,0,0,0.0113912133891213,0.0236688462321857,0.024397288262951,3.6225827286092,2.55000506519297,4.35870578402123,2.55000506519297,1.13181356067689e-06,NA,NA,NA,NA,"random",1
102370,138,55,12,59,0.000894607843137255,151,19,9,3.16227766016838,7,5.445,7.7523790595719e-07,0,81847,0,0,0,0,0,0,0,0,0,5,3.7344398340249e-06,0,0,NA,NA,1,0,0,-0.0227824267782427,-0.00418410041841004,-0.00418410041841004,NA,NA,NA,NA,-1.70478661889116e-07,NA,NA,NA,NA,"random",1
102178,90,27,70,81,0.000439260090780419,133,11,60,3,5,5.445,1.08698755365068e-06,0,82141,0,0,0,0,0,0,0,0,0,12,4.5643153526971e-06,0,0,NA,NA,1,0,0,-0.0227824267782427,-0.00418410041841004,-0.00418410041841004,NA,NA,NA,NA,-1.28794390059821e-07,NA,NA,NA,NA,"random",1
102262,138,1,1,1,1.04667106268513e-05,1,1,1,0,1,2.7225,3.03379736093216e-09,0,81872,0,0,0,0,0,0,0,0,0,0,4.149377593361e-07,0,0,NA,NA,1,0,0,-0.0113912133891213,0,0,NA,NA,NA,NA,-4.37937683131854e-08,NA,NA,NA,NA,"random",1
102211,186,60,178,204,0.000841319774672617,267,17,174,5.09901951359278,5,5.445,5.3578795614557e-06,0,81900,0,0,0,0,0,0,0,0,0,18.5,5.39419087136929e-06,0,0,NA,NA,1,0,0,-0.0113912133891213,0,-9.49055093328429e-19,NA,NA,NA,NA,-8.42108525220392e-08,NA,NA,NA,NA,"random",1
102157,138,50,60,240,0.000707161842522373,175,14,54,5.09901951359278,7,5.445,1.54732766705069e-06,6,81904,0.000158722406720063,0,1,2.7225,1.4142135623731,7,1,1,0,4.5,3.3195020746888e-06,0,0,NA,NA,1,0,0,0,0,0.00591721155804642,NA,NA,NA,NA,5.79254067130326e-07,NA,NA,NA,NA,"random",1
102166,18,7,11,24,0.000148952747605298,33,3,6,2.23606797749979,3,5.445,2.15117497296852e-07,0,81944,0,0,0,0,0,0,0,0,0,1,1.6597510373444e-06,0,0,NA,NA,1,0,0,-0.0113912133891213,0,0,NA,NA,NA,NA,-4.27774015030011e-08,NA,NA,NA,NA,"random",1
102236,222,50,238,240,0.000719991771522611,394,14,106,5.8309518948453,7,7,1.3454327455598e-05,48,81795,0.000709089797664894,2.23606797749979,5,1.5,7.61577310586391,10,8,6,0,24,8.29875518672199e-06,0,0,NA,NA,1,0,0,-0.00511506276150627,0.00935593296025017,0.0318651594387611,6.74283853132385,0.664043860443955,6.82489585145926,0.581423491327703,2.71673498344951e-06,0.837820512820513,0.0310825294748124,0.692307692307692,0.0257234726688103,"random",1
102152,138,26,24,120,0.000501516782464038,106,11,24,2,5,5.445,5.12781662775429e-07,0,81985,0,0,0,0,0,0,0,0,0,3,2.4896265560166e-06,0,0,NA,NA,1,0,0,-0.0113912133891213,0,0,NA,NA,NA,NA,-8.43313598389609e-08,NA,NA,NA,NA,"random",1
102238,78,36,141,156,0.00062750288080868,351,13,132,6,8,9,7.86973234285182e-06,0,82027,0,0,0,0,0,0,0,0,0,21.5,8.29875518672199e-06,0,0,NA,NA,1,0,0,-0.0113912133891213,9.37571710433282e-19,0,NA,NA,NA,NA,-1.27739289220273e-07,NA,NA,NA,NA,"random",1
102231,186,53,239,240,0.000917218509671112,794,21,234,13.6014705087354,11,72,2.10472574806236e-05,53,81805,0.000904590183974085,13.4164078649987,11,72,15.2315462117278,21,9,12,0.000842105263157895,104,1.53526970954357e-05,0,0,NA,NA,0.891696750902527,0.036101083032491,0.0722021660649819,0.289864016736402,0.056135597761501,0.0637303188775222,10.7019395558748,3.3523652018025,10.3362448220193,3.39960267556211,3.74237266079276e-06,0.762202380952381,0.0192157881069852,0.559638278388278,0.0137626590495975,"random",1
102129,174,91,107,225,0.00146744114949557,380,25,102,6,10,9.5,6.24773443005472e-06,0,81997,0,0,0,0,0,0,0,0,5.26315789473684e-05,26.5,9.54356846473029e-06,0,0,NA,NA,0.997229916897507,0.00277008310249307,0,-0.0113912133891213,0,0,NA,NA,NA,NA,-1.27561444434362e-07,NA,NA,NA,NA,"random",1
102113,150,82,35,156,0.00146895006793894,331,33,30,6.32455532033676,12,16,3.28306256367233e-06,0,82156,0,0,0,0,0,0,0,0,0,19.5,6.63900414937759e-06,0,0,NA,NA,1,0,0,-0.0113912133891213,0,0,NA,NA,NA,NA,-8.46041940837139e-08,NA,NA,NA,NA,"random",1
102089,198,121,70,240,0.00183707691157465,1198,63,66,24.2074368738204,17,122.5,2.22898696998765e-05,83,81972,0.0013419216317767,24.2074368738204,10,122.5,22.0227155455452,27,14,11,0.000315789473684211,175,2.40663900414938e-05,0,0,NA,NA,0.903345724907063,0.0520446096654275,0.0446096654275093,0.501161087866109,0.101286346752387,0.0921452533286412,7.4344181525338,7.53009756952747,5.29928508121514,5.24658194074338,5.57283016166332e-06,0.830769230769231,0.0197806149973026,0.644299959299959,0.0149253731343284,"random",1
102544,162,64,179,240,0.00101611264334446,427,21,186,7.81024967590665,11,5.445,1.8446367423865e-05,8,82385,0.000133519451356436,1,2,5.445,12.2065556157337,3,2,2,0.000105263157894737,36.5,8.29875518672199e-06,0,0,NA,NA,0.959459459459459,0.0045045045045045,0.036036036036036,0.0113912133891213,0.00418410041841004,0.0510734544591368,11.6619037896906,0,11.9342297027122,0.385126999580712,5.16582582087231e-07,NA,NA,NA,NA,"random",1
102142,102,140,132,240,0.00222056831907859,1525,59,126,31.3049516849971,23,107,3.88651853425815e-05,29,82173,0.000657150158811288,1,2,5.445,10.0498756211209,25,4,4,0.000684210526315789,227.5,3.23651452282158e-05,0,0,NA,NA,0.860215053763441,0.021505376344086,0.118279569892473,0.0113912133891213,0.00418410041841004,0.0420496887913008,9.55263037962915,0.574169348057029,9.55263037962915,0.574169348057029,2.70744502553725e-06,NA,NA,NA,NA,"random",1
102027,186,75,239,240,0.00147791674809459,1292,24,186,16.5529453572468,16,53,4.46756523886461e-05,74,81872,0.00147791674809459,14.8660687473185,12,39.5,9.4339811320566,47,15,13,0.000684210526315789,132,2.53112033195021e-05,0,0,NA,NA,0.916666666666667,0.0347222222222222,0.0486111111111111,0.153880753138075,0.0622011244657678,0.0394727244019105,5.09253942630699,2.81156167294998,5.54015634363536,2.68061846969732,6.09811059852001e-06,0.638051486191625,0.0383761496986997,0.404946850535086,0.0234697113859816,"random",1
102329,78,84,214,240,0.00133321956526376,1237,28,210,12.8062484748657,13,30,2.93050260287002e-05,6,81754,0.000134549991437728,4.24264068711928,3,3,7.21110255092798,5,3,3,0.000473684210526316,99.5,2.32365145228216e-05,0,0,NA,NA,0.896103896103896,0.025974025974026,0.0779220779220779,0.00116108786610879,0.0177516346741393,0.0301719772005355,6.59966329107444,0.816496580927726,7.11774605821964,0.080849094293635,4.36511867742165e-07,0.544444444444444,0.00846153846153846,0.308333333333333,0.00461538461538462,"random",1
102236,222,43,47,240,0.000649446830813404,180,9,43,6.70820393249937,6,5.445,3.34956294475636e-06,17,82102,0.000255779396360625,6.70820393249937,5,3,5,4,5,3,0.000157894736842105,19,5.80912863070539e-06,0,0,NA,NA,0.9825,0.005,0.0125,0.00116108786610879,0.0280677988807505,0.0209205020920502,3.35483170074866,1.45521695615389,3.09256814798283,1.13799288776449,9.42656900799964e-07,0.42962962962963,0.0088309503784693,0.357407407407407,0.0071488645920942,"random",1
102399,198,10,9,24,0.000121777958189568,17,4,4,0,1,2.7225,5.86706920513247e-09,0,82133,0,0,0,0,0,0,0,0,0,0,4.149377593361e-07,0,0,NA,NA,1,0,0,-0.0113912133891213,0,0,NA,NA,NA,NA,-8.46623989480189e-08,NA,NA,NA,NA,"random",1
102194,174,89,228,240,0.0017039086979393,571,30,222,8.54400374531753,12,23.5,1.9094688245433e-05,49,82139,0.00076699253704087,7.61577310586391,11,18,8.24621125123532,14,13,8,0.00115789473684211,46,1.28630705394191e-05,0,0,NA,NA,0.799573560767591,0.0639658848614073,0.136460554371002,0.0639225941422594,0.0318651594387611,0.0303188755281813,6.81700220630139,1.82161025133006,6.4609573374406,1.87812836109611,3.04106336811766e-06,0.823717948717949,0.0262172284644195,0.655586080586081,0.0203911776945485,"random",1
102364,186,23,23,240,0.00040607016892519,116,10,6,3.60555127546399,4,5.445,5.60885178565172e-07,2,81955,2.44036361417851e-05,0,1,2.7225,2.82842712474619,0,1,0,5.26315789473684e-05,4,3.3195020746888e-06,0,0,NA,NA,0.976744186046512,0.00332225913621262,0.0199335548172757,0,-9.33359871318516e-19,0.0118344231160928,NA,NA,NA,NA,6.05884460363538e-08,NA,NA,NA,NA,"random",1
102205,78,1,1,180,4.88239530313572e-05,6,2,177,0,1,2.7225,1.62363574750647e-09,0,81843,0,0,0,0,0,0,0,0,0,0,8.29875518672199e-07,0,0,NA,NA,1,0,0,-0.0113912133891213,0,0,NA,NA,NA,NA,-4.23414804834144e-08,NA,NA,NA,NA,"random",1
102078,114,31,129,192,0.000569164921227575,245,10,127,6.40312423743285,6,6,5.25833110731296e-06,0,81691,0,0,0,0,0,0,0,0,0,19,6.22406639004149e-06,0,0,NA,NA,1,0,0,-0.0113912133891213,9.40060093073867e-19,0,NA,NA,NA,NA,-4.24183174850721e-08,NA,NA,NA,NA,"random",1
101991,126,92,117,240,0.00133461090958867,1425,35,114,20.5182845286832,13,66,5.22043304732475e-05,38,82098,0.00065775049331287,15.2643375224737,11,41.5,10.6301458127346,16,10,9,0.000210526315789474,160,2.86307053941909e-05,0,0,NA,NA,0.886666666666667,0.03,0.0833333333333333,0.162248953974895,0.0638675210145345,0.0444775975428228,6.79619251476481,2.98550468347257,7.0914085371291,2.96496673384608,2.6690853073359e-06,0.596798853320592,0.0166615242209195,0.448951048951049,0.01172477630361,"random",1
102176,30,88,168,240,0.00159186922182085,1178,35,164,15.6524758424985,14,59,3.40339068280941e-05,46,82100,0.000791717417783191,15.2315462117278,7,38,9.21954445729289,19,10,7,0.000263157894736842,105,2.11618257261411e-05,0,0,NA,NA,0.915384615384615,0.0115384615384615,0.0730769230769231,0.136213389121339,0.0595462184591122,0.0343913994028991,7.16965963631843,1.42430479506227,8.05228209737959,1.35841125511471,3.22863239734882e-06,0.629971922017377,0.0202429149797571,0.500863530408985,0.0143257552164435,"random",1
102100,162,48,36,204,0.000793770409444863,470,23,30,7.28010988928052,8,14,4.81370618853239e-06,0,82034,0,0,0,0,0,0,0,0,0,39,1.03734439834025e-05,0,0,NA,NA,1,0,0,-0.0113912133891213,0,9.6720073638258e-19,NA,NA,NA,NA,-4.22154552723663e-08,NA,NA,NA,NA,"random",1
102214,234,66,141,240,0.00105789574918254,607,19,164,8.94427190999916,10,18,2.28130382837963e-05,18,82236,0.000328323362031227,7.07106781186548,5,7,11.1803398874989,9,5,4,5.26315789473684e-05,73.5,1.32780082987552e-05,0,0,NA,NA,0.996,0,0.004,0.0292887029288703,0.0295860577902321,0.0467796648012508,9.50825794069535,1.94697403961591,9.76993711783468,1.78477194395959,1.37373791644865e-06,0.710909090909091,0.0123626373626374,0.491363636363636,0.00824175824175824,"random",1
102169,90,124,166,216,0.00191319994078191,1117,44,162,19.2093727122985,17,148.5,3.59994048300583e-05,0,82263,0,0,0,0,0,0,0,0,0,194,2.36514522821577e-05,0,0,NA,NA,1,0,0,-0.0113912133891213,3.79046539530742e-18,0,NA,NA,NA,NA,-8.44718198841175e-08,NA,NA,NA,NA,"random",1
102232,198,6,21,180,0.000182610601154099,34,6,180,1,2,5.445,1.43377398471239e-07,0,81950,0,0,0,0,0,0,0,0,0,1,1.6597510373444e-06,0,0,NA,NA,1,0,0,-0.0113912133891213,0,0,NA,NA,NA,NA,-4.19677467793742e-08,NA,NA,NA,NA,"random",1
102310,174,106,203,240,0.00171176749098591,1592,45,198,25.0798724079689,22,141.5,6.93759617804216e-05,54,82096,0.000816117715844864,13.3416640641263,11,29.5,16.7630546142402,13,14,7,0.00110526315789474,208.5,3.19502074688797e-05,0,0,NA,NA,0.633333333333333,0.126666666666667,0.24,0.112039748953975,0.0558228621929972,0.0701383038252728,14.6082046721633,1.23844619000956,14.4360650438529,1.3978105047945,3.37268960309083e-06,0.713456362937332,0.0216828478964401,0.615584415584416,0.0174757281553398,"random",1
102262,102,31,35,61,0.000538101236409886,109,9,21,2.23606797749979,4,5.445,4.91138457999856e-07,0,82010,0,0,0,0,0,0,0,0,0,2,2.0746887966805e-06,0,0,NA,NA,1,0,0,-0.0113912133891213,0,0,NA,NA,NA,NA,-4.22261062733128e-08,NA,NA,NA,NA,"random",1
102095,42,1,1,7,1.04962633302544e-05,1,1,1,0,1,2.7225,9.64536723871256e-15,0,81694,0,0,0,0,0,0,0,0,0,0,4.149377593361e-07,0,0,NA,NA,1,0,0,-0.0113912133891213,0,0,NA,NA,NA,NA,-4.25131368781439e-08,NA,NA,NA,NA,"random",1
102340,90,21,59,92,0.0003543019109445,107,9,85,3.16227766016838,5,5.445,4.45911929325295e-07,0,81736,0,0,0,0,0,0,0,0,0,8,3.3195020746888e-06,0,0,NA,NA,1,0,0,-0.0113912133891213,0,0,NA,NA,NA,NA,-4.22324994540393e-08,NA,NA,NA,NA,"random",1
102085,42,61,228,240,0.00114842824156088,427,26,222,7.07106781186548,12,15,2.3566346106685e-05,26,82013,0.000414568422079426,4.12310562561766,6,6.5,3.16227766016838,8,6,4,0.000578947368421053,25.5,1.03734439834025e-05,0,0,NA,NA,0.755555555555556,0.0592592592592593,0.185185185185185,0.0158054393305439,0.0172514879732957,0.0132312872810392,2.36967716615477,0.71612859944259,2.27349772079791,0.8930004122239,1.69223942570506e-06,0.743055555555556,0.0176165803108808,0.594246031746032,0.0134715025906736,"random",1
102191,186,113,226,240,0.00186451211932878,1454,41,222,30.0665927567458,17,215,3.62288969837604e-05,69,82104,0.00130322517782325,24.3515913237718,16,134,28.0178514522438,38,18,17,0.00136842105263158,308.5,3.15352697095436e-05,0,0,NA,NA,0.746875,0.075,0.178125,0.549278242677824,0.101889503446744,0.117229503984284,16.0724146017562,6.94405010952404,15.011987052155,6.68855214011113,5.41082145385937e-06,0.676437847866419,0.0181079708918599,0.480393217893218,0.0116771027246573,"random",1
102435,66,38,47,240,0.000659211875579862,319,19,215,4.47213595499958,7,5.445,4.3497223577831e-06,12,81823,0.0001955440401843,1,2,5.445,2,4,3,2,0.000421052631578947,16,6.63900414937759e-06,0,0,NA,NA,0.86038961038961,0.0324675324675325,0.107142857142857,0.0113912133891213,0.00418410041841004,0.00836820083682008,1.5,0.707106781186548,1.66666666666667,0.577350269189626,7.75686939515858e-07,NA,NA,NA,NA,"random",1
102129,186,46,22,48,0.000758678919739112,164,12,12,3.16227766016838,9,5.5,6.45795798356136e-07,0,81957,0,0,0,0,0,0,0,0,0,7.5,4.5643153526971e-06,0,0,NA,NA,1,0,0,-0.0113912133891213,0,0,NA,NA,NA,NA,-1.26214668938082e-07,NA,NA,NA,NA,"random",1
102233,114,1,1,6,1.05045327058626e-05,1,1,1,0,1,2.7225,1.64580507831109e-11,0,82035,0,0,0,0,0,0,0,0,0,0,4.149377593361e-07,0,0,NA,NA,1,0,0,-0.0113912133891213,0,0,NA,NA,NA,NA,-4.24937075317887e-08,NA,NA,NA,NA,"random",1
102193,186,12,47,72,0.000294565270754578,69,5,48,3,6,5.445,3.75580734568119e-07,0,81977,0,0,0,0,0,0,0,0,0,3.5,2.9045643153527e-06,0,0,NA,NA,1,0,0,-0.0113912133891213,0,0,NA,NA,NA,NA,-4.1964379459712e-08,NA,NA,NA,NA,"random",1
102291,126,29,20,240,0.000404198767806181,141,9,42,3.16227766016838,5,5.445,1.06462399888137e-06,9,82103,0.000170517520675249,1.4142135623731,2,5.445,5,5,2,1,0,8.5,4.149377593361e-06,0,0,NA,NA,1,0,0,0,0.00173311113963638,0.0167364016736402,NA,NA,5,0,6.2921936240783e-07,NA,NA,NA,NA,"random",1
102221,234,122,144,240,0.0022456551454794,1529,41,138,40.7062648740952,22,339,3.19559572822484e-05,30,82407,0.000521800332496026,2,4,2,4.47213595499958,13,3,5,0,451,2.69709543568465e-05,0,0,NA,NA,1,0,0,-0.00302301255230125,0.00836820083682008,0.0187118659205003,3.50678171035592,0.792529207595195,3.92423301158178,0.948995735616159,2.05416991629459e-06,0.4871621989757,0.027599486521181,0.348370927318296,0.0192554557124519,"random",1
102309,198,102,239,240,0.00175899346485067,453,36,234,7.07106781186548,15,17.5,1.83917300528871e-05,99,81865,0.00175899346485067,7.07106781186548,15,17.5,7.07106781186548,45,18,18,0.000421052631578947,21,7.88381742738589e-06,0,0,NA,NA,0.89906103286385,0.0211267605633803,0.07981220657277,0.0504393305439331,0.0254019573718221,0.0254019573718221,4.67283715149112,1.5139094930131,4.20263222721363,1.35216346318948,7.27426535648902e-06,0.766081503038025,0.0523255813953488,0.540411861511606,0.0359738372093023,"random",1
102092,222,1,1,4,1.02845741672066e-05,1,1,1,0,1,2.7225,5.39019106424633e-11,0,81780,0,0,0,0,0,0,0,0,0,0,4.149377593361e-07,0,0,NA,NA,1,0,0,-0.0113912133891213,0,0,NA,NA,NA,NA,-4.19866980262515e-08,NA,NA,NA,NA,"random",1
102196,186,111,240,240,0.00200469391746528,1318,45,234,11.1803398874989,14,28,3.90558899062446e-05,111,81850,0.00191814294441051,7.21110255092798,12,15,18.0277563773199,46,22,17,0.00115789473684211,159.5,3.07053941908714e-05,0,0,NA,NA,0.787012987012987,0.0493506493506494,0.163636363636364,0.0513702928870293,0.0301719772005355,0.0754299430013387,14.026239385465,1.59095780757415,13.7668348467473,1.48698612816503,7.94108909212838e-06,0.802211355036432,0.063873067534581,0.630087687393133,0.0451586655817738,"random",1
102169,210,50,36,108,0.00092514820630805,342,17,44,15.6524758424985,8,6.5,3.76852329766309e-06,0,82276,0,0,0,0,0,0,0,0,0,52,7.05394190871369e-06,0,0,NA,NA,1,0,0,-0.0113912133891213,0,0,NA,NA,NA,NA,-4.24045607970937e-08,NA,NA,NA,NA,"random",1
102144,114,24,72,108,0.000536251843365712,188,11,71,4.24264068711928,5,5.445,1.88205488178853e-06,0,82075,0,0,0,0,0,0,0,0,0,8.5,4.149377593361e-06,0,0,NA,NA,1,0,0,-0.0113912133891213,0,0,NA,NA,NA,NA,-4.22914076758482e-08,NA,NA,NA,NA,"random",1
102197,78,49,45,204,0.000733209502395151,238,22,42,5.3851648071345,6,5.445,1.67105775626506e-06,0,82191,0,0,0,0,0,0,0,0,0,8.5,4.149377593361e-06,0,0,NA,NA,1,0,0,-0.0113912133891213,0,-0.00418410041841004,NA,NA,NA,NA,-8.52089528024203e-08,NA,NA,NA,NA,"random",1
102078,78,1,1,11,1.14961028211436e-05,2,1,1,0,1,2.7225,2.68036432383291e-13,0,81671,0,0,0,0,0,0,0,0,0,0,8.29875518672199e-07,0,0,NA,NA,1,0,0,-0.0113912133891213,0,0,NA,NA,NA,NA,-4.22252539954591e-08,NA,NA,NA,NA,"random",1
102126,78,1,1,4,1.03299382269694e-05,1,1,1,0,1,2.7225,5.23897756331044e-14,0,81931,0,0,0,0,0,0,0,0,0,0,4.149377593361e-07,0,0,NA,NA,1,0,0,-0.0113912133891213,0,0,NA,NA,NA,NA,-4.21075449435934e-08,NA,NA,NA,NA,"random",1
102132,174,61,94,240,0.00102232066791617,912,23,141,10.0498756211209,12,23,2.52848384836322e-05,39,82138,0.000657430178480119,10.0498756211209,7,14.5,10,15,8,6,0.000210526315789474,64,2.03319502074689e-05,0,0,NA,NA,0.945833333333333,0.00416666666666667,0.05,0.0378870292887029,0.0378655883728908,0.0376569037656904,8.48914186820999,1.82246108591791,7.50434348351795,1.79199135246054,2.58254038996848e-06,0.715939153439153,0.0220588235294118,0.542328042328042,0.0159313725490196,"random",1
102017,198,96,48,240,0.00187873612297182,1173,25,42,24.7588368062799,22,114.5,1.06758503932887e-05,10,81999,0.000219514872132587,5.65685424949238,3,0,13.4164078649987,8,3,2,0,211.5,2.94605809128631e-05,0,0,NA,NA,1,0,0,-0.0113912133891213,0.0236688462321857,0.056135597761501,12.7670852681118,0.0553851381374166,12.9835261337408,0.376926652952437,7.07737311630995e-07,NA,NA,NA,NA,"random",1
102166,78,106,59,240,0.00171886238129488,1062,55,66,14.8660687473185,14,58.5,2.04204372916933e-05,11,81829,0.0002199709149568,1.4142135623731,3,0.5,7.07106781186548,7,3,4,0.000210526315789474,94,2.0746887966805e-05,0,0,NA,NA,0.957894736842105,0.0105263157894737,0.0315789473684211,-0.00929916317991633,0.00591721155804642,0.0295860577902321,6.78845758554092,0.471654689099122,6.7179434473879,0.551229313940216,7.9277615964011e-07,0.977272727272727,0.0125435540069686,0.490530303030303,0.00766550522648084,"random",1
102132,102,7,33,66,0.000134551637248786,43,3,44,1,2,5.445,9.79119690932125e-08,0,82128,0,0,0,0,0,0,0,0,0,0,8.29875518672199e-07,0,0,NA,NA,1,0,0,-0.0113912133891213,0,0,NA,NA,NA,NA,-8.44957019782514e-08,NA,NA,NA,NA,"random",1
102144,66,6,12,240,0.000115078771419036,33,3,6,1.4142135623731,2,5.445,1.19970641982489e-07,1,81808,2.44474867983571e-05,0,1,2.7225,2.23606797749979,1,1,1,0,3,2.9045643153527e-06,0,0,NA,NA,1,0,0,0,0,0.00935593296025017,NA,NA,NA,NA,6.01806520979335e-08,NA,NA,NA,NA,"random",1
102205,114,174,166,240,0.00313448917621706,2471,65,162,38.0788655293195,25,359.5,7.63914935278458e-05,46,82145,0.000718242132813927,33.1209903233584,8,325,26.9258240356725,13,9,7,0.000736842105263158,477,5.10373443983402e-05,0,0,NA,NA,0.898395721925134,0.0294117647058824,0.072192513368984,1.34844142259414,0.138581549470119,0.112660351613693,17.7119438906033,11.3211402938106,16.5706190739952,10.9586224701199,2.9634046835712e-06,0.733044733044733,0.00704477611940298,0.598665223665224,0.00549253731343284,"random",1
102296,66,62,214,240,0.00118098252876362,317,26,239,9,11,8.5,1.29189895944115e-05,38,81799,0.000916881624469737,9,3,4.5,5.3851648071345,37,7,7,0.000368421052631579,25.5,5.80912863070539e-06,0,0,NA,NA,0.954901960784314,0.0137254901960784,0.0313725490196078,0.00743723849372385,0.0376569037656904,0.0225320703227385,4.763711083234,0.598525550598431,4.763711083234,0.598525550598431,3.79390001957069e-06,0.729886954781913,0.0268913589100036,0.433800186741363,0.0136249551810685,"random",1
102267,90,110,190,240,0.00184490573875646,1282,43,186,18.7882942280559,17,66,3.74772585735079e-05,37,82231,0.000583721467573056,16.2788205960997,8,66,13.1529464379659,11,9,5,0.000157894736842105,136,2.69709543568465e-05,0,0,NA,NA,0.944664031620553,0.0237154150197628,0.0316205533596838,0.264759414225941,0.0681122200673628,0.055033248694418,6.0951367172483,3.28810515305769,6.99083219113423,3.74423536050107,2.40060008066654e-06,0.795319495319495,0.0135708227311281,0.672039072039072,0.0104608425219112,"random",1
102262,42,27,36,240,0.000488370673341066,264,10,109,7.81024967590665,6,10,7.54798975880332e-06,27,82211,0.000425733782583839,2,2,5.445,4.12310562561766,8,4,3,0.000157894736842105,39,6.63900414937759e-06,0,0,NA,NA,0.952380952380952,0.00476190476190476,0.0428571428571429,0.0113912133891213,0.00836820083682008,0.0172514879732957,2.86508052687241,1.08948169411181,3.17958680155873,1.08948169411181,1.73894655095485e-06,NA,NA,NA,NA,"random",1
102213,174,5,12,12,0.000114598732538018,14,3,6,1,2,5.445,6.17101131166694e-08,0,81932,0,0,0,0,0,0,0,0,0,0,8.29875518672199e-07,0,0,NA,NA,1,0,0,-0.0113912133891213,0,0,NA,NA,NA,NA,-4.25425305122474e-08,NA,NA,NA,NA,"random",1
102318,174,66,35,240,0.00106461086637298,784,16,162,8.48528137423857,11,9,2.23536513858775e-05,30,81930,0.000573660441840596,3,7,3,7.07106781186548,17,6,6,5.26315789473684e-05,66.5,1.70124481327801e-05,0,0,NA,NA,0.97037037037037,0.0111111111111111,0.0185185185185185,0.00116108786610879,0.0125523012552301,0.0295860577902321,5.56265924689569,1.03353109460289,5.41249583249449,1.0226762126283,2.35803999489891e-06,0.606025743630786,0.0261838440111421,0.372782446311858,0.0167130919220056,"random",1
102060,30,21,11,144,0.000415434617922338,140,9,54,2.82842712474619,6,5.445,1.37753867985832e-06,0,82088,0,0,0,0,0,0,0,0,0,9,4.149377593361e-06,0,0,NA,NA,1,0,0,-0.0113912133891213,0,0,NA,NA,NA,NA,-8.35666863410502e-08,NA,NA,NA,NA,"random",1
102192,42,16,59,81,0.000292419036479275,98,9,54,7.07106781186548,3,5.445,4.83275440217612e-07,0,81888,0,0,0,0,0,0,0,0,0,22.5,2.0746887966805e-06,0,0,NA,NA,1,0,0,-0.0113912133891213,0,0,NA,NA,NA,NA,-4.25209135924437e-08,NA,NA,NA,NA,"random",1
102305,186,42,84,240,0.000659848234905972,493,18,78,15.6524758424985,10,33.5,5.69858731549428e-06,1,82059,3.65590611633093e-05,0,1,2.7225,2.23606797749979,2,1,1,0,78.5,1.07883817427386e-05,0,0,NA,NA,1,0,0,0,-9.44907788927455e-19,0.00935593296025016,NA,NA,NA,NA,1.10958586302687e-07,NA,NA,NA,NA,"random",1
102315,198,163,202,240,0.00239384621931887,1994,54,198,26,29,230.5,7.47217055495345e-05,29,81793,0.000489039404350006,10.770329614269,6,37,12.7279220613579,11,8,5,0.000789473684210526,272.5,4.19087136929461e-05,0,0,NA,NA,0.781065088757396,0.0621301775147929,0.156804733727811,0.14342050209205,0.045064140645477,0.0532549040224178,6.53651116169503,2.75545409892731,7.10425658797032,3.12218574212367,1.91896082083193e-06,0.638257575757576,0.0164203612479475,0.501988636363636,0.0119047619047619,"random",1
102225,126,76,228,240,0.00121891760117016,500,22,211,14.0356688476182,13,48.5,2.63906025057869e-05,42,81600,0.000649509803921569,13.4164078649987,8,33,11,11,8,8,0.000789473684210526,63,9.95850622406639e-06,0,0,NA,NA,0.812820512820513,0.0461538461538462,0.141025641025641,0.12668410041841,0.056135597761501,0.0460251046025105,6.65513910100028,3.59906710870425,6.71811134262222,3.56442421527447,2.55116734800112e-06,0.731459330143541,0.0147099639189564,0.583245614035088,0.0116569525395504,"random",1
102316,102,63,131,240,0.00103771166265825,1154,25,126,15.2643375224737,14,82,2.44665517893343e-05,50,81969,0.000841781649160048,9.4339811320566,9,28.5,7.28010988928052,19,9,11,0.000263157894736842,116.5,2.40663900414938e-05,0,0,NA,NA,0.94888178913738,0.0319488817891374,0.0191693290734824,0.107855648535565,0.0394727244019105,0.0304607108338097,4.54058957620311,1.34957435160987,4.88729526364277,1.50121222074754,3.43807412078719e-06,0.77354797979798,0.0263358778625954,0.576388888888889,0.0190839694656489,"random",1
102311,162,19,9,60,0.000300602360884696,129,11,5,4.24264068711928,7,5.445,3.35595110195483e-07,0,81772,0,0,0,0,0,0,0,0,0,9,4.9792531120332e-06,0,0,NA,NA,1,0,0,-0.0113912133891213,0,0,NA,NA,NA,NA,-1.25309985576821e-07,NA,NA,NA,NA,"random",1
102262,150,45,23,240,0.000846948840001715,304,19,20,4.47213595499958,9,8.5,1.13255284519634e-05,33,82159,0.000572061490524471,4,7,4,5.3851648071345,14,7,5,0.000210526315789474,18,7.05394190871369e-06,0,0,NA,NA,0.903654485049834,0.00996677740863787,0.0863787375415282,0.00534518828451883,0.0167364016736402,0.0225320703227385,3.86089425811237,1.16913190427499,3.4262573693819,1.06656169311276,2.26559944970747e-06,0.714657738095238,0.0221384832783797,0.537946428571429,0.0155440414507772,"random",1
102257,198,6,118,168,0.000109761451778136,32,3,35,1.4142135623731,2,5.445,2.20615231372094e-07,0,82060,0,0,0,0,0,0,0,0,0,2,2.0746887966805e-06,0,0,NA,NA,1,0,0,-0.0113912133891213,0,0,NA,NA,NA,NA,-4.20444995619804e-08,NA,NA,NA,NA,"random",1
102218,222,68,45,240,0.000963772849447972,253,22,42,5.09901951359278,7,5.445,1.14646722563475e-06,11,82227,0.000267552020625829,5,4,3.5,5,11,2,4,0,11.5,5.39419087136929e-06,0,0,NA,NA,1,0,0,0.00325313807531381,0.0209205020920502,0.0209205020920502,1.75,2.21735578260835,0.5,0.707106781186548,1.03562321459576e-06,0.427578956990722,0.0100824931255729,0.214052287581699,0.00504124656278643,"random",1
102258,150,43,35,228,0.00074590364392272,182,12,30,4.12310562561766,7,5.445,9.23802053381405e-07,0,82181,0,0,0,0,0,0,0,0,0.000210526315789474,10,5.80912863070539e-06,0,0,NA,NA,0.975,0.00384615384615385,0.0211538461538462,-0.0113912133891213,0,0,NA,NA,NA,NA,-1.26930673723899e-07,NA,NA,NA,NA,"random",1
102036,186,11,23,201,0.000193973140425143,31,7,17,2.23606797749979,3,5.445,4.65841943914403e-08,0,82132,0,0,0,0,0,0,0,0,0,2,2.4896265560166e-06,0,0,NA,NA,1,0,0,-0.0113912133891213,0,0,NA,NA,NA,NA,-4.31608633864583e-08,NA,NA,NA,NA,"random",1
102218,78,58,48,240,0.00102698274913501,447,18,42,8.48528137423857,13,20.5,2.35704293397966e-06,35,82108,0.000633312222925902,8.48528137423857,5,6,5.3851648071345,17,5,4,0,44.5,1.36929460580913e-05,0,0,NA,NA,1,0,0,0.0137133891213389,0.0355032693482785,0.0225320703227385,4.40784401459246,0.654126535181543,4.16829056637051,0.17802301222944,2.60807777879533e-06,0.771977124183007,0.0205371248025276,0.578728461081402,0.0138230647709321,"random",1
102168,114,110,192,240,0.00216843105485643,1026,37,186,13.0384048104053,20,63,2.86239021184015e-05,50,81909,0.00104994567141584,13.0384048104053,10,46.5,8.94427190999916,36,13,11,0.000421052631578947,94.5,2.44813278008299e-05,0,0,NA,NA,0.90625,0.0168269230769231,0.0769230769230769,0.183169456066946,0.0545539950226163,0.0374237318410007,7.51631654282946,1.12048390920483,7.34309485781295,1.08114340781312,4.26678345007447e-06,0.768939393939394,0.0264778325123153,0.55415819008256,0.0153940886699507,"random",1
102167,234,253,240,240,0.00489904085775762,2783,64,237,33.5410196624968,47,325.5,9.64701901187813e-05,253,82261,0.00489904085775762,33.5410196624968,46,325.5,36.4965751817893,150,57,52,0.00215789473684211,472,6.18257261410788e-05,0,0,NA,NA,0.704954954954955,0.0945945945945946,0.20045045045045,1.35053347280335,0.140338994403752,0.152705335488658,23.5052010651648,10.4048322013786,23.4818352841447,10.4807599797992,2.04555311809076e-05,0.742733201687848,0.0512461851475076,0.480430585092454,0.0321719226856562,"random",1
102062,162,31,45,204,0.000475836068373983,334,11,33,5,6,5.5,4.358996178265e-06,0,81939,0,0,0,0,0,0,0,0,0,18,7.05394190871369e-06,0,0,NA,NA,1,0,0,-0.0113912133891213,0,0,NA,NA,NA,NA,-1.25431447595557e-07,NA,NA,NA,NA,"random",1
101922,114,62,237,240,0.00120547945205479,768,20,234,11.1803398874989,13,25.5,2.61997560347088e-05,53,81914,0.000903386478501843,8.06225774829855,12,22.5,8.06225774829855,21,14,12,0.000736842105263158,79,1.99170124481328e-05,0,0,NA,NA,0.827586206896552,0.0689655172413793,0.103448275862069,0.0827510460251046,0.0337332960179856,0.0337332960179856,6.62537800985687,1.35688127430182,6.48683978563559,1.23701670708613,3.69677428788282e-06,0.863492063492064,0.0298266827891979,0.623535353535353,0.0213623538895607,"random",1
102227,66,28,59,216,0.000545398766035292,337,15,57,6.08276253029822,6,5.445,6.10702029639402e-06,0,82260,0,0,0,0,0,0,0,0,0,31.5,9.54356846473029e-06,0,0,NA,NA,1,0,0,-0.0113912133891213,1.8698287973779e-18,0,NA,NA,NA,NA,-1.2670389283351e-07,NA,NA,NA,NA,"random",1
102135,30,24,59,60,0.000414861814410347,93,7,57,3.16227766016838,5,5.445,9.11055996348528e-07,0,81829,0,0,0,0,0,0,0,0,0,3.5,3.3195020746888e-06,0,0,NA,NA,1,0,0,-0.0113912133891213,0,0,NA,NA,NA,NA,-4.2055064462213e-08,NA,NA,NA,NA,"random",1
101972,54,307,227,240,0.00544839296839688,2840,134,222,31.04834939252,54,289,0.000124316709917158,231,81649,0.00404169065144705,31.04834939252,39,277,26.4007575648882,99,48,36,0.00421052631578947,329.5,5.56016597510373e-05,0,0,NA,NA,0.528183716075157,0.123173277661795,0.348643006263048,1.14760460251046,0.129909411684184,0.110463420773591,14.583598520367,6.3863057756041,14.2063026157808,6.19314371664376,1.67856395492424e-05,0.801672960163526,0.04510045100451,0.604369726955743,0.031570315703157,"random",1
102196,66,14,21,208,0.000245254328738902,91,6,1,2,3,5.445,9.02990730044154e-07,0,82061,0,0,0,0,0,0,0,0,0,1.5,2.0746887966805e-06,0,0,NA,NA,1,0,0,-0.0113912133891213,0,0,NA,NA,NA,NA,-2.54881999192449e-07,NA,NA,NA,NA,"random",1
102211,174,26,11,36,0.000645441568919506,124,13,12,2.82842712474619,7,5.445,5.99547597300977e-07,0,82149,0,0,0,0,0,0,0,0,0,3.5,2.9045643153527e-06,0,0,NA,NA,1,0,0,-0.0227824267782427,-0.00418410041841004,-0.00418410041841004,NA,NA,NA,NA,-1.66880064549209e-07,NA,NA,NA,NA,"random",1
102201,186,41,36,72,0.000695826263168817,155,12,20,5.65685424949238,10,9,1.21246327036107e-06,0,81629,0,0,0,0,0,0,0,0,0,14.5,4.9792531120332e-06,0,0,NA,NA,1,0,0,-0.0113912133891213,0,-9.34153268682181e-19,NA,NA,NA,NA,-4.25971027580558e-08,NA,NA,NA,NA,"random",1
102210,222,1,1,13,1.32795070646978e-05,1,1,1,0,1,2.7225,1.00475550474032e-08,0,82218,0,0,0,0,0,0,0,0,0,0,4.149377593361e-07,0,0,NA,NA,1,0,0,-0.0113912133891213,0,0,NA,NA,NA,NA,-4.23217796003605e-08,NA,NA,NA,NA,"random",1
102171,138,10,10,46,0.000129405167579692,33,4,6,2.82842712474619,2,5.445,2.52944622952402e-07,0,82038,0,0,0,0,0,0,0,0,0,1,1.6597510373444e-06,0,0,NA,NA,1,0,0,-0.0113912133891213,0,0,NA,NA,NA,NA,-4.21368045520559e-08,NA,NA,NA,NA,"random",1
102138,78,25,12,144,0.000406759605073402,157,10,18,3,5,5.445,1.94979281467262e-06,0,82134,0,0,0,0,0,0,0,0,0,2,2.0746887966805e-06,0,0,NA,NA,1,0,0,-0.0113912133891213,0,0,NA,NA,NA,NA,-2.10635234160452e-07,NA,NA,NA,NA,"random",1
102203,42,3,23,24,0.000110195535856403,17,4,21,2.23606797749979,2,5.445,7.07665802275494e-08,0,81750,0,0,0,0,0,0,0,0,0,0.5,1.2448132780083e-06,0,0,NA,NA,1,0,0,-0.0113912133891213,0,0,NA,NA,NA,NA,-4.19951262976126e-08,NA,NA,NA,NA,"random",1
102184,66,84,94,240,0.00137061738970813,1232,28,90,19.6468827043885,15,61,2.45832250881606e-05,25,82104,0.000438468284127448,6.40312423743285,4,5,12.0415945787923,11,5,3,5.26315789473684e-05,194,2.94605809128631e-05,0,0,NA,NA,0.986666666666667,0.008,0.00533333333333333,0.00952928870292888,0.0267913148009743,0.0503832409154489,9.70006769309202,3.51611008419087,9.38101631354006,3.08150387901251,1.74996118860619e-06,0.707936507936508,0.0162016201620162,0.539072039072039,0.0112511251125113,"random",1
102072,102,100,96,204,0.00152740780566485,603,29,102,8.60232526704263,12,21,1.02794408836245e-05,0,81886,0,0,0,0,0,0,0,0,0,40.5,1.36929460580913e-05,0,0,NA,NA,1,0,0,-0.0113912133891213,9.44376326578588e-19,0,NA,NA,NA,NA,-4.2445427065513e-08,NA,NA,NA,NA,"random",1
102088,30,134,120,240,0.00249193784813838,1934,43,79,31.7804971641414,24,208,3.49288098502848e-05,39,82153,0.000657310140834784,2.23606797749979,4,1,16.0312195418814,15,8,6,0.000157894736842105,373.5,3.98340248962656e-05,0,0,NA,NA,0.90251572327044,0.0377358490566038,0.059748427672956,-0.00720711297071129,0.00935593296025017,0.0670762323928092,15.3437398472938,1.04095004600709,15.3867073282055,0.925349414250129,2.54096080513111e-06,0.881944444444444,0.0346375881975625,0.674494949494949,0.0250160359204618,"random",1
102064,90,125,167,240,0.00233995100727579,1876,48,210,27.3130005674953,28,133,5.51600076849878e-05,17,81943,0.000244072098898014,1,2,5.445,13.3416640641263,3,4,2,0.00126315789473684,237.5,4.23236514522822e-05,0,0,NA,NA,0.815217391304348,0.0398550724637681,0.144927536231884,0.0113912133891213,0.00418410041841004,0.0558228621929972,13.2473052510461,0.133443513187467,13.2944846575862,0.0943588130802144,9.36906955483759e-07,NA,NA,NA,NA,"random",1
102003,114,67,106,240,0.000997320331231237,539,24,103,9.21954445729289,10,18.5,9.16918239709996e-06,2,81955,4.88072722835703e-05,0,1,2.7225,2.23606797749979,2,1,1,0.000105263157894737,28.5,1.07883817427386e-05,0,0,NA,NA,1,0,0,0,0,0.00935593296025017,NA,NA,NA,NA,1.19513567454973e-07,NA,NA,NA,NA,"random",1
102143,138,75,84,204,0.00119660846970871,511,32,78,7.61577310586391,10,7.5,5.77919812533945e-06,0,81816,0,0,0,0,0,0,0,0,0,25.5,8.71369294605809e-06,0,0,NA,NA,1,0,0,-0.0113912133891213,0,0,NA,NA,NA,NA,-4.24178874534674e-08,NA,NA,NA,NA,"random",1
102124,222,38,46,240,0.000783929446349829,354,18,42,6.40312423743285,7,9.5,9.29062327973437e-06,33,82072,0.000548299054488742,6.40312423743285,7,9.5,7.61577310586391,12,6,7,5.26315789473684e-05,20.5,6.63900414937759e-06,0,0,NA,NA,0.930769230769231,0.0192307692307692,0.05,0.0283577405857741,0.0267913148009743,0.0318651594387611,6.03346432730702,1.78797639235887,5.79876247177302,1.80256055519591,2.2519100661817e-06,0.741479925303455,0.0181305398871878,0.583581349206349,0.0132957292506044,"random",1
102036,66,1,1,11,1.15152980734906e-05,1,1,1,0,1,2.7225,4.0416046015681e-08,0,81959,0,0,0,0,0,0,0,0,0,0,4.149377593361e-07,0,0,NA,NA,1,0,0,-0.0113912133891213,0,0,NA,NA,NA,NA,-4.22785875654023e-08,NA,NA,NA,NA,"random",1
102268,78,32,21,36,0.000513956362657399,90,10,18,5.3851648071345,6,5.445,2.41215875599762e-07,0,82351,0,0,0,0,0,0,0,0,0,15,3.7344398340249e-06,0,0,NA,NA,1,0,0,-0.0113912133891213,0,0,NA,NA,NA,NA,-8.4053524948473e-08,NA,NA,NA,NA,"random",1
102260,138,1,1,19,1.37879686185834e-05,1,1,1,0,1,2.7225,2.21014950562493e-08,0,82093,0,0,0,0,0,0,0,0,0,0,4.149377593361e-07,0,0,NA,NA,1,0,0,-0.0113912133891213,0,0,NA,NA,NA,NA,-4.19909117390087e-08,NA,NA,NA,NA,"random",1
102264,162,24,23,84,0.000428317934283791,87,7,19,2.23606797749979,5,5.445,4.49657346307563e-07,0,81805,0,0,0,0,0,0,0,0,0,4,2.9045643153527e-06,0,0,NA,NA,1,0,0,-0.0113912133891213,0,0,NA,NA,NA,NA,-8.38119168393018e-08,NA,NA,NA,NA,"random",1
102119,66,1,1,1,1.00276763868276e-05,1,1,1,0,1,2.7225,9.18740971296436e-12,0,82008,0,0,0,0,0,0,0,0,0,0,4.149377593361e-07,0,0,NA,NA,1,0,0,-0.0113912133891213,0,0,NA,NA,NA,NA,-4.1956804965806e-08,NA,NA,NA,NA,"random",1
102215,114,165,120,240,0.0029758289809304,1314,51,116,17.2626765016321,25,66.5,2.86936579320954e-05,1,82242,1.2159237372632e-05,0,1,2.7225,6.40312423743285,0,1,0,5.26315789473684e-05,99.5,2.82157676348548e-05,0,0,NA,NA,0.973214285714286,0.0133928571428571,0.0133928571428571,0,1.91716311186372e-18,0.0267913148009743,NA,NA,NA,NA,8.75096809525682e-09,NA,NA,NA,NA,"random",1
102242,210,21,12,55,0.000355124445752204,96,11,6,2.23606797749979,5,5.445,3.08136247683965e-07,0,82060,0,0,0,0,0,0,0,0,0,1,1.6597510373444e-06,0,0,NA,NA,1,0,0,-0.0113912133891213,0,0,NA,NA,NA,NA,-8.44155797562831e-08,NA,NA,NA,NA,"random",1
102186,102,1,1,2,9.99440313424482e-06,1,1,1,0,1,2.7225,2.29800867862524e-08,0,81871,0,0,0,0,0,0,0,0,0,0,4.149377593361e-07,0,0,NA,NA,1,0,0,-0.0113912133891213,0,0,NA,NA,NA,NA,-4.14739596412751e-08,NA,NA,NA,NA,"random",1
102237,42,67,24,240,0.0011613549956602,481,20,21,15.52417469626,10,25,1.37731551566178e-05,43,82039,0.0005972769048867,15.52417469626,6,19.5,11.0453610171873,6,7,4,0,46.5,1.12033195020747e-05,0,0,NA,NA,0.991803278688525,0.00546448087431694,0.00273224043715847,0.0701987447698745,0.0649547058420921,0.0462148996535032,10.3233189163734,0.488653320663375,8.56410036601123,2.9606669982231,2.45713791261178e-06,0.620238095238095,0.0136300417246175,0.5640625,0.011961057023644,"random",1
102144,210,46,240,240,0.000904203323558162,514,14,235,19.1049731745428,9,74,1.06265152843054e-05,46,81840,0.000904203323558162,19.1049731745428,9,74,20,28,7,9,5.26315789473684e-05,86.5,1.36929460580913e-05,0,0,NA,NA,0.948453608247423,0.0103092783505155,0.0412371134020619,0.2868410041841,0.0757530258349071,0.0794979079497908,12.0403202297744,4.72064877533213,8.24346432061704,5.26493228767786,3.6559851278406e-06,0.479135510953693,0.016010385114669,0.297234962007689,0.0099524015577672,"random",1
102223,198,1,1,6,1.03068344619317e-05,1,1,1,0,1,2.7225,6.60113416115237e-09,0,81913,0,0,0,0,0,0,0,0,0,0,4.149377593361e-07,0,0,NA,NA,1,0,0,-0.0113912133891213,0,0,NA,NA,NA,NA,-4.16643473513308e-08,NA,NA,NA,NA,"random",1
102016,210,83,36,240,0.00157338179511886,449,22,36,8.06225774829855,19,20,2.57924388174028e-06,1,82107,3.65376886258175e-05,0,1,2.7225,5.8309518948453,2,1,1,0,32,1.03734439834025e-05,0,0,NA,NA,1,0,0,0,1.86231240130108e-18,0.024397288262951,NA,NA,NA,NA,6.85689383387514e-08,NA,NA,NA,NA,"random",1
102131,54,9,45,168,0.00014685006608253,84,5,21,2.23606797749979,3,5.445,1.79374865990217e-06,0,82154,0,0,0,0,0,0,0,0,0,7.5,3.7344398340249e-06,0,0,NA,NA,1,0,0,-0.0113912133891213,0,0,NA,NA,NA,NA,-4.20973772113173e-08,NA,NA,NA,NA,"random",1
102054,198,32,21,180,0.000549604895147599,251,13,49,2.23606797749979,5,5.445,3.14609565636709e-06,0,82079,0,0,0,0,0,0,0,0,0,7.5,4.9792531120332e-06,0,0,NA,NA,1,0,0,-0.0113912133891213,0,0,NA,NA,NA,NA,-2.12274510340019e-07,NA,NA,NA,NA,"random",1
102160,102,112,225,240,0.00179402844816539,1189,36,198,15.52417469626,19,66,5.45526611986895e-05,85,81685,0.00127318357103507,14.8660687473185,16,66,19.1049731745428,19,16,11,0.00157894736842105,131,2.32365145228216e-05,0,0,NA,NA,0.677018633540373,0.136645962732919,0.186335403726708,0.264759414225941,0.0622011244657678,0.0799371262533172,12.0614796060228,4.72998738738762,11.8363387861612,4.3697242188149,5.28506058588051e-06,0.844135802469136,0.0296718972895863,0.692853134519801,0.0242510699001427,"random",1
102170,78,131,228,240,0.00229486584800176,1703,37,222,16.1554944214035,21,131,3.87679760341426e-05,116,81809,0.00213912894669291,16.1554944214035,21,85,17.2046505340853,59,23,24,0.00110526315789474,206,3.27800829875519e-05,0,0,NA,NA,0.762105263157895,0.0568421052631579,0.181052631578947,0.344257322175732,0.0675962109682155,0.0719859854982647,14.3968579289106,2.38228573647005,14.1755581223939,2.30840060853367,8.86704309397819e-06,0.652617210375831,0.043673571250312,0.455949716748265,0.0289493386573496,"random",1
102095,234,92,192,240,0.00166135278093353,1424,31,198,16.6433169770932,17,49.5,4.70548574258938e-05,75,82230,0.00127690623859905,14.3178210632764,13,49.5,9,30,15,12,0.000315789473684211,221,2.78008298755187e-05,0,0,NA,NA,0.912568306010929,0.0218579234972678,0.0655737704918033,0.195721757322176,0.0599072011015747,0.0376569037656904,6.04987518233397,2.33136954167121,5.51808329806184,2.02239869488055,5.25911219789213e-06,0.725517670377868,0.0275807722616233,0.564053362573099,0.0197005516154452,"random",1
102174,66,40,60,240,0.000792885982995645,227,15,58,8.06225774829855,6,9.5,5.22435845900482e-06,11,82269,0.000170173455372011,1,2,5.445,1.4142135623731,3,1,2,5.26315789473684e-05,11,4.5643153526971e-06,0,0,NA,NA,0.964646464646465,0.0101010101010101,0.0252525252525253,0.0113912133891213,0.00418410041841004,0.00591721155804642,1.20710678118655,0.292893218813453,NA,NA,6.27422908351535e-07,NA,NA,NA,NA,"random",1
102252,102,43,120,240,0.000791804217271077,657,18,114,12.0830459735946,6,7.5,1.07776371964813e-05,25,82030,0.00045105449225893,6.08276253029822,4,2.5,7.28010988928052,12,5,4,0.000526315789473684,50.5,1.45228215767635e-05,0,0,NA,NA,0.836601307189543,0.0555555555555556,0.107843137254902,-0.000930962343096233,0.0254508892481097,0.0304607108338097,6.1076753428072,1.98201981384815,5.69590525239768,1.92245395123933,1.84480712574827e-06,0.87037037037037,0.0183714001986097,0.611111111111111,0.0124131082423039,"random",1
102207,78,20,24,48,0.000401569563321783,87,12,18,3.16227766016838,6,5.445,3.19850518010356e-07,0,81755,0,0,0,0,0,0,0,0,0,3,2.4896265560166e-06,0,0,NA,NA,1,0,0,-0.0113912133891213,0,0,NA,NA,NA,NA,-1.26146174655098e-07,NA,NA,NA,NA,"random",1
102246,186,64,71,240,0.00112178288693497,638,19,67,9.48683298050514,10,23.5,7.97583384055816e-06,11,81928,0.000195293428376135,0,1,2.7225,2.23606797749979,5,1,1,0,55.5,1.41078838174274e-05,0,0,NA,NA,1,0,0,0,0,0.00935593296025017,NA,NA,NA,NA,7.74677151343272e-07,NA,NA,NA,NA,"random",1
102170,102,21,24,48,0.000391897518798834,79,8,20,2.23606797749979,6,5.445,5.0782954271841e-07,0,82129,0,0,0,0,0,0,0,0,0,2.5,2.4896265560166e-06,0,0,NA,NA,1,0,0,-0.0113912133891213,0,0,NA,NA,NA,NA,-4.23908130290877e-08,NA,NA,NA,NA,"random",1
102136,222,113,96,240,0.00198172409996697,1765,35,102,18.9736659610103,26,169.5,4.57993259208704e-05,8,82085,0.000134007431321191,14.142135623731,4,7,11.1803398874989,3,3,2,5.26315789473684e-05,206.5,4.02489626556017e-05,0,0,NA,NA,0.971223021582734,0.0107913669064748,0.0179856115107914,0.0178974895397489,0.0591721155804642,0.0467796648012508,10.6217000221864,0.599147124978677,8.82278053060183,3.96709157485051,5.18083488598647e-07,0.329861111111111,0.00436161776367962,0.246527777777778,0.00317208564631245,"random",1
102045,30,94,96,118,0.00175165672427943,750,28,84,12.6491106406735,15,27.5,8.90960798320919e-06,0,81771,0,0,0,0,0,0,0,0,0,58.5,1.2448132780083e-05,0,0,NA,NA,1,0,0,-0.0113912133891213,0,0,NA,NA,NA,NA,-4.1990068928798e-08,NA,NA,NA,NA,"random",1
102228,54,0,1,-Inf,0,1,1,1,0,0,0,3.87085593866459e-09,0,81915,0,0,0,0,0,0,0,0,0,0,4.149377593361e-07,0,0,NA,NA,1,0,0,0,0,0,NA,NA,NA,NA,0,NA,NA,NA,NA,"random",1
102356,186,96,108,228,0.00155727234016668,1513,32,102,14.2126704035519,17,58.5,2.96167310440569e-05,0,82078,0,0,0,0,0,0,0,0,0.000105263157894737,167,3.36099585062241e-05,0,0,NA,NA,0.968181818181818,0.0136363636363636,0.0181818181818182,-0.0113912133891213,0,0,NA,NA,NA,NA,-1.25476586215402e-07,NA,NA,NA,NA,"random",1
102170,222,38,225,240,0.000554371002132196,175,12,222,2.82842712474619,4,5.445,8.54809643191294e-06,20,82062,0.00035339133825644,1.4142135623731,3,0.5,4.47213595499958,9,5,2,0.000526315789473684,4,2.9045643153527e-06,0,0,NA,NA,0.942796610169492,0.00847457627118644,0.048728813559322,-0.00929916317991632,0.00591721155804642,0.0187118659205003,3.38391446781618,0.313441779296602,3.51290404219374,0.569544983230992,1.39468261698229e-06,0.763616557734205,0.0163288288288288,0.643518518518518,0.0112612612612613,"random",1
102201,126,8,7,12,0.000150162290783501,19,4,6,1,2,5.445,2.045535737635e-08,0,82103,0,0,0,0,0,0,0,0,0,0,8.29875518672199e-07,0,0,NA,NA,1,0,0,-0.0113912133891213,0,0,NA,NA,NA,NA,-8.38052020151631e-08,NA,NA,NA,NA,"random",1
102109,198,2,239,240,4.86564731355448e-05,5,2,238,0,1,2.7225,1.41524875160477e-09,2,82209,4.86564731355448e-05,0,1,2.7225,1.4142135623731,2,1,1,0,0,8.29875518672199e-07,0,0,NA,NA,1,0,0,0.0113912133891213,0,0.00591721155804642,NA,NA,NA,NA,2.0358356960479e-07,NA,NA,NA,NA,"random",1
102294,78,44,36,240,0.000719056208258178,330,19,43,10.770329614269,10,17.5,1.71867174480854e-06,43,81963,0.000671034491172846,2.82842712474619,6,2.5,3.60555127546399,12,5,6,0,40,8.71369294605809e-06,0,0,NA,NA,1,0,0,-0.000930962343096233,0.0118344231160928,0.0150859886002677,2.18070999001384,0.945200892585584,1.89574173292382,0.712533579955193,2.76564048844418e-06,0.572206660441955,0.0304709141274238,0.433405306567071,0.0238227146814404,"random",1
102156,210,25,23,180,0.000525447546893139,156,9,24,3.16227766016838,7,5.445,1.22540257834352e-06,0,81784,0,0,0,0,0,0,0,0,0,11,5.80912863070539e-06,0,0,NA,NA,1,0,0,-0.0227824267782427,-0.00418410041841004,-0.00418410041841004,NA,NA,NA,NA,-8.43118176460164e-08,NA,NA,NA,NA,"random",1
102232,126,38,84,240,0.000633752178523114,350,11,49,5.3851648071345,10,12,6.85348669751814e-06,4,82144,6.08687183482665e-05,0,1,2.7225,2.23606797749979,1,1,1,0,17.5,8.71369294605809e-06,0,0,NA,NA,1,0,0,0,0,0.00935593296025017,NA,NA,NA,NA,2.12868676111085e-07,NA,NA,NA,NA,"random",1
102106,126,1,1,4,1.21867992590426e-05,2,1,1,0,1,2.7225,1.39385301428655e-10,0,82058,0,0,0,0,0,0,0,0,0,0,4.149377593361e-07,0,0,NA,NA,1,0,0,-0.0113912133891213,0,0,NA,NA,NA,NA,-4.22286633133167e-08,NA,NA,NA,NA,"random",1
102189,234,15,35,48,0.000305205586483055,87,6,21,2.23606797749979,4,5.445,4.36164361011939e-07,0,82292,0,0,0,0,0,0,0,0,0,2,2.0746887966805e-06,0,0,NA,NA,1,0,0,-0.0113912133891213,0,0,NA,NA,NA,NA,-8.50029542776758e-08,NA,NA,NA,NA,"random",1
102205,234,70,71,198,0.00117799101067054,525,23,66,9.21954445729289,11,21,5.70586156073433e-06,0,82366,0,0,0,0,0,0,0,0,0,46.5,1.12033195020747e-05,0,0,NA,NA,1,0,0,-0.0113912133891213,1.89178578470535e-18,0,NA,NA,NA,NA,-4.20753639613649e-08,NA,NA,NA,NA,"random",1
102056,174,79,84,240,0.00171545368275057,1056,28,80,10.4403065089106,16,43,1.67447853461595e-05,9,81961,0.000244018496602042,1,2,5.445,10.6301458127346,11,2,3,5.26315789473684e-05,86,2.28215767634855e-05,0,0,NA,NA,0.988142292490119,0,0.0118577075098814,0.0113912133891213,0.00418410041841004,0.0444775975428228,10.3865955206937,0.421841480013241,10.2648203746732,0.516648189186454,8.94226179797838e-07,NA,NA,NA,NA,"random",1
102185,102,71,191,240,0.00126512985828113,660,21,201,14.422205101856,10,30,2.30607222515082e-05,23,81897,0.000439576541265248,13.4536240470737,5,10,10.4403065089106,13,7,4,0.000684210526315789,77.5,1.49377593360996e-05,0,0,NA,NA,0.776595744680851,0.0585106382978723,0.164893617021277,0.0304497907949791,0.0562913140044925,0.0436832908322617,7.89340801726864,1.89529588645822,7.42292073395855,1.59696245215604,1.75441381292709e-06,0.805033416875522,0.0121745011836321,0.655868838763576,0.00777815353398715,"random",1
102328,54,1,1,1,1.00431856985036e-05,1,1,1,0,1,2.7225,3.38490661390799e-08,0,82133,0,0,0,0,0,0,0,0,0,0,4.149377593361e-07,0,0,NA,NA,1,0,0,-0.0113912133891213,0,0,NA,NA,NA,NA,-4.20216974832785e-08,NA,NA,NA,NA,"random",1
102197,162,10,11,48,0.000321480648013135,46,8,10,1,2,5.445,3.44292137703088e-08,0,82145,0,0,0,0,0,0,0,0,0,0,8.29875518672199e-07,0,0,NA,NA,1,0,0,-0.0113912133891213,0,0,NA,NA,NA,NA,-4.23530525899125e-08,NA,NA,NA,NA,"random",1
102107,54,20,58,97,0.000329238663972208,172,13,78,3,5,5.445,1.36633387855845e-06,0,81877,0,0,0,0,0,0,0,0,0,7.5,4.5643153526971e-06,0,0,NA,NA,1,0,0,-0.0113912133891213,0,0,NA,NA,NA,NA,-4.243681709613e-08,NA,NA,NA,NA,"random",1
102034,174,239,216,240,0.00402397260273973,4058,102,210,34.2344855372474,37,398.5,0.000119897920490556,172,81878,0.00279684408510223,34.2344855372474,31,398.5,20.0997512422418,57,34,21,0.00215789473684211,536.5,8.54771784232365e-05,0,0,NA,NA,0.438818565400844,0.160337552742616,0.40084388185654,1.65597280334728,0.143240525260449,0.0840993775826016,11.2077281830161,5.8996754507692,11.3360789285581,6.26624602198886,1.1659760345886e-05,0.760143186062304,0.030496737248635,0.585401635401635,0.022905846317752,"random",1
102083,210,25,225,240,0.00042590992613505,138,9,214,4,6,5.445,8.65812597696759e-06,5,81831,6.11015385367404e-05,0,1,2.7225,1.4142135623731,0,1,0,0.000421052631578947,9,4.5643153526971e-06,0,0,NA,NA,0.877394636015326,0.0268199233716475,0.0957854406130268,0,0,0.00591721155804642,NA,NA,NA,NA,2.13707001445618e-07,NA,NA,NA,NA,"random",1
102184,186,25,48,84,0.0005106817601498,159,11,46,11.7046999107196,5,11,1.20303533828309e-06,0,81886,0,0,0,0,0,0,0,0,0,25,4.9792531120332e-06,0,0,NA,NA,1,0,0,-0.0113912133891213,0,-2.82285467368429e-18,NA,NA,NA,NA,-4.2277305981833e-08,NA,NA,NA,NA,"random",1
102112,90,61,36,228,0.0011369054168042,543,21,32,9.21954445729289,12,18,1.09355304368797e-05,0,82315,0,0,0,0,0,0,0,0,0.000578947368421053,47,1.16182572614108e-05,0,0,NA,NA,0.864,0.008,0.128,-0.0113912133891213,0,0,NA,NA,NA,NA,-4.1948392067794e-08,NA,NA,NA,NA,"random",1
102138,102,19,23,24,0.000316698539532504,51,7,18,2,3,5.445,1.9127999884348e-07,0,82213,0,0,0,0,0,0,0,0,0,1,1.6597510373444e-06,0,0,NA,NA,1,0,0,-0.0113912133891213,0,0,NA,NA,NA,NA,-1.26452437971391e-07,NA,NA,NA,NA,"random",1
102183,78,72,24,228,0.00128574052531684,447,20,18,10.0498756211209,13,26.5,4.23104654438587e-06,0,82030,0,0,0,0,0,0,0,0,5.26315789473684e-05,35,9.54356846473029e-06,0,0,NA,NA,0.975352112676056,0.0105633802816901,0.0140845070422535,-0.0113912133891213,0,1.87557048882547e-18,NA,NA,NA,NA,-8.38841692160116e-08,NA,NA,NA,NA,"random",1
102091,102,43,203,240,0.000820344544708778,408,15,202,6.32455532033676,12,11.5,1.31616691030784e-05,30,81921,0.000463861525127867,6.32455532033676,5,11.5,10,8,7,6,0.000210526315789474,39,1.2448132780083e-05,0,0,NA,NA,0.953367875647668,0.0207253886010363,0.0259067357512953,0.0253347280334728,0.0222784741436684,0.0376569037656904,7.64089958430708,1.31908462618707,7.77824611041216,1.25778986857947,1.85681752799954e-06,0.678271308523409,0.0163934426229508,0.549606206118811,0.0129421915444349,"random",1
102231,138,257,216,240,0.00477582846003899,3712,82,210,31.9530906173409,48,408,0.000129981146388249,175,82247,0.00291803956375309,31.9530906173409,21,188.5,17.464249196573,65,27,22,0.002,519,7.75933609958506e-05,0,0,NA,NA,0.73490813648294,0.0761154855643045,0.188976377952756,0.777311715481172,0.13369493982151,0.0730721723705982,13.4919130652647,2.31251461221091,13.3913223647635,2.20277014164993,1.21255796230506e-05,0.812336396546923,0.0464037122969838,0.636919545596016,0.0338360402165507,"random",1
102208,78,3,12,12,6.09236018033386e-05,9,4,1,0,1,2.7225,2.48374669389947e-09,0,82158,0,0,0,0,0,0,0,0,0,0,4.149377593361e-07,0,0,NA,NA,1,0,0,-0.0113912133891213,0,0,NA,NA,NA,NA,-1.26805011215692e-07,NA,NA,NA,NA,"random",1
102260,78,82,204,240,0.00143042276939629,803,35,198,13.4164078649987,15,44.5,2.58096604981343e-05,28,82028,0.000414492612278734,12.0415945787923,7,36,13.0384048104053,6,8,4,0.000578947368421053,101,1.6597510373444e-05,0,0,NA,NA,0.905063291139241,0.0316455696202532,0.0632911392405063,0.13923640167364,0.0503832409154489,0.0545539950226163,10.3052111847614,3.01167117228272,8.69638527880009,4.01751637317942,1.64963686555114e-06,0.866319444444444,0.0105328376703841,0.717013888888889,0.00867410161090459,"random",1
102109,126,81,82,157,0.00134025391719668,469,25,79,12.1655250605964,10,33,4.02747669191979e-06,0,82154,0,0,0,0,0,0,0,0,0,25.5,9.54356846473029e-06,0,0,NA,NA,1,0,0,-0.0113912133891213,0,0,NA,NA,NA,NA,-1.27163420679061e-07,NA,NA,NA,NA,"random",1
102224,138,32,84,192,0.000633790800282768,407,11,30,7.61577310586391,6,10,5.79036252519768e-06,0,81726,0,0,0,0,0,0,0,0,0,24,9.12863070539419e-06,0,0,NA,NA,1,0,0,-0.0113912133891213,9.28265425088669e-19,1.89282213628564e-18,NA,NA,NA,NA,-4.25256674297189e-08,NA,NA,NA,NA,"random",1
102056,54,23,35,192,0.000297030834085431,165,9,179,2.23606797749979,5,5.445,1.57444889068304e-06,0,81958,0,0,0,0,0,0,0,0,0,5.5,3.7344398340249e-06,0,0,NA,NA,1,0,0,-0.0113912133891213,0,0,NA,NA,NA,NA,-8.54927447009674e-08,NA,NA,NA,NA,"random",1
102237,174,51,228,228,0.000839630562552477,539,20,223,12.7279220613579,7,15.5,1.15577530608213e-05,0,81761,0,0,0,0,0,0,0,0,0.000631578947368421,62.5,1.32780082987552e-05,0,0,NA,NA,0.811145510835913,0.0278637770897833,0.160990712074303,-0.0113912133891213,2.82945999144877e-18,0,NA,NA,NA,NA,-8.49787846215255e-08,NA,NA,NA,NA,"random",1
102194,174,9,31,36,0.000244125724748245,33,6,21,1.4142135623731,2,5.445,1.11520951488485e-07,0,82054,0,0,0,0,0,0,0,0,0,0.5,1.2448132780083e-06,0,0,NA,NA,1,0,0,-0.0113912133891213,0,0,NA,NA,NA,NA,-4.25650354368818e-08,NA,NA,NA,NA,"random",1
102365,174,4,9,24,9.85221674876847e-05,19,3,6,1,2,5.445,1.70320246625583e-07,0,82215,0,0,0,0,0,0,0,0,0,0,8.29875518672199e-07,0,0,NA,NA,1,0,0,-0.0113912133891213,0,0,NA,NA,NA,NA,-8.46401346929248e-08,NA,NA,NA,NA,"random",1
102386,78,61,239,240,0.00110665207345251,435,16,240,6.70820393249937,10,10,4.34640783040233e-06,59,82230,0.00110665207345251,2.23606797749979,5,2,7.21110255092798,32,11,10,0,32,9.95850622406639e-06,0,0,NA,NA,1,0,0,-0.00302301255230125,0.00935593296025017,0.0301719772005355,6.55065908282938,0.566534867559868,6.44470505776621,0.642148261885778,4.54626454297681e-06,0.699465181283363,0.0468589083419155,0.465374444800282,0.0303810504634398,"random",1
102295,234,18,225,228,0.000320239111870196,70,8,224,2,4,5.445,2.33912680175266e-06,0,82595,0,0,0,0,0,0,0,0,0.000526315789473684,2,2.0746887966805e-06,0,0,NA,NA,0.931693989071038,0.0245901639344262,0.0437158469945355,-0.0113912133891213,0,0,NA,NA,NA,NA,-8.37171695794242e-08,NA,NA,NA,NA,"random",1
102269,78,81,168,240,0.00154815744883157,1074,32,237,19.313207915828,16,54,3.18394721665225e-05,79,82033,0.00154815744883157,19.313207915828,16,49.5,16.1554944214035,48,15,17,0.000210526315789474,114,1.99170124481328e-05,0,0,NA,NA,0.928571428571429,0.00974025974025974,0.0616883116883117,0.195721757322176,0.0808084013214559,0.0675962109682155,9.88495830026709,6.01502904104415,9.26452281077511,6.33882174906242,6.43533001413907e-06,0.683841830609229,0.0314980158730159,0.449275214809271,0.019593253968254,"random",1
102322,162,40,203,240,0.000606178445209475,422,14,19,4.47213595499958,6,6.5,1.01242948973241e-05,20,82151,0.000462562841596572,2.82842712474619,6,3,6.32455532033676,18,6,7,0,33,1.12033195020747e-05,0,0,NA,NA,0.931297709923664,0.0152671755725191,0.0534351145038168,0.00116108786610879,0.0118344231160928,0.0264625745620785,5.34282465773063,0.727962079737995,5.39996210068574,0.780058442290831,1.80979215359375e-06,0.546320346320346,0.0185365853658537,0.305473098330241,0.00975609756097561,"random",1
102207,138,121,94,240,0.00180893545854807,1514,36,90,21.9317121994613,19,97,2.89000356454581e-05,12,82096,0.000194893782888326,13.0384048104053,2,5.445,7.28010988928052,4,2,2,0,228,3.52697095435685e-05,0,0,NA,NA,1,0,0,0.0113912133891213,0.0545539950226163,0.0304607108338097,6.68143620978937,0.846652436972187,6.68143620978937,0.846652436972187,7.30781623060023e-07,NA,NA,NA,NA,"random",1
102104,90,1,1,12,2.45209224771036e-05,2,1,1,1,2,5.445,4.8790538822309e-10,0,81936,0,0,0,0,0,0,0,0,0,0.5,1.2448132780083e-06,0,0,NA,NA,1,0,0,-0.0113912133891213,0,-0.00836820083682008,NA,NA,NA,NA,-4.26539892186071e-08,NA,NA,NA,NA,"random",1
102237,102,92,156,240,0.00158449631299896,592,25,154,13.0384048104053,12,37,1.3138409609473e-05,6,81938,0.00013424784593229,1.4142135623731,2,5.445,3.16227766016838,5,2,1,5.26315789473684e-05,76.5,1.36929460580913e-05,0,0,NA,NA,0.971830985915493,0.0105633802816901,0.0176056338028169,0.0113912133891213,0.00591721155804642,0.0132312872810392,NA,NA,2.58113883008419,0.821854415126695,5.19964392870695e-07,NA,NA,NA,NA,"random",1
102251,150,64,35,204,0.00109088680517252,453,22,42,7.61577310586391,9,8.5,6.98673847753137e-06,0,82015,1.21928915442297e-05,0,1,2.7225,5,1,0,1,0,23.5,9.95850622406639e-06,0,0,NA,NA,1,0,0,0,0,0.0209205020920502,NA,NA,NA,NA,9.12542831112153e-09,NA,NA,NA,NA,"random",1
102430,42,63,47,240,0.000884098340801744,293,22,42,5,8,7.5,2.85822773574708e-06,8,81996,0.000158544319235085,3,4,0,5,5,3,2,0,18.5,9.12863070539419e-06,0,0,NA,NA,1,0,0,-0.0113912133891213,0.0125523012552301,0.0209205020920502,4.62132034355964,0.535533905932738,3.67015654091722,0.543071309998827,6.21145637420152e-07,NA,NA,NA,NA,"random",1
102074,174,63,96,240,0.001064077004929,798,23,56,10.0498756211209,11,23,1.21872531040553e-05,5,81697,6.12017577144816e-05,5,2,5.445,6.40312423743285,0,2,0,0,51.5,1.61825726141079e-05,0,0,NA,NA,1,0,0,0.0113912133891213,0.0209205020920502,0.0267913148009743,NA,NA,3.90866889990297,3.52769256906871,2.13966331354898e-07,NA,NA,NA,NA,"random",1
102335,210,91,168,240,0.00191962047758201,768,35,164,15.2643375224737,20,40.5,1.8409353633682e-05,30,82007,0.000695062616605899,3.60555127546399,7,3.5,6.40312423743285,27,6,7,5.26315789473684e-05,93.5,1.74273858921162e-05,0,0,NA,NA,0.968354430379747,0,0.0316455696202532,0.00325313807531381,0.0150859886002677,0.0267913148009743,5.7483545541179,0.531497795709434,5.67039419614092,0.644946193450031,2.86683830114495e-06,0.651086048454469,0.0312843029637761,0.3831569664903,0.0164654226125137,"random",1
102165,114,53,228,240,0.000839937187305993,258,15,222,5.3851648071345,8,6.5,1.22016350760473e-05,44,82149,0.000839937187305993,5.3851648071345,8,5.5,8.60232526704263,25,10,9,0.000368421052631579,17,6.22406639004149e-06,0,0,NA,NA,0.804545454545455,0.0363636363636364,0.159090909090909,0.0116213389121339,0.0225320703227385,0.0359929927491323,6.86713003070651,1.20326255823068,6.30043180530164,1.45470847279655,3.4290039291889e-06,0.653191253191253,0.0326241134751773,0.447170884670885,0.0208037825059102,"random",1
102444,54,47,105,240,0.000796015374468375,238,17,102,13.6014705087354,7,14.5,4.47344969827891e-06,22,81852,0.000366515173728192,5,5,4,6.32455532033676,8,3,6,0,53,5.80912863070539e-06,0,0,NA,NA,1,0,0,0.00534518828451883,0.0209205020920502,0.0264625745620785,5.04526527977702,0.92431483165197,5.08082185642286,0.527137453557993,1.49106846240452e-06,0.429503367003367,0.0132333480370534,0.298611111111111,0.00970445522717247,"random",1
102154,114,36,226,240,0.00072121849253111,219,22,240,9.21954445729289,8,7,1.09817929515323e-05,31,81806,0.00072121849253111,6.40312423743285,8,7,12.2065556157337,28,10,9,0.000315789473684211,33.5,6.63900414937759e-06,0,0,NA,NA,0.921940928270042,0.0253164556962025,0.0527426160337553,0.017897489539749,0.0267913148009743,0.0510734544591368,11.9242633984046,0.404271203712205,11.6926123558099,0.732436039500017,2.97517112573684e-06,0.512339788694278,0.025764192139738,0.32677673633556,0.0135371179039301,"random",1
102097,198,165,108,240,0.00256288214403398,2143,62,102,32.2490309931942,23,161,4.89369291236867e-05,5,81941,0.000231874153354243,32.2490309931942,5,144.5,21.1896201004171,14,3,4,0.000947368421052632,271.5,4.02489626556017e-05,0,0,NA,NA,0.832669322709163,0.0159362549800797,0.151394422310757,0.59321129707113,0.134933184071942,0.088659498328105,12.9982592951299,6.14223143996471,18.5852992983367,3.7255838450999,8.43216834730156e-07,0.313311688311688,0.00319650067294751,0.0896103896103896,0.000841184387617766,"random",1
101986,234,81,216,240,0.00126929883444194,1045,25,210,13.4536240470737,11,28.5,2.35532797144683e-05,10,82025,0.000134105455653764,8.06225774829855,2,5.445,13.4536240470737,1,3,1,0.000315789473684211,92.5,2.03319502074689e-05,0,0,NA,NA,0.915584415584416,0.0194805194805195,0.0649350649350649,1.11528436834299e-17,0.0295491955995755,0.0521072135860825,NA,NA,11.0772678048281,4.11596974845292,3.92705934970266e-07,NA,NA,NA,NA,"random",1
102264,126,24,72,216,0.00051388718952649,204,10,69,5,10,7.5,5.65179799782264e-06,0,81885,0,0,0,0,0,0,0,0,0,8,5.39419087136929e-06,0,0,NA,NA,1,0,0,-0.0113912133891213,0,0,NA,NA,NA,NA,-4.21869370680586e-08,NA,NA,NA,NA,"random",1
102297,30,5,23,24,9.76276481499561e-05,13,3,19,1.4142135623731,3,5.445,1.0773986655049e-07,0,82042,0,0,0,0,0,0,0,0,0,0,8.29875518672199e-07,0,0,NA,NA,1,0,0,-0.0113912133891213,0,0,NA,NA,NA,NA,-4.26692136204738e-08,NA,NA,NA,NA,"random",1
102151,210,1,1,12,1.23243776189302e-05,1,1,1,0,1,2.7225,4.42166084030252e-09,0,81895,0,0,0,0,0,0,0,0,0,0,4.149377593361e-07,0,0,NA,NA,1,0,0,-0.0113912133891213,0,0,NA,NA,NA,NA,-4.22069383395039e-08,NA,NA,NA,NA,"random",1
102265,222,47,190,228,0.000741929990999538,647,20,102,8.60232526704263,9,25.5,1.24651559735651e-05,0,81676,0,0,0,0,0,0,0,0,5.26315789473684e-05,66.5,1.49377593360996e-05,0,0,NA,NA,0.973529411764706,0,0.0264705882352941,-0.0113912133891213,0,0,NA,NA,NA,NA,-4.17716632231502e-08,NA,NA,NA,NA,"random",1
102115,150,48,190,240,0.000965227378246952,771,15,78,11.4017542509914,10,46,2.33573161001365e-05,43,82041,0.000889799002937556,11.3137084989848,10,28.5,18.0277563773199,30,9,10,0.000157894736842105,118.5,1.53526970954357e-05,0,0,NA,NA,0.975,0.015625,0.009375,0.107855648535565,0.0473376924643714,0.0754299430013387,12.3643091716196,3.21867100051528,13.4031861367004,3.24406019643322,3.5960956738013e-06,0.554540129236486,0.023879620543016,0.34407960460592,0.0140660778541053,"random",1
102161,234,40,216,240,0.000707455113192818,471,14,213,6.08276253029822,9,9,1.5085809335962e-05,15,82166,0.000243409682837183,2.23606797749979,4,1,6.32455532033676,5,4,4,0.000578947368421053,26.5,1.12033195020747e-05,0,0,NA,NA,0.857740585774059,0.0334728033472803,0.108786610878661,-0.0072071129707113,0.00935593296025017,0.0264625745620785,5.63516800557914,0.571409425773626,5.63516800557914,0.571409425773626,9.33232057919045e-07,0.690247252747253,0.0115141047783535,0.531135531135531,0.00863557858376511,"random",1
102242,42,180,94,240,0.0028188302425107,1927,59,90,23.43074902772,29,131.5,3.61146349374615e-05,49,82177,0.00098567725762683,13.6014705087354,11,46.5,22.1359436211787,32,13,13,0.000789473684210526,280,4.39834024896266e-05,0,0,NA,NA,0.61038961038961,0.0779220779220779,0.311688311688312,0.183169456066946,0.0569099184465918,0.0926190109672747,15.1014374203724,5.33311698963412,14.1410083385262,4.60447681796862,3.99901257764177e-06,0.682515501927267,0.0229137199434229,0.451878306878307,0.0138613861386139,"random",1
102223,162,60,239,240,0.00105040733819452,454,28,212,12.6491106406735,7,25,1.90334899846124e-05,58,81873,0.00105040733819452,12.6491106406735,7,25,10.816653826392,28,11,10,0.000315789473684211,43,9.54356846473029e-06,0,0,NA,NA,0.917525773195876,0.0103092783505155,0.0721649484536082,0.0932112970711297,0.052925149124157,0.0452579658008032,5.63555302262857,3.47059747164055,5.94497293280331,3.60874306525965,4.35324145594606e-06,0.803207049360895,0.0226256248355696,0.611022204291435,0.0152591423309655,"random",1
102197,162,2,8,12,3.67570481639854e-05,4,1,1,0,1,2.7225,2.51915678521533e-10,0,81979,0,0,0,0,0,0,0,0,0,0,4.149377593361e-07,0,0,NA,NA,1,0,0,-0.0113912133891213,0,0,NA,NA,NA,NA,-4.26331276967052e-08,NA,NA,NA,NA,"random",1
102156,210,54,168,228,0.000827784337833396,361,26,162,6.08276253029822,7,10.5,1.20803958412576e-05,0,82156,0,0,0,0,0,0,0,0,5.26315789473684e-05,24,8.71369294605809e-06,0,0,NA,NA,0.996478873239437,0,0.00352112676056338,-0.0113912133891213,0,0,NA,NA,NA,NA,-8.39270754284519e-08,NA,NA,NA,NA,"random",1
102444,234,61,23,240,0.00103483120076943,561,18,35,9.21954445729289,13,23.5,5.66056542885475e-06,11,82534,0.000266556812949815,1,2,5.445,5,11,2,3,5.26315789473684e-05,51.5,1.32780082987552e-05,0,0,NA,NA,1,0,0,0.0113912133891213,0.00418410041841004,0.0209205020920502,4.49509379141286,0.437261603164951,4.24264068711928,0,1.07352213591428e-06,NA,NA,NA,NA,"random",1
102093,114,26,23,240,0.000366842063028052,145,7,217,4.12310562561766,5,5.445,2.08220993281089e-06,17,81779,0.000330158109050001,4.12310562561766,5,1.5,2.23606797749979,10,4,5,0.000105263157894737,3.5,3.3195020746888e-06,0,0,NA,NA,0.98728813559322,0.00423728813559322,0.00847457627118644,-0.00511506276150627,0.0172514879732957,0.00935593296025017,1.53005630797458,0.568910905181126,1.10355339059327,0.207106781186548,1.33987401704269e-06,0.714285714285714,0.0124884366327475,0.506944444444444,0.00786308973172988,"random",1
102278,198,6,11,38,0.00010468524635928,22,3,1,1,2,5.445,2.69580546365501e-08,0,82206,0,0,0,0,0,0,0,0,0,0,4.149377593361e-07,0,0,NA,NA,1,0,0,-0.0113912133891213,0,0,NA,NA,NA,NA,-1.24011314626998e-07,NA,NA,NA,NA,"random",1
102255,234,1,1,9,1.05839145666416e-05,1,1,1,0,1,2.7225,9.45062834035621e-12,0,82478,0,0,0,0,0,0,0,0,0,0,4.149377593361e-07,0,0,NA,NA,1,0,0,-0.0113912133891213,0,0,NA,NA,NA,NA,-4.28027827116308e-08,NA,NA,NA,NA,"random",1
102033,102,126,204,240,0.00236850501926711,1128,47,198,25,19,120,4.50761140392258e-05,86,82038,0.00176747360979058,24.6981780704569,15,120,17.2046505340853,59,20,20,0.000578947368421053,180,2.19917012448133e-05,0,0,NA,NA,0.730038022813688,0.0722433460076046,0.197718631178707,0.479309623430962,0.0991555567801545,0.0678018850798546,12.1248849603856,4.23483855373807,12.0608794659216,4.32071954393945,7.31150116736571e-06,0.68457930957931,0.0254207573632539,0.428764228196046,0.0150771388499299,"random",1
102067,234,1,1,3,1.04230725133155e-05,1,1,1,0,1,2.7225,3.02353578785517e-14,0,82272,0,0,0,0,0,0,0,0,0,0,4.149377593361e-07,0,0,NA,NA,1,0,0,-0.0113912133891213,0,0,NA,NA,NA,NA,-4.28808651643356e-08,NA,NA,NA,NA,"random",1
102032,102,50,36,228,0.000916579082443233,496,22,177,5.09901951359278,9,7.5,7.44378683728545e-06,0,81948,0,0,0,0,0,0,0,0,0.000105263157894737,23.5,9.54356846473029e-06,0,0,NA,NA,0.938223938223938,0.0115830115830116,0.0501930501930502,-0.0113912133891213,-9.45497142710751e-19,0,NA,NA,NA,NA,-8.38052020151631e-08,NA,NA,NA,NA,"random",1
102193,138,144,240,240,0.00266908271707723,1580,49,234,24.0416305603426,27,135.5,5.04027293967777e-05,144,81676,0.00266908271707723,24.0416305603426,27,135.5,14.142135623731,74,31,29,0.000947368421052632,191,3.40248962655602e-05,0,0,NA,NA,0.783185840707965,0.0730088495575221,0.143805309734513,0.555554393305439,0.100592596486789,0.0591721155804642,9.53898172966574,2.93517460707192,9.05808218070439,3.10099749239806,1.11255758546697e-05,0.713367161161279,0.0395285584768812,0.494608786275453,0.0261106074342702,"random",1
102116,222,30,144,156,0.000523321956769056,88,10,142,1.4142135623731,3,5.445,1.60060215166445e-06,0,81894,0,0,0,0,0,0,0,0,0,3.5,2.9045643153527e-06,0,0,NA,NA,1,0,0,-0.0113912133891213,0,0,NA,NA,NA,NA,-4.14945249011755e-08,NA,NA,NA,NA,"random",1
102257,126,153,144,240,0.002500396404308,1764,47,138,21.0237960416286,23,148,4.90213794969563e-05,27,82028,0.000658311795972107,8.60232526704263,9,12.5,7.28010988928052,27,9,9,0.000263157894736842,175.5,3.90041493775934e-05,0,0,NA,NA,0.864963503649635,0.0364963503649635,0.0985401459854015,0.0409100418410042,0.0359929927491323,0.0304607108338097,3.45986349717949,1.66823639017242,3.23691097388844,1.68454987029493,2.71223912844264e-06,0.653701079622132,0.0275089149261335,0.37609649122807,0.0137544574630667,"random",1
102168,54,134,118,240,0.00196780920806374,1942,40,114,18,23,141,5.13826015911111e-05,10,82079,0.000170567380206874,17.464249196573,4,4,14.142135623731,4,4,2,0.000263157894736842,232,4.23236514522822e-05,0,0,NA,NA,0.933333333333333,0.0285714285714286,0.0380952380952381,0.00534518828451883,0.0730721723705982,0.0591721155804642,8.87384344959747,7.45049024320361,10.7665395994393,4.84171113742583,6.71485811183212e-07,0.875,0.00563153660498793,0.73125,0.00402252614641995,"random",1
102298,78,88,179,240,0.00140018506793941,1278,26,186,16,13,56,3.50970220412635e-05,49,82062,0.000926129024396188,12.5299640861417,11,28.5,7.61577310586391,27,13,13,0.000263157894736842,124.5,2.4896265560166e-05,0,0,NA,NA,0.861111111111111,0.0158730158730159,0.123015873015873,0.107855648535565,0.0524266279754881,0.0318651594387611,5.32662781482099,1.91814731774525,5.01517974630102,1.91536849065213,3.83300189241698e-06,0.661069340016708,0.0263888888888889,0.420509377840205,0.0170138888888889,"random",1
102117,162,5,59,60,7.29935887297899e-05,9,2,49,0,1,2.7225,4.49533414907882e-07,0,81876,0,0,0,0,0,0,0,0,0,0,8.29875518672199e-07,0,0,NA,NA,1,0,0,-0.0113912133891213,0,0,NA,NA,NA,NA,-4.1914774186669e-08,NA,NA,NA,NA,"random",1
102170,162,1,1,3,1.02046022756263e-05,1,1,1,0,1,2.7225,5.37265578167345e-14,0,81763,0,0,0,0,0,0,0,0,0,0,4.149377593361e-07,0,0,NA,NA,1,0,0,-0.0113912133891213,0,0,NA,NA,NA,NA,-4.19921760177644e-08,NA,NA,NA,NA,"random",1
102236,102,64,129,240,0.00114115061974191,939,27,126,20.8086520466848,11,72,3.2320236001689e-05,32,82009,0.000548720262410223,18.3575597506858,5,16,20.2484567313166,13,6,5,0,157.5,1.95020746887967e-05,0,0,NA,NA,1,0,0,0.0555543933054393,0.0768098734338319,0.0847215762816594,5.98472678802752,2.17458193472497,8.36201511190903,6.1393846533546,2.25372734951599e-06,0.636752136752137,0.0119142176330421,0.463888888888889,0.00847233253905216,"random",1
102162,42,141,204,240,0.00254958889403957,2787,48,199,25.8069758011279,26,273,8.64910432392035e-05,115,81989,0.00209784239349181,25.8069758011279,26,273,25.5538646783613,57,28,28,0.00115789473684211,418.5,5.31120331950207e-05,0,0,NA,NA,0.720136518771331,0.0716723549488055,0.208191126279863,1.13086820083682,0.107978978247397,0.106919935892725,15.8754229411793,5.59492660489693,16.047336981894,5.79438847988428,8.73550787240604e-06,0.672235340417159,0.0242048972699128,0.435970048470048,0.0161835068955812,"random",1
102134,210,211,144,240,0.00375527323270502,3700,62,138,39.0512483795333,30,573.5,0.00011015979718113,116,81944,0.00209899443522406,39.0512483795333,25,573.5,41.2310562561766,56,31,24,0.00163157894736842,675.5,7.38589211618257e-05,0,0,NA,NA,0.740825688073395,0.0711009174311927,0.188073394495413,2.38819037656904,0.16339434468424,0.172514879732957,21.3986060815606,7.2663362767261,23.2652299732589,7.32484653544067,8.69660395362022e-06,0.750968644150462,0.0169608519869835,0.543331836513655,0.0114387141307563,"random",1
102200,66,23,12,108,0.00046098350831499,87,17,7,1.4142135623731,3,5.445,8.99982634860655e-07,0,81853,0,0,0,0,0,0,0,0,0,1,1.6597510373444e-06,0,0,NA,NA,1,0,0,-0.0113912133891213,0,0,NA,NA,NA,NA,-2.53535746131615e-07,NA,NA,NA,NA,"random",1
101957,66,119,238,240,0.00171402686124953,671,36,234,15,21,83.5,3.23901802820209e-05,111,81679,0.00171402686124953,15,20,83.5,10,29,24,19,0.00115789473684211,86,1.78423236514523e-05,0,0,NA,NA,0.802238805970149,0.0522388059701493,0.145522388059701,0.337981171548117,0.0627615062761506,0.0418410041841004,7.32150676656762,1.74029427069398,7.0135627390447,1.82302310953431,7.12906166981691e-06,0.674779438668328,0.0300429184549356,0.535501946613058,0.0238197424892704,"random",1
102261,234,14,10,240,0.000226334565599302,50,6,24,1,2,5.445,4.31753751323985e-07,5,82433,0.000157703832203123,1,2,5.445,2.82842712474619,8,1,2,0,1.5,1.6597510373444e-06,0,0,NA,NA,1,0,0,0.0113912133891213,0.00418410041841004,0.0118344231160928,2.53224755112299,0.41886116991581,NA,NA,5.75261580072251e-07,NA,NA,NA,NA,"random",1
102131,66,9,215,240,0.000134787403504472,54,4,190,1,2,5.445,2.47040585705752e-06,5,81874,8.54972274470528e-05,1,2,5.445,3.16227766016838,2,2,2,0,1.5,2.0746887966805e-06,0,0,NA,NA,1,0,0,0.0113912133891213,0.00418410041841004,0.0132312872810392,2.69917281883408,0.6549291474156,2.23606797749979,0,3.15810011659349e-07,NA,NA,NA,NA,"random",1
102066,198,91,190,240,0.00131837546845054,1000,30,186,14.2126704035519,14,49,3.99184823824933e-05,25,81980,0.000414735301292998,2.82842712474619,5,2,5.09901951359278,9,6,5,0.000526315789473684,83,2.15767634854772e-05,0,0,NA,NA,0.932692307692308,0.0128205128205128,0.0544871794871795,-0.00302301255230125,0.0118344231160928,0.0213348096803045,4.19799081496856,0.849171005628123,4.18550995007675,0.760136664929583,1.69273127720222e-06,0.854497354497355,0.0225016545334216,0.657804232804233,0.0165453342157512,"random",1
102190,114,32,48,240,0.000622095363559849,294,15,78,3.60555127546399,5,5.445,4.40989136966097e-06,9,81989,0.000158557855322055,1.4142135623731,3,0.5,3.60555127546399,4,2,3,5.26315789473684e-05,16.5,7.05394190871369e-06,0,0,NA,NA,0.988857938718663,0,0.011142061281337,-0.00929916317991632,0.00591721155804642,0.0150859886002677,3.00129897104405,0.698789474459128,2.69917281883408,0.6549291474156,6.21310205846752e-07,0.7,0.00848563968668407,0.5,0.00587467362924282,"random",1
102212,54,39,23,240,0.000623891369502722,405,12,106,5.8309518948453,10,9,7.35982749179473e-06,13,82039,0.00024378649179049,1.4142135623731,4,1,6.40312423743285,7,4,5,0.000210526315789474,21.5,9.54356846473029e-06,0,0,NA,NA,0.962593516209476,0.00748129675810474,0.029925187032419,-0.0072071129707113,0.00591721155804642,0.0267913148009743,5.85881092384068,0.585592177506207,5.72273259544263,0.577733088381862,9.77678825038776e-07,0.485434173669468,0.0114744693057946,0.311764705882353,0.00745840504876649,"random",1
102335,102,1,1,2,1.03106601915721e-05,1,1,1,0,1,2.7225,2.66343317698968e-13,0,81866,0,0,0,0,0,0,0,0,0,0,4.149377593361e-07,0,0,NA,NA,1,0,0,-0.0113912133891213,0,0,NA,NA,NA,NA,-4.27712795135195e-08,NA,NA,NA,NA,"random",1
102247,78,143,59,240,0.00244343449152128,1049,40,54,17.1172427686237,25,85.5,9.11511140659152e-06,11,81774,0.000269034167339252,7,4,17.5,6.08276253029822,11,4,4,0.000210526315789474,113,2.32365145228216e-05,0,0,NA,NA,0.957894736842105,0.0105263157894737,0.0315789473684211,0.0618305439330544,0.0292887029288703,0.0254508892481097,4.27069063257455,2.23940513554826,3.10355339059327,2.19634737742371,9.9826377720328e-07,0.616709956709957,0.010036496350365,0.396363636363636,0.00501824817518248,"random",1
102129,138,93,191,240,0.00181576670444436,647,49,186,28.8617393793236,12,113,2.15385456558908e-05,25,81871,0.000537430836315667,23.3452350598575,4,58,25.298221281347,19,6,7,0.000263157894736842,128.5,1.20331950207469e-05,0,0,NA,NA,0.951951951951952,0.00900900900900901,0.039039039039039,0.231286610878661,0.0976788077818306,0.105850298248314,10.6918076877042,9.99830601138718,11.7865913647186,10.4829154723945,2.20685494014595e-06,0.69004329004329,0.00947051226861817,0.417408781694496,0.00538097287989669,"random",1
102175,114,79,156,238,0.00130699793567616,1318,24,150,12.8062484748657,17,44,3.43928042514079e-05,0,81919,0,0,0,0,0,0,0,0,0,155.5,3.27800829875519e-05,0,0,NA,NA,1,0,0,-0.0113912133891213,0,0,NA,NA,NA,NA,-1.25743062912398e-07,NA,NA,NA,NA,"random",1
102316,222,7,15,24,0.000137208089788974,13,4,8,0,1,2.7225,3.0735414362026e-08,0,81967,0,0,0,0,0,0,0,0,0,0,4.149377593361e-07,0,0,NA,NA,1,0,0,-0.0113912133891213,0,0,NA,NA,NA,NA,-4.21389263937039e-08,NA,NA,NA,NA,"random",1
102176,186,37,213,240,0.000630207220679342,287,16,210,7.21110255092798,7,9,1.20831530860354e-05,12,81881,0.000207618373004726,3.16227766016838,3,1,8.60232526704263,5,3,2,0,17,4.9792531120332e-06,0,0,NA,NA,1,0,0,-0.0072071129707113,0.0132312872810392,0.0359929927491323,7.83669653945405,1.08276253029822,7.11008244280016,1.47312303792906,8.2623174005708e-07,0.838095238095238,0.00941828254847645,0.642857142857143,0.00664819944598338,"random",1
102153,162,13,12,240,0.000237783854476281,35,5,9,1,2,5.445,3.36308618083794e-07,1,82083,4.87311623600502e-05,0,1,2.7225,1,3,1,2,0,0,1.2448132780083e-06,0,0,NA,NA,1,0,0,0,0,0.00418410041841004,1,0,NA,NA,1.61752057134654e-07,NA,NA,NA,NA,"random",1
102282,78,53,190,240,0.00106432433754985,672,23,175,9.4339811320566,11,37.5,2.15525424998449e-05,13,82077,0.000304592029435774,7.21110255092798,5,3,6.70820393249937,12,4,6,0.000421052631578947,51,1.45228215767635e-05,0,0,NA,NA,0.92578125,0.01953125,0.0546875,0.00116108786610879,0.0301719772005355,0.0280677988807505,4.97759750098751,2.16060818794049,4.44305406657279,2.51906611306941,1.1479402237957e-06,0.630092592592593,0.0122010736944851,0.315079365079365,0.00634455832113226,"random",1
102154,42,273,240,240,0.00520293899036177,2670,83,234,30.8058436014987,54,280,0.000116957401948778,273,82069,0.00520293899036177,30.8058436014987,54,280,27.0185121722126,154,60,54,0.00247368421052632,344.5,6.2655601659751e-05,0,0,NA,NA,0.611451942740286,0.0858895705521472,0.302658486707566,1.16015690376569,0.128894743102505,0.113048168084572,16.9480380255931,5.95146467224624,16.5125729249326,5.56029526701488,2.16851507972762e-05,0.70257469337803,0.0596118944576295,0.473133919051391,0.0381125226860254,"random",1
102079,54,12,11,12,0.000172362282536254,18,5,5,0,1,2.7225,7.56918923390185e-08,0,81890,0,0,0,0,0,0,0,0,0,0,4.149377593361e-07,0,0,NA,NA,1,0,0,-0.0113912133891213,0,0,NA,NA,NA,NA,-4.22999587363902e-08,NA,NA,NA,NA,"random",1
102188,138,79,227,240,0.00131641496325008,867,33,222,11.4017542509914,16,51.5,2.9285613667249e-05,44,81996,0.00085370018049661,11.4017542509914,9,14,10.6301458127346,26,12,13,0.00126315789473684,121,2.19917012448133e-05,0,0,NA,NA,0.559006211180124,0.180124223602484,0.260869565217391,0.0471861924686192,0.0477060847321815,0.0385603859847764,5.74102585360565,3.08933768423764,5.3335991903449,2.83857576517499,3.52982198921158e-06,0.707217995679534,0.025706940874036,0.479895745280361,0.0161586485493941,"random",1
102183,54,152,120,240,0.00250465062555473,1683,34,114,35.0142828000232,19,208.5,3.30980627511397e-05,1,81885,2.44244977712646e-05,0,1,2.7225,10.6301458127346,1,1,1,0.000263157894736842,238,3.90041493775934e-05,0,0,NA,NA,0.929936305732484,0.0254777070063694,0.0445859872611465,-3.84728934964821e-17,7.43151394739071e-18,0.0444775975428228,NA,NA,NA,NA,-2.44863244125145e-08,NA,NA,NA,NA,"random",1
102164,186,17,9,12,0.000233842024461909,30,6,6,2.23606797749979,4,5.445,6.82501933346017e-08,0,81929,0,0,0,0,0,0,0,0,0,0.5,1.2448132780083e-06,0,0,NA,NA,1,0,0,-0.0113912133891213,0,0,NA,NA,NA,NA,-1.68654221531115e-07,NA,NA,NA,NA,"random",1
102115,234,0,1,-Inf,0,1,1,1,0,0,0,9.76862571083069e-09,0,82283,0,0,0,0,0,0,0,0,0,0,4.149377593361e-07,0,0,NA,NA,1,0,0,0,0,0,NA,NA,NA,NA,0,NA,NA,NA,NA,"random",1
102351,198,124,228,240,0.00242487753759169,1701,38,138,25.6124969497314,30,171,6.81809787089286e-05,119,81813,0.00212680136408639,25.6124969497314,30,171,15.2643375224737,55,35,24,0.00105263157894737,214,3.65145228215768e-05,0,0,NA,NA,0.811881188118812,0.0594059405940594,0.128712871287129,0.704089958158996,0.107165259203897,0.0638675210145345,10.6908387861189,3.03560885076369,10.2025337052205,2.95948480107197,8.85608909477798e-06,0.650670683483183,0.0300414364640884,0.514575077700078,0.0205455801104972,"random",1
102128,210,23,240,240,0.000622353472366285,157,16,239,4.12310562561766,8,5.445,1.20240656243274e-06,23,81947,0.000622353472366285,3.16227766016838,8,3.5,15.8113883008419,28,5,8,0,36.5,7.05394190871369e-06,0,0,NA,NA,1,0,0,-0.00813807531380753,0.0090471868626292,0.0619723359867862,14.7274311455355,0.987216492980733,14.8037408269844,1.03032611795735,2.51995700055221e-06,0.445354969916373,0.0226063829787234,0.208744082428293,0.0101950354609929,"random",1
102236,222,108,132,240,0.00168590800806304,1402,34,198,24.738633753706,20,132.5,5.14670440065827e-05,47,82073,0.000889452073154387,12.8062484748657,9,32,18.3575597506858,26,9,11,0.000315789473684211,219,3.27800829875519e-05,0,0,NA,NA,0.822916666666667,0.0208333333333333,0.15625,0.1225,0.0535826296019485,0.0768098734338319,11.7449461265486,3.88096180513515,11.8704141796708,4.32780840650963,3.59597852445117e-06,0.65999000999001,0.0247289972899729,0.389367450731087,0.0159214092140921,"random",1
102161,174,73,178,240,0.00117279541117141,528,23,175,6.40312423743285,10,14,2.19067672778155e-05,17,81800,0.000281173594132029,4.12310562561766,4,2,8,6,5,5,0.000473684210526316,43.5,1.20331950207469e-05,0,0,NA,NA,0.879432624113475,0.0425531914893617,0.0780141843971631,-0.00302301255230125,0.0172514879732957,0.0334728033472803,5.46422893056065,1.47572109256122,6.06422893056065,1.81146607674257,1.13425799995892e-06,0.841269841269841,0.0123989218328841,0.577380952380952,0.0091644204851752,"random",1
102302,102,74,143,240,0.00106008275484731,521,28,138,6.70820393249937,8,7,8.25255136244094e-06,1,81616,2.45049990198e-05,0,1,2.7225,1.4142135623731,1,1,1,0,21.5,8.71369294605809e-06,0,0,NA,NA,1,0,0,0,0,0.00591721155804642,NA,NA,NA,NA,6.09001936302125e-08,NA,NA,NA,NA,"random",1
102078,90,15,240,240,0.000414401677107964,56,14,238,2.23606797749979,4,5.445,1.610852822047e-07,15,82046,0.000414401677107964,1.4142135623731,2,5.445,3.16227766016838,19,4,6,0,4,2.4896265560166e-06,0,0,NA,NA,1,0,0,0.0113912133891213,0.00591721155804642,0.0132312872810392,2.99535239245728,0.182857469085911,2.91188975860174,0.166925267711095,1.69104854478972e-06,NA,NA,NA,NA,"random",1
102247,42,60,192,240,0.00094346056789506,547,18,189,10.0498756211209,8,9,2.52464098824015e-05,28,81844,0.000672010165681052,3,5,1.5,13.1529464379659,27,7,7,0.000368421052631579,43.5,1.03734439834025e-05,0,0,NA,NA,0.962171052631579,0.0131578947368421,0.0246710526315789,-0.00511506276150627,0.0125523012552301,0.055033248694418,12.8790884630887,0.388064109725307,12.8954515527403,0.398184370298964,2.72725804734288e-06,0.612438725490196,0.0314106225014278,0.334363859180036,0.0159908623643632,"random",1
102162,126,51,82,144,0.000765957446808511,266,17,78,4,6,5.445,3.48471929851576e-06,0,82064,0,0,0,0,0,0,0,0,0,16,7.05394190871369e-06,0,0,NA,NA,1,0,0,-0.0113912133891213,0,0,NA,NA,NA,NA,-4.23676338731437e-08,NA,NA,NA,NA,"random",1
102078,90,193,143,240,0.00345004771342582,2570,56,114,27.6586333718787,34,172.5,7.16030665608838e-05,57,82042,0.000901977036152215,24.6981780704569,9,49,20.8806130178211,17,11,10,0.000473684210526316,207.5,4.89626556016597e-05,0,0,NA,NA,0.818652849740933,0.0829015544041451,0.0984455958549223,0.182238493723849,0.0991555567801545,0.0831824812461134,12.9099967000435,6.90667834658477,12.3988844232172,6.38705186809006,3.68958266480208e-06,0.726951058201058,0.0195302190551597,0.587563131313131,0.0150435471100554,"random",1
102177,42,9,216,227,0.000170533877620626,40,4,198,2,3,5.445,1.77775955702282e-06,0,82331,0,0,0,0,0,0,0,0,5.26315789473684e-05,1.5,2.0746887966805e-06,0,0,NA,NA,1,0,0,-0.0227824267782427,-0.00418410041841004,-0.00418410041841004,NA,NA,NA,NA,-8.44607363574162e-08,NA,NA,NA,NA,"random",1
102102,54,328,227,240,0.0056836933005757,4056,111,222,49.4974746830583,57,915.5,0.00018466360580907,281,81845,0.00475288655385179,49.4974746830583,53,915.5,35.6931365951495,108,64,51,0.00331578947368421,1021,8.38174273858921e-05,0,0,NA,NA,0.490872210953347,0.129817444219067,0.379310344827586,3.81915271966527,0.207102404531625,0.149343667762132,15.309019666512,5.89292755660166,15.9600235227865,6.97247370843614,1.98440548683128e-05,0.753379109533499,0.0248292589519372,0.560736538232099,0.0179357886002425,"random",1
102073,210,8,24,51,0.000159697312171392,47,5,25,1.4142135623731,3,5.445,1.18433535789127e-07,0,81957,0,0,0,0,0,0,0,0,0,1.5,1.6597510373444e-06,0,0,NA,NA,1,0,0,-0.0113912133891213,0,0,NA,NA,NA,NA,-4.20132585441313e-08,NA,NA,NA,NA,"random",1
102217,234,1,1,5,1.04673679803213e-05,1,1,1,0,1,2.7225,1.75884259246602e-09,0,82385,0,0,0,0,0,0,0,0,0,0,4.149377593361e-07,0,0,NA,NA,1,0,0,-0.0113912133891213,0,0,NA,NA,NA,NA,-4.23453371495516e-08,NA,NA,NA,NA,"random",1
102224,90,125,72,204,0.0023003334875003,1369,41,66,15.0332963783729,22,81,2.60126034724835e-05,0,81710,1.22384041121038e-05,0,1,2.7225,10.4403065089106,1,0,1,0,131.5,2.73858921161826e-05,0,0,NA,NA,1,0,0,-3.60087759082826e-18,0,0.0436832908322617,NA,NA,NA,NA,-7.51273655626275e-08,NA,NA,NA,NA,"random",1
102249,42,7,12,15,0.000137854976564654,15,3,6,1,2,5.445,2.8323638591497e-08,0,81786,0,0,0,0,0,0,0,0,0,0.5,1.2448132780083e-06,0,0,NA,NA,1,0,0,-0.0113912133891213,0,0,NA,NA,NA,NA,-4.25191851878466e-08,NA,NA,NA,NA,"random",1
102131,78,7,12,12,0.000110736520904594,13,4,8,0,1,2.7225,2.48602794340338e-08,0,81921,0,0,0,0,0,0,0,0,0,0,4.149377593361e-07,0,0,NA,NA,1,0,0,-0.0113912133891213,0,0,NA,NA,NA,NA,-4.23089410723607e-08,NA,NA,NA,NA,"random",1
102336,174,84,24,156,0.0015402669796098,594,28,18,29.0688837074973,12,43.5,7.15216781161754e-06,0,81778,0,0,0,0,0,0,0,0,0,152.5,1.12033195020747e-05,0,0,NA,NA,1,0,0,-0.0227824267782427,-0.00418410041841004,-0.00418410041841005,NA,NA,NA,NA,-1.27303995448628e-07,NA,NA,NA,NA,"random",1
102163,42,53,93,228,0.000795574159751291,286,30,90,6,7,5.445,3.26370541269992e-06,0,82020,0,0,0,0,0,0,0,0,0.000105263157894737,17.5,5.39419087136929e-06,0,0,NA,NA,0.989864864864865,0.00675675675675676,0.00337837837837838,-0.0113912133891213,0,0,NA,NA,NA,NA,-8.52306492653524e-08,NA,NA,NA,NA,"random",1
102066,222,1,1,3,1.36425648021828e-05,2,1,1,0,1,2.7225,7.75210217578411e-17,0,82236,0,0,0,0,0,0,0,0,0,0,4.149377593361e-07,0,0,NA,NA,1,0,0,-0.0113912133891213,0,0,NA,NA,NA,NA,-4.19702726237817e-08,NA,NA,NA,NA,"random",1
102253,42,72,96,204,0.00108988331837415,197,20,90,3.16227766016838,8,5.445,3.84254186075703e-06,0,81911,0,0,0,0,0,0,0,0,0,8.5,4.5643153526971e-06,0,0,NA,NA,1,0,0,-0.0113912133891213,0,0,NA,NA,NA,NA,-4.23504804640835e-08,NA,NA,NA,NA,"random",1
102132,126,360,216,240,0.00575953923686105,4715,122,210,48.2700735445887,61,879,0.000175054381830109,308,81634,0.00547565965161575,47.5078940808788,61,879,25.9615099714943,139,67,60,0.00405263157894737,974.5,9.25311203319502e-05,0,0,NA,NA,0.563025210084034,0.128151260504202,0.308823529411765,3.65504184100418,0.194593699083175,0.104441464315876,18.3487273474726,3.72224709716004,18.3358548276665,3.62516594917007,2.2739154731371e-05,0.682852764937239,0.0301680502125936,0.517567487403977,0.0207869339272457,"random",1
102105,174,79,240,240,0.00145191005478215,677,28,234,15.8113883008419,19,57.5,1.95476134280096e-05,79,81961,0.00145191005478215,15.8113883008419,19,57.5,10.6301458127346,40,23,17,0.000578947368421053,62,1.6597510373444e-05,0,0,NA,NA,0.903426791277259,0.0373831775700935,0.059190031152648,0.229194560669456,0.0661564364051962,0.0444775975428228,5.18319459484554,2.6959042367936,4.91891127647309,2.12666162464549,6.03331001236953e-06,0.65995997991612,0.0278362573099415,0.493535149602401,0.0184795321637427,"random",1
102137,90,12,158,180,0.000216976714972535,47,4,150,2.23606797749979,4,5.445,1.89726767249205e-06,0,81968,0,0,0,0,0,0,0,0,0,2,2.0746887966805e-06,0,0,NA,NA,1,0,0,-0.0113912133891213,0,0,NA,NA,NA,NA,-4.18313829660182e-08,NA,NA,NA,NA,"random",1
102156,162,51,179,240,0.000999524616341009,485,15,177,6.70820393249937,9,14.5,1.49861033847061e-05,12,82132,0.000267861491257975,3.60555127546399,3,3,3.60555127546399,10,2,3,0,23,9.95850622406639e-06,0,0,NA,NA,1,0,0,0.00116108786610879,0.0150859886002677,0.0150859886002677,2.41861093844562,1.10701476622797,2.50988241891854,1.54950975679639,1.07831653394055e-06,0.437037037037037,0.0123595505617978,0.225925925925926,0.00674157303370787,"random",1
102022,234,107,215,240,0.00163446526151444,1217,34,66,14.3178210632764,17,38.5,3.89059642554199e-05,17,82158,0.000255605053677061,7.61577310586391,5,5.5,9.4339811320566,4,6,3,0.000473684210526316,117.5,2.32365145228216e-05,0,0,NA,NA,0.91231732776618,0.022964509394572,0.0647181628392484,0.0116213389121339,0.0318651594387611,0.0394727244019105,8.10995470906701,1.1588580263875,7.99349615915493,0.961677172595087,1.02749051401166e-06,0.635376756066411,0.0102639296187683,0.527572523262178,0.0083088954056696,"random",1
102156,222,76,238,240,0.00122009623936692,564,26,222,11.4017542509914,14,45.5,3.44807438725231e-05,68,81976,0.00115887576851761,11.4017542509914,14,45.5,12.0415945787923,27,16,10,0.000842105263157895,64,1.20331950207469e-05,0,0,NA,NA,0.829596412556054,0.0448430493273543,0.125560538116592,0.178985355648536,0.0477060847321815,0.0503832409154489,8.08878897317719,2.86191329696432,7.62365446923412,2.8528147566877,4.80667755751475e-06,0.79280753968254,0.0272753373528567,0.625974893162393,0.0195233993683606,"random",1
102237,138,111,240,240,0.00193449484134709,770,52,234,13.8924439894498,13,26.5,2.99238444471535e-05,111,82192,0.00193449484134709,6.70820393249937,13,11,11.0453610171873,48,19,15,0.000631578947368421,87,1.74273858921162e-05,0,0,NA,NA,0.84115523465704,0.0433212996389892,0.115523465703971,0.0346338912133891,0.0280677988807505,0.0462148996535032,8.28300499331606,1.94343995847053,8.18543042879319,1.82537431796489,8.00925392691973e-06,0.708844769791975,0.0713004484304933,0.524516399749319,0.0497757847533632,"random",1
102287,210,47,215,240,0.00086374695863747,584,16,210,10.1980390271856,8,26,1.91860274796271e-05,31,82181,0.000523235297696548,8.24621125123532,6,17,14.3178210632764,12,7,6,0.000684210526315789,84.5,1.41078838174274e-05,0,0,NA,NA,0.813793103448276,0.0482758620689655,0.137931034482759,0.0597384937238494,0.0345029759465913,0.0599072011015747,9.75416985736041,3.46805485431154,9.39087452787006,3.30858301020765,2.10557948759219e-06,0.696969696969697,0.0174089068825911,0.47980352980353,0.0125506072874494,"random",1
102216,174,30,58,84,0.000476283523032583,149,7,48,3.16227766016838,7,5.445,6.76492554346664e-07,0,81775,0,0,0,0,0,0,0,0,0,5.5,3.7344398340249e-06,0,0,NA,NA,1,0,0,-0.0227824267782427,-0.00418410041841004,-0.00418410041841004,NA,NA,NA,NA,-8.57186843073433e-08,NA,NA,NA,NA,"random",1
102088,210,79,107,228,0.00143588994755351,861,23,102,35.3411940941446,14,133,9.64739732018445e-06,0,81859,0,0,0,0,0,0,0,0,5.26315789473684e-05,206.5,1.70124481327801e-05,0,0,NA,NA,0.976261127596439,0.0029673590504451,0.0207715133531157,-0.0227824267782427,-0.00418410041841004,-0.00418410041841004,NA,NA,NA,NA,-1.67664135539017e-07,NA,NA,NA,NA,"random",1
102102,186,48,22,240,0.000847863751981421,337,14,18,10.4403065089106,9,14,3.38143932654513e-06,12,81825,0.000207760464405744,10.4403065089106,2,5.445,7.61577310586391,5,1,2,0,25.5,9.54356846473029e-06,0,0,NA,NA,1,0,0,1.8929815749903e-18,0.0394991904138517,0.0276810590203511,5.30788655293195,3.26384446357486,NA,NA,7.86586204183785e-07,NA,NA,NA,NA,"random",1
102002,150,12,36,240,0.000208404844799686,47,6,21,1.4142135623731,2,5.445,1.55888222421326e-07,1,81940,6.1020258725897e-05,0,1,2.7225,1.4142135623731,4,1,1,0,1,1.6597510373444e-06,0,0,NA,NA,1,0,0,0,0,0.00591721155804642,NA,NA,NA,NA,2.13648883111625e-07,NA,NA,NA,NA,"random",1
102251,78,1,1,1,1.00404630661566e-05,1,1,1,0,1,2.7225,1.33115809653515e-13,0,81896,0,0,0,0,0,0,0,0,0,0,4.149377593361e-07,0,0,NA,NA,1,0,0,-0.0113912133891213,0,0,NA,NA,NA,NA,-4.20103057161364e-08,NA,NA,NA,NA,"random",1
102179,42,76,156,204,0.00129008702002069,976,25,150,14.560219778561,11,28.5,1.59578652665929e-05,0,82154,0,0,0,0,0,0,0,0,0,92.5,1.6597510373444e-05,0,0,NA,NA,1,0,0,-0.0113912133891213,5.6312744503574e-18,0,NA,NA,NA,NA,-8.53392975261585e-08,NA,NA,NA,NA,"random",1
102228,78,69,35,240,0.00123197775121368,706,20,30,8.94427190999916,15,26,1.24570246256714e-05,14,81949,0.000170837960194755,3.60555127546399,3,0.5,6.40312423743285,0,4,0,0.000421052631578947,58,1.61825726141079e-05,0,0,NA,NA,0.907042253521127,0.0225352112676056,0.0704225352112676,-0.00929916317991632,0.0150859886002677,0.0267913148009743,NA,NA,4.80788784054476,1.47612759734916,4.1948271077001e-07,0.765625,0.0086687306501548,0.765625,0.0086687306501548,"random",1
102235,66,156,83,168,0.00273845891703078,879,51,66,27.8567765543682,27,97.5,9.51048979606318e-06,0,82000,2.4390243902439e-05,8.06225774829855,2,5.445,8.24621125123532,2,0,2,0,157.5,1.99170124481328e-05,0,0,NA,NA,1,0,0,0.0113912133891213,0.0337332960179856,0.0345029759465913,5.24113961436756,4.24981306476111,NA,NA,5.93828863554316e-08,NA,NA,NA,NA,"random",1
102192,198,58,228,240,0.00104017523893437,297,15,227,5.8309518948453,13,11.5,1.5622504529744e-05,53,81584,0.000833496764071387,5.8309518948453,13,11.5,5.3851648071345,15,13,9,0.000684210526315789,17.5,7.46887966804979e-06,0,0,NA,NA,0.831372549019608,0.0313725490196078,0.137254901960784,0.0367259414225941,0.024397288262951,0.0225320703227385,4.33736604507305,0.678721419234907,3.85420664777197,0.907661120293731,3.40224515748428e-06,0.671146214896215,0.0283451438099208,0.564125457875458,0.0220925385577324,"random",1
102376,186,34,72,240,0.000526599392573724,337,12,7,5.09901951359278,6,5.445,5.884940704379e-06,19,82059,0.000292472489306475,2.23606797749979,4,1,3.16227766016838,5,3,2,0.000157894736842105,20.5,7.46887966804979e-06,0,0,NA,NA,1,0,0,-0.0072071129707113,0.00935593296025017,0.0132312872810392,3.08113883008419,0.114747633940147,2.79944854588939,0.494602626738549,1.13989127797759e-06,0.536188811188811,0.0127727514635444,0.422727272727273,0.010111761575306,"random",1
102216,174,1,1,3,1.01972141211021e-05,1,1,1,0,1,2.7225,8.80295663671676e-09,0,81962,0,0,0,0,0,0,0,0,0,0,4.149377593361e-07,0,0,NA,NA,1,0,0,-0.0113912133891213,0,0,NA,NA,NA,NA,-4.19307359590528e-08,NA,NA,NA,NA,"random",1
102392,174,80,132,240,0.0013691262040976,904,24,106,13.0384048104053,13,41.5,2.56227205562851e-05,1,81854,2.44337478925892e-05,7.61577310586391,2,5.445,8.06225774829855,1,1,1,0,107.5,1.90871369294606e-05,0,0,NA,NA,1,0,0,0.0113912133891213,0.0318651594387611,0.0337332960179856,NA,NA,NA,NA,-2.46166073292636e-08,NA,NA,NA,NA,"random",1
102286,222,105,178,240,0.00183016105417277,1430,33,138,15,16,67.5,4.78037372956203e-05,22,81965,0.000353809552857927,2,3,1,8,7,5,4,0.000315789473684211,135,2.82157676348548e-05,0,0,NA,NA,0.956087824351297,0.00998003992015968,0.0339321357285429,-0.0072071129707113,0.00836820083682009,0.0334728033472803,6.76776695296637,0.964247872929163,6.82842712474619,0.846007536927479,1.43874268666388e-06,1,0.0242070116861436,0.772121212121212,0.0183639398998331,"random",1
102256,210,91,84,202,0.00168028345651353,728,29,72,10.6301458127346,11,27.5,9.57724346014417e-06,0,82264,0,0,0,0,0,0,0,0,0,40.5,1.61825726141079e-05,0,0,NA,NA,1,0,0,-0.0113912133891213,0,0,NA,NA,NA,NA,-8.45067946843191e-08,NA,NA,NA,NA,"random",1
102201,198,43,46,240,0.000743996520385505,482,14,36,8.24621125123532,8,10.5,9.35087540140377e-06,21,81702,0.000416146483562214,3.16227766016838,3,0.5,8.06225774829855,13,3,3,5.26315789473684e-05,34.5,1.16182572614108e-05,0,0,NA,NA,0.990867579908676,0.0091324200913242,0,-0.00929916317991632,0.0132312872810392,0.0337332960179856,7.47114514981485,0.522479880566816,7.73186110282086,0.572263776617683,1.69875411008117e-06,0.771739130434783,0.0202140309155767,0.528571428571429,0.0124851367419738,"random",1
102229,150,36,24,240,0.000569384312925024,255,14,19,5,7,5.5,1.80130299046424e-06,1,82033,6.09510806626602e-05,0,1,2.7225,1.4142135623731,4,1,2,0,13,6.22406639004149e-06,0,0,NA,NA,1,0,0,0,0,0.00591721155804642,1.4142135623731,0,NA,NA,8.85934445530595e-08,NA,NA,NA,NA,"random",1
102177,198,69,96,240,0.00115771771186234,311,20,93,8.06225774829855,8,7.5,8.86881317732127e-06,6,81855,0.000109950522264981,3,3,1.5,6.08276253029822,3,2,2,0.000210526315789474,24,9.12863070539419e-06,0,0,NA,NA,0.934010152284264,0.0203045685279188,0.0456852791878173,-0.00511506276150627,0.0125523012552301,0.0254508892481097,4.6225200952333,2.06509465602152,4.08113883008419,1.29946592843295,3.76371221853587e-07,0.6875,0.0048,0.571428571428571,0.0032,"random",1
102208,210,45,120,237,0.000686209336735788,756,19,126,8.54400374531753,8,10.5,1.43424176542893e-05,0,81928,0,0,0,0,0,0,0,0,0.000315789473684211,68,1.49377593360996e-05,0,0,NA,NA,0.925287356321839,0.0258620689655172,0.0488505747126437,-0.0113912133891213,0,0,NA,NA,NA,NA,-1.27645761567163e-07,NA,NA,NA,NA,"random",1
102227,138,25,34,48,0.000378478029960809,108,8,8,2.23606797749979,5,5.445,1.88806275828759e-07,0,81708,0,0,0,0,0,0,0,0,0,2.5,2.4896265560166e-06,0,0,NA,NA,1,0,0,-0.0113912133891213,0,0,NA,NA,NA,NA,-1.70324252240339e-07,NA,NA,NA,NA,"random",1
102061,78,65,36,108,0.00126579197195784,531,21,30,7.28010988928052,12,13,4.67273783263267e-06,0,81524,0,0,0,0,0,0,0,0,0,36,1.2448132780083e-05,0,0,NA,NA,1,0,0,-0.0113912133891213,-9.50584945661237e-19,0,NA,NA,NA,NA,-4.15241747309034e-08,NA,NA,NA,NA,"random",1
102341,210,9,57,60,0.000191420338914747,33,4,55,1,2,5.445,1.27625194712479e-07,0,81931,0,0,0,0,0,0,0,0,0,0.5,1.2448132780083e-06,0,0,NA,NA,1,0,0,-0.0227824267782427,-0.00418410041841004,-0.00418410041841004,NA,NA,NA,NA,-8.41558055534669e-08,NA,NA,NA,NA,"random",1
102134,150,100,120,240,0.00168467313678813,1007,32,114,21.4709105535839,16,98.5,1.83133775884545e-05,24,82204,0.00037711060289037,3.60555127546399,6,4,5,7,6,5,0.000368421052631579,153.5,2.11618257261411e-05,0,0,NA,NA,0.929663608562691,0.0214067278287462,0.0489296636085627,0.00534518828451883,0.0150859886002677,0.0209205020920502,2.92320417964313,0.904763314434322,3.21369506046558,1.18600036678198,1.4933430577478e-06,0.594784580498866,0.0180023228803717,0.491836734693878,0.0139372822299652,"random",1
102181,174,90,214,240,0.00152166238572315,817,28,138,18.6815416922694,15,65.5,2.75289314538319e-05,20,81834,0.000305496492900262,16.7630546142402,4,49,10.1980390271856,5,5,4,0.000473684210526316,89.5,1.74273858921162e-05,0,0,NA,NA,0.86046511627907,0.0348837209302326,0.104651162790698,0.193629707112971,0.0701383038252728,0.0426696193606091,8.16745800758043,1.74838199274274,5.61731656943678,3.39958721000268,1.23640289312473e-06,0.854166666666667,0.00650364203954214,0.722222222222222,0.00520291363163371,"random",1
102174,114,79,57,192,0.00118722690721271,551,41,54,7.28010988928052,8,15,7.90352367863223e-06,0,81827,0,0,0,0,0,0,0,0,0,32,8.29875518672199e-06,0,0,NA,NA,1,0,0,-0.0113912133891213,0,0,NA,NA,NA,NA,-1.26610597585561e-07,NA,NA,NA,NA,"random",1
102162,138,53,23,108,0.000965463300173539,270,18,30,7.61577310586391,10,15.5,3.09842977624425e-06,0,82003,0,0,0,0,0,0,0,0,0,16,6.22406639004149e-06,0,0,NA,NA,1,0,0,-0.0113912133891213,0,9.36522072294271e-19,NA,NA,NA,NA,-4.28264405818896e-08,NA,NA,NA,NA,"random",1
102260,198,10,21,24,0.000139866158844921,22,5,19,0,1,2.7225,2.66363830509541e-07,0,82068,0,0,0,0,0,0,0,0,0,0,4.149377593361e-07,0,0,NA,NA,1,0,0,-0.0113912133891213,0,0,NA,NA,NA,NA,-4.16150345465129e-08,NA,NA,NA,NA,"random",1
102217,174,97,108,240,0.00150190485493797,1524,30,102,21.9544984001001,13,52.5,3.19427765464124e-05,16,81933,0.000305127360160131,1.4142135623731,4,1,16.1245154965971,9,4,3,0,205,3.07053941908714e-05,0,0,NA,NA,1,0,0,-0.00720711297071129,0.00591721155804642,0.0674665920359711,15.5139381331097,0.690351651745829,15.4515379804507,0.577320290872337,1.23409204950265e-06,0.725378787878788,0.0153186274509804,0.511363636363636,0.00980392156862745,"random",1
102209,102,25,120,132,0.000439029744265174,86,10,126,2.82842712474619,5,5.445,8.95574569104434e-07,0,81630,0,0,0,0,0,0,0,0,0,1.5,2.0746887966805e-06,0,0,NA,NA,1,0,0,-0.0113912133891213,0,0,NA,NA,NA,NA,-4.23012416937282e-08,NA,NA,NA,NA,"random",1
102120,198,7,12,24,0.000122770186487913,15,4,7,0,1,2.7225,2.79705478537614e-08,0,82319,0,0,0,0,0,0,0,0,0,0,4.149377593361e-07,0,0,NA,NA,1,0,0,-0.0113912133891213,0,0,NA,NA,NA,NA,-8.54490956665858e-08,NA,NA,NA,NA,"random",1
102250,54,432,239,240,0.00808171922425247,6063,144,234,44.0454310910905,68,582.5,0.000210345877566663,425,82037,0.00808171922425247,39.9249295553543,68,582.5,22.8035085019828,238,86,75,0.00363157894736842,836.5,0.000114107883817427,0,0,NA,NA,0.522935779816514,0.128440366972477,0.348623853211009,2.42584728033473,0.167049914457549,0.095412169464363,15.1485072946429,4.97996595262877,15.0008737573229,4.86976945999801,3.36863912711022e-05,0.763370532207097,0.0674877850162866,0.526369474902553,0.0432614006514658,"random",1
102042,198,41,168,240,0.000808466852859033,269,17,163,3.16227766016838,6,5.445,4.77225350839229e-06,27,82023,0.000438901283786255,3.16227766016838,5,3,5.8309518948453,9,3,5,0,17,6.22406639004149e-06,0,0,NA,NA,1,0,0,0.00116108786610879,0.0132312872810392,0.024397288262951,5.16589326900995,0.626045858142288,5.30999046947936,0.453874234846528,1.79460115789195e-06,0.472222222222222,0.0195227765726681,0.351282051282051,0.0146420824295011,"random",1
102073,198,1,1,12,1.2363690314285e-05,1,1,1,0,1,2.7225,5.36971273072721e-12,0,81923,0,0,0,0,0,0,0,0,0,0,4.149377593361e-07,0,0,NA,NA,1,0,0,-0.0113912133891213,0,0,NA,NA,NA,NA,-4.20111493389231e-08,NA,NA,NA,NA,"random",1
102151,42,15,12,24,0.000382211153168037,59,8,11,1.4142135623731,3,5.445,1.40179858375621e-07,0,82148,0,0,0,0,0,0,0,0,0,0.5,1.2448132780083e-06,0,0,NA,NA,1,0,0,-0.0113912133891213,0,0,NA,NA,NA,NA,-1.26224822565767e-07,NA,NA,NA,NA,"random",1
102097,222,1,1,1,9.93068382688832e-06,1,1,1,0,1,2.7225,5.07419116902556e-13,0,82031,0,0,0,0,0,0,0,0,0,0,4.149377593361e-07,0,0,NA,NA,1,0,0,-0.0113912133891213,0,0,NA,NA,NA,NA,-4.15509783551813e-08,NA,NA,NA,NA,"random",1
102039,102,3,9,12,3.99440782903935e-05,6,2,4,0,1,2.7225,2.14543247708995e-09,0,81850,0,0,0,0,0,0,0,0,0,0,4.149377593361e-07,0,0,NA,NA,1,0,0,-0.0113912133891213,0,0,NA,NA,NA,NA,-4.21894893662658e-08,NA,NA,NA,NA,"random",1
102255,174,1,1,1,9.98512216796973e-06,1,1,1,0,1,2.7225,4.25247114828693e-10,0,82116,0,0,0,0,0,0,0,0,0,0,4.149377593361e-07,0,0,NA,NA,1,0,0,-0.0113912133891213,0,0,NA,NA,NA,NA,-4.17787538408775e-08,NA,NA,NA,NA,"random",1
102163,102,87,180,240,0.00157098667705872,774,35,174,14.3178210632764,19,68,2.73553127872995e-05,34,81673,0.000612197421424461,14.3178210632764,11,68,10.1980390271856,16,10,9,0.000210526315789474,92.5,1.82572614107884e-05,0,0,NA,NA,0.938848920863309,0.0179856115107914,0.0431654676258993,0.273127615062762,0.0599072011015747,0.0426696193606091,6.81532116265098,1.65690136434306,5.98562842088136,0.643128125421459,2.51895641680345e-06,0.648809523809524,0.012923235978289,0.506227106227106,0.0087878004652365,"random",1
102197,126,40,95,216,0.000715974179470861,479,20,85,7.81024967590665,13,21.5,4.83100873968456e-06,0,81978,0,0,0,0,0,0,0,0,0,40.5,1.32780082987552e-05,0,0,NA,NA,1,0,0,-0.0113912133891213,-9.46333246870307e-19,0,NA,NA,NA,NA,-4.20978007687903e-08,NA,NA,NA,NA,"random",1
102127,126,68,180,240,0.00109691887675507,423,22,174,5,9,8.5,9.09692961820571e-06,7,81795,0.000134482547832997,3.16227766016838,3,0.5,5.3851648071345,4,3,1,0,17.5,7.88381742738589e-06,0,0,NA,NA,1,0,0,-0.00929916317991632,0.0132312872810392,0.0225320703227385,NA,NA,4.41111892323926,0.901689950903732,4.78798428950539e-07,0.634259259259259,0.00585417775412453,0.486111111111111,0.00372538584353379,"random",1
102048,126,143,203,240,0.0024644665405966,1924,38,222,17.6918060129541,27,162,6.81650111573059e-05,81,81799,0.00135698480421521,17.2626765016321,13,119.5,18.3847763108502,30,17,15,0.00152631578947368,221.5,3.65145228215768e-05,0,0,NA,NA,0.770573566084788,0.0548628428927681,0.174563591022444,0.488608786610879,0.0722287719733559,0.0769237502546035,10.6737619873419,5.70126599702465,11.483223000288,5.71349839161707,5.59399072025955e-06,0.813194444444444,0.0252100840336134,0.611254409171076,0.0183965478083125,"random",1
102146,222,52,120,240,0.000855850348453356,492,22,114,8.06225774829855,9,11,5.68010762662047e-06,3,82078,8.52847291600673e-05,0,1,2.7225,5,4,1,1,0.000157894736842105,42.5,1.28630705394191e-05,0,0,NA,NA,0.973404255319149,0.00265957446808511,0.023936170212766,0,-9.31887910420138e-19,0.0209205020920502,NA,NA,NA,NA,2.31154724571479e-07,NA,NA,NA,NA,"random",1
102046,138,1,1,1,1.21796745590958e-05,2,1,1,0,1,2.7225,1.32135566359566e-10,0,82104,1.21796745590958e-05,0,1,2.7225,2.23606797749979,1,0,1,0,0,4.149377593361e-07,0,0,NA,NA,1,0,0,0,0,0.00935593296025017,NA,NA,NA,NA,8.67085610386567e-09,NA,NA,NA,NA,"random",1
102328,150,26,34,72,0.000438324531206568,123,11,66,2.23606797749979,6,5.445,6.80035377025628e-07,0,82081,1.21830874380185e-05,0,1,2.7225,1.4142135623731,1,0,1,0,3.5,2.9045643153527e-06,0,0,NA,NA,1,0,0,0,0,0.00591721155804642,NA,NA,NA,NA,8.69795526510659e-09,NA,NA,NA,NA,"random",1
102179,222,53,36,240,0.00100051245760023,451,18,30,5.3851648071345,10,8,8.03216652808341e-06,35,82087,0.000572563256057597,5,10,7.5,6.40312423743285,12,8,7,0,52,1.07883817427386e-05,0,0,NA,NA,1,0,0,0.019989539748954,0.0209205020920502,0.0267913148009743,5.33797582644233,0.870066906835451,5.14053589393604,0.894357373859794,2.26947540435382e-06,0.516625041625042,0.0234530938123752,0.411501377410468,0.0174650698602794,"random",1
101902,162,16,22,36,0.00036700390247483,104,8,32,3.16227766016838,5,5.445,3.88663706993092e-07,0,81820,0,0,0,0,0,0,0,0,0,3.5,2.9045643153527e-06,0,0,NA,NA,1,0,0,-0.0227824267782427,-0.00418410041841004,-0.00418410041841004,NA,NA,NA,NA,-8.46230163095632e-08,NA,NA,NA,NA,"random",1
102096,114,91,168,240,0.00147755580520686,841,36,42,14.0356688476182,14,23.5,1.34209627903013e-05,10,81814,0.000134451316400616,0,1,2.7225,6.08276253029822,1,1,1,0,63,1.61825726141079e-05,0,0,NA,NA,1,0,0,3.7433816273575e-18,-3.71124713604926e-18,0.0254508892481097,NA,NA,NA,NA,4.78655136810994e-07,NA,NA,NA,NA,"random",1
102013,198,29,192,204,0.000596767711213144,136,14,188,3.16227766016838,4,5.445,4.51450763616785e-06,0,81885,0,0,0,0,0,0,0,0,0,2,1.6597510373444e-06,0,0,NA,NA,1,0,0,0,0,0,NA,NA,NA,NA,1.14079416367811e-22,NA,NA,NA,NA,"random",1
102248,150,61,58,122,0.0010206189324812,494,21,54,12.369316876853,11,39,3.84554323363016e-06,0,82076,0,0,0,0,0,0,0,0,0,68.5,1.07883817427386e-05,0,0,NA,NA,1,0,0,-0.0113912133891213,1.88377588787601e-18,0,NA,NA,NA,NA,-8.37523603508956e-08,NA,NA,NA,NA,"random",1
102210,42,13,10,24,0.000205952013180929,35,6,23,2,3,5.445,2.79634990927553e-07,0,81764,0,0,0,0,0,0,0,0,0,0,1.2448132780083e-06,0,0,NA,NA,1,0,0,-0.0113912133891213,0,0,NA,NA,NA,NA,-8.31911804038183e-08,NA,NA,NA,NA,"random",1
102043,90,1,1,12,1.22482974866494e-05,1,1,1,0,1,2.7225,6.22396226366554e-10,0,82038,0,0,0,0,0,0,0,0,0,0,4.149377593361e-07,0,0,NA,NA,1,0,0,-0.0113912133891213,0,0,NA,NA,NA,NA,-4.26831425873488e-08,NA,NA,NA,NA,"random",1
102037,210,139,95,240,0.00262897249972488,1872,49,90,23.0867927612304,20,131,4.73637287626614e-05,114,81893,0.00177060310405041,23.0867927612304,16,116,22.0227155455452,31,23,16,0.00168421052631579,233,3.77593360995851e-05,0,0,NA,NA,0.750915750915751,0.0586080586080586,0.19047619047619,0.473964435146443,0.09659745925201,0.0921452533286412,15.1434837549184,7.59736092878037,15.9599736141526,6.46115164030283,7.36643784254721e-06,0.874231150793651,0.0317564607971967,0.696590909090909,0.0249671484888305,"random",1
102091,210,116,119,240,0.00176710742794467,1271,39,114,13.4164078649987,13,34,3.13880266658977e-05,4,82125,0.00010958904109589,0,1,2.7225,3.60555127546399,5,1,1,0.000105263157894737,134,2.24066390041494e-05,0,0,NA,NA,0.88728323699422,0.0260115606936416,0.0867052023121387,3.77370962119955e-18,9.87912583349828e-19,0.0150859886002677,NA,NA,NA,NA,2.90620144776229e-07,NA,NA,NA,NA,"random",1
102355,174,76,238,240,0.00134783981348811,444,31,234,9.05538513813742,18,33.5,2.31588366860715e-05,75,82354,0.00134783981348811,8.54400374531753,18,33.5,10.1980390271856,36,17,21,0.000894736842105263,35,1.16182572614108e-05,0,0,NA,NA,0.73394495412844,0.0504587155963303,0.215596330275229,0.128776150627615,0.03574896964568,0.0426696193606091,6.88576093222457,2.95222140149792,6.49130158914182,2.98612481466032,5.5974707872203e-06,0.551491823039138,0.0353728489483748,0.359908449038884,0.0239005736137667,"random",1
102145,126,119,226,240,0.00168767357402264,1329,49,222,18.2482875908947,15,102,5.24639900926883e-05,36,81763,0.000574832136785588,16.4924225024706,9,84,17.464249196573,11,8,5,0.00136842105263158,195.5,2.86307053941909e-05,0,0,NA,NA,0.889417360285375,0.0130796670630202,0.0975029726516052,0.340073221757322,0.0690059518931826,0.0730721723705982,9.29775578324885,4.35197331607493,9.41438161676352,5.5026662393472,2.36312059949928e-06,0.723280423280423,0.0122907949790795,0.602946127946128,0.00941422594142259,"random",1
102130,126,50,36,240,0.000913720425915548,312,20,35,4.47213595499958,10,5.445,4.87326797760628e-06,1,82121,3.65314596753571e-05,0,1,2.7225,2.23606797749979,2,1,2,0,17,6.63900414937759e-06,0,0,NA,NA,1,0,0,0,0,0.00935593296025017,2.23606797749979,0,NA,NA,6.88408063311078e-08,NA,NA,NA,NA,"random",1
102165,162,247,120,240,0.00429583756593682,2605,88,114,26.8328157299975,33,245,7.02859611958393e-05,42,81681,0.000795778700064887,24.0416305603426,10,243.5,16.7630546142402,23,10,13,0.000526315789473684,294,4.60580912863071e-05,0,0,NA,NA,0.808823529411765,0.0294117647058824,0.161764705882353,1.00743723849372,0.100592596486789,0.0701383038252728,12.4490764792835,3.15259724365417,12.6586816902348,2.76039004194758,3.28744551202737e-06,0.71741022135759,0.0112049646612653,0.463475413475413,0.0072401310118945,"random",1
102095,186,74,36,240,0.00130664680237883,824,24,30,12.6491106406735,11,50.5,1.33867315010339e-05,12,81993,0.000182942446306392,5.09901951359278,4,3,8.24621125123532,3,4,2,0,106,2.03319502074689e-05,0,0,NA,NA,1,0,0,0.00116108786610879,0.0213348096803045,0.0303188755281813,7.76316057025792,0.683136824351801,7.80108799866957,0.436693694349614,7.23397883019017e-07,0.752083333333333,0.00909090909090909,0.672916666666667,0.00727272727272727,"random",1
102329,30,1,1,2,1.01202283123507e-05,1,1,1,0,1,2.7225,5.23132200584273e-12,0,82068,0,0,0,0,0,0,0,0,0,0,4.149377593361e-07,0,0,NA,NA,1,0,0,-0.0113912133891213,0,0,NA,NA,NA,NA,-4.19841702044978e-08,NA,NA,NA,NA,"random",1
102449,162,26,10,29,0.000445400425846261,53,11,7,1,2,5.445,7.49490387630215e-08,0,81913,0,0,0,0,0,0,0,0,0,0,8.29875518672199e-07,0,0,NA,NA,1,0,0,-0.0113912133891213,0,-0.00935593296025017,NA,NA,NA,NA,-1.6625344373227e-07,NA,NA,NA,NA,"random",1
102164,30,71,46,192,0.00118416876236052,795,21,68,6.40312423743285,12,12,9.75767226736576e-06,0,81935,0,0,0,0,0,0,0,0,0,63.5,1.61825726141079e-05,0,0,NA,NA,1,0,0,-0.0113912133891213,0,0,NA,NA,NA,NA,-1.26917839609611e-07,NA,NA,NA,NA,"random",1
102213,66,49,203,240,0.000768270431191779,407,21,198,10.1980390271856,7,14.5,1.63042150601447e-05,14,82088,0.000292369164798753,3,4,1.5,10.816653826392,10,3,4,0.000210526315789474,67.5,1.07883817427386e-05,0,0,NA,NA,0.921296296296296,0.0138888888888889,0.0648148148148148,-0.00511506276150627,0.0125523012552301,0.0452579658008032,9.28095123124151,1.07327799649277,9.54617451690916,1.14272837501798,1.18124349841292e-06,0.713141025641026,0.0133111480865225,0.463827838827839,0.00776483638380477,"random",1
102099,138,94,227,240,0.00154106070637657,998,30,222,28.6530975637888,18,160,3.49652542112558e-05,33,82037,0.000451016004973366,7.61577310586391,7,21,12.0415945787923,4,8,4,0.00105263157894737,196.5,2.28215767634855e-05,0,0,NA,NA,0.814102564102564,0.0534188034188034,0.132478632478632,0.0764748953974895,0.0318651594387611,0.0503832409154489,9.73041848230496,2.59973233473964,9.79978861703344,2.664934855588,1.8019575230447e-06,0.753125,0.0144984326018809,0.679166666666667,0.0129310344827586,"random",1
102097,42,35,36,60,0.000682236273040703,167,13,34,4.12310562561766,6,5.445,7.82011327299515e-07,0,82122,0,0,0,0,0,0,0,0,0,9.5,4.9792531120332e-06,0,0,NA,NA,1,0,0,-0.0227824267782427,-0.00418410041841004,-0.00418410041841004,NA,NA,NA,NA,-1.68822644383878e-07,NA,NA,NA,NA,"random",1
101998,198,1,1,12,2.4548311076198e-05,4,1,1,0,1,2.7225,7.35789665110689e-11,0,81963,0,0,0,0,0,0,0,0,0,0,8.29875518672199e-07,0,0,NA,NA,1,0,0,-0.0113912133891213,0,0,NA,NA,NA,NA,-4.25235064628288e-08,NA,NA,NA,NA,"random",1
102122,54,40,236,240,0.000779689098971785,494,13,226,7.07106781186548,8,10.5,1.41158277384908e-05,36,81865,0.000500824528186649,5,5,4,2.82842712474619,5,6,4,0.000210526315789474,34.5,9.95850622406639e-06,0,0,NA,NA,0.934984520123839,0.0123839009287926,0.0526315789473684,0.00534518828451883,0.0209205020920502,0.0118344231160928,1.86967716615477,0.820005930352111,1.74754689570643,0.85749391646133,2.05322366629982e-06,0.804639804639805,0.0217506631299735,0.728174603174603,0.0190981432360743,"random",1
102242,114,24,108,228,0.000428830258263023,177,13,93,2.82842712474619,4,5.445,3.78161730783139e-06,0,81866,0,0,0,0,0,0,0,0,0.000210526315789474,7,4.149377593361e-06,0,0,NA,NA,0.955263157894737,0.0157894736842105,0.0289473684210526,-0.0113912133891213,0,0,NA,NA,NA,NA,-4.22244017520088e-08,NA,NA,NA,NA,"random",1
102262,150,48,60,216,0.000726410357757101,272,26,66,5.8309518948453,10,12,3.21435697862592e-06,0,81949,0,0,0,0,0,0,0,0,0,7.5,4.9792531120332e-06,0,0,NA,NA,1,0,0,-0.0113912133891213,0,0,NA,NA,NA,NA,-8.45973517137438e-08,NA,NA,NA,NA,"random",1
102284,174,1,1,3,1.02996158243298e-05,1,1,1,0,1,2.7225,4.6199188054852e-10,0,82028,0,0,0,0,0,0,0,0,0,0,4.149377593361e-07,0,0,NA,NA,1,0,0,-0.0113912133891213,0,0,NA,NA,NA,NA,-4.23629153006039e-08,NA,NA,NA,NA,"random",1
102250,30,36,36,72,0.000667435228444876,236,14,18,6.08276253029822,8,9,1.76282335155762e-06,0,81857,0,0,0,0,0,0,0,0,0,15,6.63900414937759e-06,0,0,NA,NA,1,0,0,-0.0113912133891213,0,0,NA,NA,NA,NA,-8.47215416846718e-08,NA,NA,NA,NA,"random",1
102363,66,10,12,240,0.000195989563555741,85,5,22,2.23606797749979,3,5.445,6.51929789691499e-07,1,82022,1.21918509668138e-05,0,1,2.7225,1,0,1,0,0,2.5,2.4896265560166e-06,0,0,NA,NA,1,0,0,0,0,0.00418410041841004,NA,NA,NA,NA,-3.31430305076863e-08,NA,NA,NA,NA,"random",1
102053,162,38,71,240,0.000585894587798745,380,11,67,6,6,5.445,8.91415548839359e-06,12,82013,0.000195091022155024,3.16227766016838,4,1.5,3.16227766016838,4,4,2,0.000105263157894737,18,6.63900414937759e-06,0,0,NA,NA,0.984,0,0.016,-0.00511506276150627,0.0132312872810392,0.0132312872810392,1.20710678118655,0.292893218813453,2.14412280563537,1.09710977533658,7.73695463930497e-07,0.505429292929293,0.00821777092963534,0.409469696969697,0.0061633281972265,"random",1
102063,78,28,36,240,0.00042711053620677,152,8,217,2.23606797749979,6,5.445,3.71058192953291e-06,6,81982,0.000109780195652704,0,1,2.7225,2,3,2,2,0.000210526315789474,5.5,3.7344398340249e-06,0,0,NA,NA,0.966183574879227,0.00483091787439614,0.0289855072463768,0,0,0.00836820083682008,2,0,2,0,4.1704764788685e-07,NA,NA,NA,NA,"random",1
102087,138,34,81,120,0.000587407452732057,305,10,66,5.3851648071345,11,11,4.15423704846574e-06,0,82001,0,0,0,0,0,0,0,0,0,16,7.05394190871369e-06,0,0,NA,NA,1,0,0,-0.0113912133891213,0,0,NA,NA,NA,NA,-8.42939826824756e-08,NA,NA,NA,NA,"random",1
102160,78,1,1,6,1.03874519580347e-05,1,1,1,0,1,2.7225,4.30262815867895e-14,0,81814,0,0,0,0,0,0,0,0,0,0,4.149377593361e-07,0,0,NA,NA,1,0,0,-0.0113912133891213,0,0,NA,NA,NA,NA,-4.2073671587982e-08,NA,NA,NA,NA,"random",1
102232,222,125,204,240,0.00225562993038029,1791,44,198,29.1547594742265,19,109.5,5.95510975340999e-05,41,82196,0.000644800233588009,12.6491106406735,8,47.5,14.560219778561,12,11,6,0.00136842105263158,337.5,3.94190871369295e-05,0,0,NA,NA,0.789247311827957,0.0494623655913978,0.161290322580645,0.187353556485356,0.052925149124157,0.0609214216676194,8.30735967264526,3.34444768581729,9.99596223889109,3.54807170312689,2.57120375534124e-06,0.813656040928768,0.0201291302696544,0.67870387188569,0.015571591340676,"random",1
102171,66,69,227,240,0.0013703479541847,740,26,234,18.3847763108502,13,48.5,2.61712046123399e-05,65,82041,0.00119452468887507,18.3847763108502,13,48.5,15.2643375224737,33,14,17,0.000894736842105263,119,1.74273858921162e-05,0,0,NA,NA,0.817365269461078,0.0508982035928144,0.131736526946108,0.191537656903766,0.0769237502546035,0.0638675210145345,8.98141291239621,4.20328573595798,9.03582986909604,3.82253339347014,4.95557744609131e-06,0.532261736416861,0.023489932885906,0.356730557838591,0.0155800575263663,"random",1
102174,162,29,168,192,0.000594949004371054,292,12,152,10.770329614269,9,5.445,4.77987128059825e-06,0,82028,1.21909591846686e-05,0,1,2.7225,1,1,0,1,0,26,6.63900414937759e-06,0,0,NA,NA,1,0,0,0,0,0.00418410041841004,NA,NA,NA,NA,-1.19125597492269e-07,NA,NA,NA,NA,"random",1
102110,150,68,36,240,0.00140161856474259,666,27,44,14.0356688476182,17,49,6.33722874344671e-06,17,81975,0.000426959438853309,2,4,1,4.47213595499958,18,2,4,5.26315789473684e-05,70.5,1.74273858921162e-05,0,0,NA,NA,0.96875,0.00390625,0.02734375,-0.0072071129707113,0.00836820083682008,0.0187118659205003,3.65400522455391,0.444590926482197,4.03884361523178,0.612767903371987,1.74425933335229e-06,0.465516705516706,0.0251798561151079,0.180769230769231,0.0122302158273381,"random",1
102270,78,26,33,168,0.000415145484071845,235,8,30,4.12310562561766,5,5.445,3.42604873842124e-06,0,81906,0,0,0,0,0,0,0,0,0,11.5,5.80912863070539e-06,0,0,NA,NA,1,0,0,-0.0113912133891213,0,0,NA,NA,NA,NA,-8.37506839290226e-08,NA,NA,NA,NA,"random",1
102152,126,69,34,228,0.00131765165194476,735,21,31,10.816653826392,15,30,1.29835896052111e-05,0,81847,0,0,0,0,0,0,0,0,0.000157894736842105,47,1.36929460580913e-05,0,0,NA,NA,0.989406779661017,0.00211864406779661,0.00847457627118644,-0.0113912133891213,0,0,NA,NA,NA,NA,-1.26458807729499e-07,NA,NA,NA,NA,"random",1
102188,78,113,119,240,0.00209042294603792,1877,41,114,19.2093727122985,25,110,5.32038358342219e-05,50,82026,0.000792431668007705,9.48683298050514,10,36,10.1980390271856,15,10,8,0.000842105263157895,188.5,3.85892116182573e-05,0,0,NA,NA,0.767241379310345,0.0517241379310345,0.181034482758621,0.13923640167364,0.0396938618431177,0.0426696193606091,6.35804816381997,3.5173404801348,7.05685005438728,3.28309936728056,3.18967380013871e-06,0.781096681096681,0.0239322533136966,0.633225108225108,0.0184094256259205,"random",1
102129,234,4,7,30,5.37258905066351e-05,10,2,1,0,1,2.7225,2.76772976881959e-08,0,82085,0,0,0,0,0,0,0,0,0,0,4.149377593361e-07,0,0,NA,NA,1,0,0,-0.0113912133891213,0,0,NA,NA,NA,NA,-8.56038139923286e-08,NA,NA,NA,NA,"random",1
102216,66,13,35,228,0.000343190527941429,99,9,35,2.23606797749979,4,5.445,1.77857813796906e-06,0,82012,0,0,0,0,0,0,0,0,0.000210526315789474,3,2.9045643153527e-06,0,0,NA,NA,0.964285714285714,0.00510204081632653,0.0306122448979592,-0.0113912133891213,0,0,NA,NA,NA,NA,-4.22491307875076e-08,NA,NA,NA,NA,"random",1
102123,66,89,192,240,0.00162804646664953,813,22,190,11.3137084989848,14,37.5,3.42826118805188e-05,52,81888,0.00094030871434154,11.3137084989848,9,24,10.0498756211209,25,8,9,0.000263157894736842,72,1.90871369294606e-05,0,0,NA,NA,0.91358024691358,0.0164609053497942,0.0699588477366255,0.0890271966527197,0.0473376924643714,0.0420496887913008,7.96412945989951,1.0696832190914,8.06352105974417,1.12358005325438,3.8503339088903e-06,0.757539682539683,0.0249190938511327,0.547619047619048,0.0168284789644013,"random",1
102098,222,51,36,84,0.000844956588824531,285,16,30,9.21954445729289,9,14,3.08244178447606e-06,0,81977,0,0,0,0,0,0,0,0,0,28.5,7.88381742738589e-06,0,0,NA,NA,1,0,0,-0.0113912133891213,0,0,NA,NA,NA,NA,-4.2006931563777e-08,NA,NA,NA,NA,"random",1
102006,90,188,71,216,0.00315372579698807,1081,62,54,16.1245154965971,21,106.5,1.43388996411803e-05,0,81948,0,0,0,0,0,0,0,0,0,139,2.19917012448133e-05,0,0,NA,NA,1,0,0,-0.0113912133891213,0,0,NA,NA,NA,NA,-4.23038078418905e-08,NA,NA,NA,NA,"random",1
102274,150,1,1,9,1.04607981588995e-05,1,1,1,0,1,2.7225,3.27875852058938e-15,0,82242,0,0,0,0,0,0,0,0,0,0,4.149377593361e-07,0,0,NA,NA,1,0,0,-0.0113912133891213,0,0,NA,NA,NA,NA,-4.22773059818329e-08,NA,NA,NA,NA,"random",1
102314,126,61,35,240,0.00124668467433418,472,19,23,6,9,9,1.01202391322424e-05,23,81883,0.000341951320786977,5.8309518948453,4,2.5,5.8309518948453,5,5,1,0.000473684210526316,27,1.07883817427386e-05,0,0,NA,NA,0.873333333333333,0.04,0.0866666666666667,-0.000930962343096233,0.024397288262951,0.024397288262951,NA,NA,4.79249337388727,1.24097102164322,1.34536624586968e-06,0.841025641025641,0.01259559154296,0.764102564102564,0.0103463787674314,"random",1
102110,78,1,1,2,1.02170092770444e-05,1,1,1,0,1,2.7225,2.08364819463351e-08,0,81963,0,0,0,0,0,0,0,0,0,0,4.149377593361e-07,0,0,NA,NA,1,0,0,-0.0113912133891213,0,0,NA,NA,NA,NA,-4.23929605302037e-08,NA,NA,NA,NA,"random",1
102232,114,8,11,24,0.000160458452722063,26,4,5,1.4142135623731,4,5.445,8.62982223570878e-08,0,81712,0,0,0,0,0,0,0,0,0,0.5,1.2448132780083e-06,0,0,NA,NA,1,0,0,-0.0113912133891213,0,0,NA,NA,NA,NA,-4.25317193056238e-08,NA,NA,NA,NA,"random",1
102233,54,181,215,240,0.00311997270023887,871,66,210,23.7697286480094,29,104,4.37622144702905e-05,66,82085,0.00127916184442955,23.7697286480094,17,96.5,15.8113883008419,39,17,16,0.000789473684210526,124.5,1.90871369294606e-05,0,0,NA,NA,0.838235294117647,0.0294117647058824,0.132352941176471,0.392374476987448,0.0994549315816294,0.0661564364051962,7.57844790057395,4.78242643221047,7.22345182136648,4.75637496113606,5.31002813010258e-06,0.717627401837928,0.019611505416511,0.458588706615022,0.0123272319760926,"random",1
102333,234,26,95,199,0.00041573432131372,168,9,91,4.12310562561766,5,5.445,1.82333601566881e-06,0,82354,0,0,0,0,0,0,0,0,0,9,4.5643153526971e-06,0,0,NA,NA,1,0,0,-0.0113912133891213,0,0,NA,NA,NA,NA,-4.19378806884908e-08,NA,NA,NA,NA,"random",1
102212,150,57,24,235,0.00107242526536432,794,22,174,10.1980390271856,10,30,9.08965401368884e-06,0,81759,0,0,0,0,0,0,0,0,0,65,1.36929460580913e-05,0,0,NA,NA,1,0,0,-0.0227824267782427,-0.00418410041841004,-0.00418410041841004,NA,NA,NA,NA,-1.2505530570895e-07,NA,NA,NA,NA,"random",1
102327,174,34,118,156,0.000437903191353014,190,15,107,3.16227766016838,5,5.445,2.66139858243393e-06,0,82047,0,0,0,0,0,0,0,0,0,4.5,3.3195020746888e-06,0,0,NA,NA,1,0,0,-0.0113912133891213,0,0,NA,NA,NA,NA,-8.48572817200232e-08,NA,NA,NA,NA,"random",1
102083,222,206,216,240,0.0033102105391262,3245,56,114,46.0434577328854,36,436,0.000101071846628971,137,82051,0.00209625720588415,46.0434577328854,29,345,33.2415402771893,35,32,17,0.00110526315789474,613,6.72199170124481e-05,0,0,NA,NA,0.701357466063348,0.108597285067873,0.190045248868778,1.43212343096234,0.192650450765211,0.139085942582382,12.3950178712661,5.46111277297782,14.2949001811623,8.11209078085012,8.68604860139616e-06,0.774407074407074,0.0189992267756545,0.651759814259814,0.0151331050480504,"random",1
101981,114,70,213,228,0.00129509939276944,457,22,210,9.21954445729289,14,26,1.52383902665246e-05,0,81589,0,0,0,0,0,0,0,0,0.000578947368421053,41,1.20331950207469e-05,0,0,NA,NA,0.9375,0.0185185185185185,0.0439814814814815,-0.0227824267782427,-0.00418410041841004,-0.00418410041841004,NA,NA,NA,NA,-1.28045509081201e-07,NA,NA,NA,NA,"random",1
102177,66,44,22,84,0.000588318828231189,260,16,18,5.8309518948453,7,10,1.95432709249415e-06,0,81860,0,0,0,0,0,0,0,0,0,19,7.46887966804979e-06,0,0,NA,NA,1,0,0,-0.0113912133891213,0,0,NA,NA,NA,NA,-8.37775147349988e-08,NA,NA,NA,NA,"random",1
102324,54,69,83,144,0.00114927070215549,484,25,75,5.3851648071345,10,10,5.10905256130204e-06,0,81956,0,0,0,0,0,0,0,0,0,23,8.71369294605809e-06,0,0,NA,NA,1,0,0,-0.0113912133891213,0,0,NA,NA,NA,NA,-4.1598898594282e-08,NA,NA,NA,NA,"random",1
102278,174,14,36,240,0.000278916089167328,84,6,30,2,3,5.445,2.21636372518114e-06,14,81772,0.000232353372792643,1,2,5.445,3.60555127546399,5,2,2,0,3,2.9045643153527e-06,0,0,NA,NA,1,0,0,0.0113912133891213,0.00418410041841004,0.0150859886002677,3.21698920010509,0.549509756796392,3.60555127546399,0,9.29649043970826e-07,NA,NA,NA,NA,"random",1
102248,222,24,57,192,0.000404927326200929,298,8,20,4,5,5.445,5.97543393890425e-06,0,82086,0,0,0,0,0,0,0,0,0,15,6.63900414937759e-06,0,0,NA,NA,1,0,0,-0.0113912133891213,0,0,NA,NA,NA,NA,-8.42295001189742e-08,NA,NA,NA,NA,"random",1
102249,174,175,108,240,0.00321414222579349,2525,66,90,26.5706605111728,30,157.5,5.41515914569831e-05,14,81948,0.000256260067359789,1,2,5.445,10.1980390271856,7,3,3,5.26315789473684e-05,227.5,4.60580912863071e-05,0,0,NA,NA,0.975824175824176,0.0021978021978022,0.021978021978022,0.0113912133891213,0.00418410041841005,0.0426696193606091,9.54570931392378,0.564934103328127,9.54570931392378,0.564934103328127,9.87606817501262e-07,NA,NA,NA,NA,"random",1
102074,138,24,36,216,0.000415947933105785,220,10,18,2.23606797749979,4,5.445,3.40327306215584e-06,0,82024,0,0,0,0,0,0,0,0,0,5,3.3195020746888e-06,0,0,NA,NA,1,0,0,-0.0113912133891213,0,0,NA,NA,NA,NA,-4.21198375084061e-08,NA,NA,NA,NA,"random",1
102083,114,20,23,24,0.000295978393577269,49,9,18,0,1,2.7225,2.4871375369156e-07,0,81849,0,0,0,0,0,0,0,0,0,0,4.149377593361e-07,0,0,NA,NA,1,0,0,-0.0113912133891213,0,0,NA,NA,NA,NA,-4.22944001537486e-08,NA,NA,NA,NA,"random",1
102169,162,10,143,144,0.000195788108319771,48,5,12,2.82842712474619,3,5.445,7.58806155193667e-08,0,82167,0,0,0,0,0,0,0,0,0,2.5,2.0746887966805e-06,0,0,NA,NA,1,0,0,-0.0113912133891213,0,0,NA,NA,NA,NA,-4.24510254193768e-08,NA,NA,NA,NA,"random",1
102198,174,115,120,240,0.00190510957232001,1608,45,114,15.556349186104,22,82.5,5.72219629723297e-05,46,82244,0.000936238509800107,4.47213595499958,4,6,10.4403065089106,31,6,8,0.000210526315789474,171.5,3.07053941908714e-05,0,0,NA,NA,0.88255033557047,0.0268456375838926,0.0906040268456376,0.0137133891213389,0.0187118659205003,0.0436832908322617,7.54312358739725,1.9202043180725,7.13893572973366,1.80075427976126,3.79168991469269e-06,0.679166666666667,0.0458606313281715,0.425311147186147,0.0273972602739726,"random",1
102163,66,13,225,240,0.00025870352575948,69,6,4,5.65685424949238,4,5.445,2.11905935415516e-06,6,81634,7.349878727001e-05,2.23606797749979,2,5.445,3.16227766016838,0,2,0,5.26315789473684e-05,7.5,2.9045643153527e-06,0,0,NA,NA,0.971698113207547,0.00628930817610063,0.0220125786163522,0.0113912133891213,0.00935593296025017,0.0132312872810392,NA,NA,2.08113883008419,1.52896119631324,2.23158387014903e-07,NA,NA,NA,NA,"random",1
102167,198,53,108,216,0.000951265915410508,653,16,67,9.8488578017961,13,28.5,1.05909205122627e-05,0,82011,0,0,0,0,0,0,0,0,0,41.5,1.20331950207469e-05,0,0,NA,NA,1,0,0,-0.0113912133891213,0,0,NA,NA,NA,NA,-4.19972338941868e-08,NA,NA,NA,NA,"random",1
102303,126,430,216,240,0.00756455535323663,6721,162,210,48.0832611206852,72,1106.5,0.000258541507469468,308,81874,0.00533746977062315,48.0832611206852,45,1106.5,30.4138126514911,129,63,51,0.00278947368421053,1155.5,0.000127800829875519,0,0,NA,NA,0.674518201284797,0.0835117773019272,0.241970021413276,4.61831589958159,0.201185192973578,0.127254446240549,19.2990853009355,6.27026416334755,18.9983856216391,5.66663218181151,2.22061130887577e-05,0.781097912402737,0.0263841091589688,0.58432854024153,0.0185956650365272,"random",1
102273,102,70,33,60,0.00105146462164417,237,23,30,5,10,9,1.46890887986051e-06,0,82242,0,0,0,0,0,0,0,0,0,12,6.22406639004149e-06,0,0,NA,NA,1,0,0,-0.0113912133891213,0,0,NA,NA,NA,NA,-4.16253846913991e-08,NA,NA,NA,NA,"random",1
102253,78,32,58,240,0.00060307454228918,378,12,54,9.21954445729289,8,12,7.5860159277713e-06,16,82051,0.000243750837893505,6.70820393249937,3,1.5,4.47213595499958,4,2,2,0.000315789473684211,30.5,9.54356846473029e-06,0,0,NA,NA,0.9375,0.0125,0.05,-0.00511506276150627,0.0280677988807505,0.0187118659205003,2.73606797749979,2.45517087898183,3.35410196624968,1.58113883008419,9.77743724193889e-07,0.688888888888889,0.00962927298988926,0.595238095238095,0.00770341839191141,"random",1
102158,138,48,82,240,0.000925914645289409,586,17,78,7.28010988928052,11,30,6.82867376775036e-06,30,81819,0.000708881800070888,3.60555127546399,5,4.5,8.94427190999916,28,7,8,0.000157894736842105,55,1.2448132780083e-05,0,0,NA,NA,0.952941176470588,0.0294117647058824,0.0176470588235294,0.00743723849372385,0.0150859886002677,0.0374237318410007,7.18326992684034,0.775063616302303,6.93169821496051,0.331893305394194,2.83964895082965e-06,0.624735558559088,0.0323119777158774,0.35851023976024,0.0167130919220056,"random",1
102038,30,18,216,216,0.000229645939994867,60,5,11,0,1,2.7225,7.42376130445097e-07,0,82036,0,0,0,0,0,0,0,0,0,0,8.29875518672199e-07,0,0,NA,NA,1,0,0,-0.0113912133891213,0,0,NA,NA,NA,NA,-4.21028841233477e-08,NA,NA,NA,NA,"random",1
102009,138,1,1,2,1.15289723074085e-05,2,1,1,0,1,2.7225,7.56539227254147e-09,0,81919,0,0,0,0,0,0,0,0,0,0,4.149377593361e-07,0,0,NA,NA,1,0,0,-0.0113912133891213,0,0,NA,NA,NA,NA,-4.21278951500724e-08,NA,NA,NA,NA,"random",1
102140,222,14,22,24,0.000224740745497159,26,5,19,2,3,5.445,3.11527103500588e-08,0,81944,0,0,0,0,0,0,0,0,0,0,8.29875518672199e-07,0,0,NA,NA,1,0,0,-0.0113912133891213,0,0,NA,NA,NA,NA,-4.23624863915808e-08,NA,NA,NA,NA,"random",1
102274,78,93,239,240,0.00165710177772904,386,38,234,8.06225774829855,13,12,9.46010011554888e-06,91,82071,0.00165710177772904,8.06225774829855,13,11.5,6.40312423743285,45,15,18,0.000578947368421053,24.5,9.54356846473029e-06,0,0,NA,NA,0.856677524429967,0.0325732899022801,0.110749185667752,0.0367259414225941,0.0337332960179856,0.0267913148009743,4.48819946000057,0.854372178527499,4.41976162179316,0.885825204374224,6.89114218861865e-06,0.657026198504119,0.0458530006743088,0.4401444315918,0.0306810519217802,"random",1
102101,234,26,108,168,0.00058410504155664,169,13,105,11.1803398874989,5,12.5,2.30741314878e-06,0,82152,0,0,0,0,0,0,0,0,0,22.5,3.3195020746888e-06,0,0,NA,NA,1,0,0,-0.0113912133891213,0,0,NA,NA,NA,NA,-4.21143261608846e-08,NA,NA,NA,NA,"random",1
102111,138,0,1,-Inf,0,1,1,1,0,0,0,2.00318734065669e-08,0,82038,0,0,0,0,0,0,0,0,0,0,4.149377593361e-07,0,0,NA,NA,1,0,0,0,0,0,NA,NA,NA,NA,0,NA,NA,NA,NA,"random",1
101985,234,18,10,233,0.000257784556556858,48,7,6,2,4,5.445,1.9859951620994e-07,0,82197,0,0,0,0,0,0,0,0,5.26315789473684e-05,1.5,2.0746887966805e-06,0,0,NA,NA,1,0,0,-0.0227824267782427,-0.00418410041841004,-0.00418410041841004,NA,NA,NA,NA,-1.71372417583684e-07,NA,NA,NA,NA,"random",1
102301,54,56,131,192,0.000844567506601524,424,20,114,13,8,42,8.8553641704631e-06,0,81966,0,0,0,0,0,0,0,0,0,67,1.03734439834025e-05,0,0,NA,NA,1,0,0,-0.0113912133891213,3.77475688673879e-18,1.90643136857625e-18,NA,NA,NA,NA,-8.31796035626823e-08,NA,NA,NA,NA,"random",1
102188,198,132,168,240,0.00243899464640675,1887,35,153,54.817880294663,21,582,5.11083702833217e-05,100,81889,0.00203934594389967,54.817880294663,16,262,43.3243580448689,67,20,18,0.000578947368421053,941.5,3.85892116182573e-05,0,0,NA,NA,0.8875,0.053125,0.059375,1.08484309623431,0.229363515877251,0.177089364204473,30.4818300897006,11.4697674700446,29.7554237793494,11.3236945668586,8.49030341413682e-06,0.664803185362396,0.0155870823221953,0.428579087213956,0.00933358222885944,"random",1
102300,162,70,189,240,0.0011268054496409,581,32,186,8.24621125123532,12,19,2.34112860397438e-05,47,82321,0.000826034669160967,7.07106781186548,10,17.5,9.21954445729289,21,11,9,0.00105263157894737,41,1.20331950207469e-05,0,0,NA,NA,0.856368563685637,0.040650406504065,0.102981029810298,0.0618305439330544,0.0295860577902321,0.0385754998213092,6.64960769298755,2.18072401292113,6.74234622727245,1.73056178356726,3.41346170172589e-06,0.850625148844963,0.0259344012204424,0.585321902040168,0.0179252479023646,"random",1
102012,222,111,215,240,0.00177524210629415,1190,41,210,18.6815416922694,19,70,4.49538604966235e-05,25,81935,0.000451577469945689,18.6815416922694,12,70,17.0880074906351,12,11,7,0.001,160,2.78008298755187e-05,0,0,NA,NA,0.805,0.045,0.15,0.281495815899582,0.0781654464111691,0.0714979392913601,11.7122408603646,5.07877771059211,10.5317119478616,5.12750892656427,1.84722193140134e-06,0.600030525030525,0.00895450145208132,0.473534798534799,0.00605033881897386,"random",1
102359,102,152,227,240,0.00264495975556924,1614,56,222,20.2484567313166,20,121,7.22029394413988e-05,88,81972,0.00157370809544723,14.8660687473185,15,70.5,19.4164878389476,41,18,18,0.00205263157894737,200,3.19502074688797e-05,0,0,NA,NA,0.705128205128205,0.0555555555555556,0.239316239316239,0.283587866108787,0.0622011244657678,0.0812405348909941,15.7313342081883,3.06260397225804,15.1984171260493,3.94928216505664,6.45758350897087e-06,0.75459706959707,0.0335064935064935,0.50482683982684,0.0228571428571429,"random",1
102167,90,17,202,240,0.000284965234241423,61,9,167,2,3,5.445,4.06516474206614e-06,2,81992,3.6588935505903e-05,0,1,2.7225,1,1,1,1,0,0,1.2448132780083e-06,0,0,NA,NA,1,0,0,0,0,0.00418410041841004,NA,NA,NA,NA,1.10585121903913e-07,NA,NA,NA,NA,"random",1
102112,42,24,57,74,0.000426928190678328,161,14,46,3.16227766016838,5,5.445,3.34590491678794e-07,0,82142,0,0,0,0,0,0,0,0,0,9.5,4.5643153526971e-06,0,0,NA,NA,1,0,0,-0.0113912133891213,0,0,NA,NA,NA,NA,-4.25312869716504e-08,NA,NA,NA,NA,"random",1
102097,18,612,240,240,0.0105608868703148,7661,200,234,64.2028036770981,100,1364,0.000298830814463559,612,81906,0.0105608868703148,64.2028036770981,100,1364,42.5205832509386,253,115,109,0.00552631578947368,1453.5,0.000144813278008299,0,0,NA,NA,0.529304029304029,0.133699633699634,0.336996336996337,5.69572175732218,0.268630977728444,0.177910390171291,23.5870854809275,9.72196084006447,23.0223328602131,9.49644523172283,4.39757926663633e-05,0.712631043202128,0.0426654828844826,0.527171569437756,0.0301864456939923,"random",1
102374,42,48,238,240,0.000927791002868827,275,23,228,5.3851648071345,10,8,1.25887557276548e-05,45,82238,0.000839028186483134,5.3851648071345,10,8,5.09901951359278,24,10,10,0.000315789473684211,12,5.39419087136929e-06,0,0,NA,NA,0.8875,0.0425,0.07,0.0106903765690377,0.0183479699043285,0.0171507092618945,2.5839025351973,1.64095083838641,2.42361340339708,1.42442895804834,3.42647989119381e-06,0.672727272727273,0.0294997862334331,0.48011988011988,0.0192389910218042,"random",1
102146,198,9,14,24,0.000136059470357589,20,3,11,1.4142135623731,3,5.445,4.54733245430834e-08,0,81932,0,0,0,0,0,0,0,0,0,0,8.29875518672199e-07,0,0,NA,NA,1,0,0,-0.0113912133891213,0,0,NA,NA,NA,NA,-8.39211837418652e-08,NA,NA,NA,NA,"random",1
102244,162,1,1,97,1.31252543018021e-05,2,1,1,0,1,2.7225,1.85631671921152e-08,0,81892,0,0,0,0,0,0,0,0,0,0,8.29875518672199e-07,0,0,NA,NA,1,0,0,-0.0113912133891213,0,0,NA,NA,NA,NA,-4.24075693100831e-08,NA,NA,NA,NA,"random",1
102141,42,93,48,204,0.00175231512466992,708,26,46,10.1980390271856,14,21,8.35491640919309e-06,0,81959,0,0,0,0,0,0,0,0,0,67.5,1.82572614107884e-05,0,0,NA,NA,1,0,0,-0.0113912133891213,0,0,NA,NA,NA,NA,-8.49416936855577e-08,NA,NA,NA,NA,"random",1
102109,210,18,24,60,0.000379130690017856,125,7,8,3.16227766016838,4,5.445,9.3182677173698e-07,0,81844,0,0,0,0,0,0,0,0,0,10,4.5643153526971e-06,0,0,NA,NA,1,0,0,-0.0227824267782427,-0.00418410041841004,-0.00418410041841004,NA,NA,NA,NA,-2.10667050249232e-07,NA,NA,NA,NA,"random",1
102065,222,16,36,36,0.000227803405660915,46,6,6,7.07106781186548,2,5.445,8.35790339063316e-08,0,82214,0,0,0,0,0,0,0,0,0,0,8.29875518672199e-07,0,0,NA,NA,1,0,0,-0.0113912133891213,0,0,NA,NA,NA,NA,-1.28239117051451e-07,NA,NA,NA,NA,"random",1
101980,78,24,60,72,0.000427810101207647,149,13,66,3.16227766016838,5,5.445,1.06642786116671e-06,0,82004,0,0,0,0,0,0,0,0,0,6.5,3.3195020746888e-06,0,0,NA,NA,1,0,0,-0.0113912133891213,0,0,NA,NA,NA,NA,-4.20825580674074e-08,NA,NA,NA,NA,"random",1
102312,90,1,1,15,1.35113224882451e-05,1,1,1,0,1,2.7225,5.36860948547924e-09,0,81917,0,0,0,0,0,0,0,0,0,0,4.149377593361e-07,0,0,NA,NA,1,0,0,-0.0113912133891213,0,0,NA,NA,NA,NA,-4.24747271126207e-08,NA,NA,NA,NA,"random",1
102081,234,40,117,240,0.00063342022559505,318,13,97,6.08276253029822,5,8.5,1.25295470580184e-05,9,82183,0.000109511699499897,1,2,5.445,5.3851648071345,0,2,0,0.000105263157894737,22,8.29875518672199e-06,0,0,NA,NA,0.957236842105263,0.00657894736842105,0.0361842105263158,0,0,0.0183479699043285,NA,NA,5.24209216036364,0.202335277467965,3.73970816636413e-07,NA,NA,NA,NA,"random",1
102081,162,377,216,240,0.00663234032119652,5855,140,210,49.0407993409569,73,805.5,0.000234540094065605,293,81745,0.00497889779191388,41.146081222882,61,602,47.2969343615419,114,66,52,0.00373684210526316,957,0.00010746887966805,0,0,NA,NA,0.348314606741573,0.328651685393258,0.323033707865169,2.50743723849372,0.172159335660594,0.19789512285164,32.4898153272217,12.2413785589163,32.9017513554627,11.5034001736333,2.07906408442684e-05,0.73981400994388,0.0387545229480099,0.564994547299742,0.027899447724243,"random",1
102158,126,60,24,240,0.000929561271541971,362,21,18,5.3851648071345,8,8.5,2.14132327565406e-06,2,81957,9.76121624754444e-05,0,1,2.7225,2.23606797749979,6,2,2,0,21.5,9.95850622406639e-06,0,0,NA,NA,1,0,0,0,0,0.00935593296025017,2.23606797749979,0,2.23606797749979,0,3.23991586633768e-07,NA,NA,NA,NA,"random",1
102128,234,18,81,84,0.00026940644861072,113,6,70,3.16227766016838,4,5.445,1.16344319899296e-06,0,82309,0,0,0,0,0,0,0,0,0,7.5,4.149377593361e-06,0,0,NA,NA,1,0,0,-0.0113912133891213,0,0,NA,NA,NA,NA,-8.38371070161808e-08,NA,NA,NA,NA,"random",1
102086,78,1,8,12,3.72129947777764e-05,4,2,1,0,1,2.7225,9.62196449705709e-13,0,81835,0,0,0,0,0,0,0,0,0,0,8.29875518672199e-07,0,0,NA,NA,1,0,0,-0.0113912133891213,0,0,NA,NA,NA,NA,-4.15414900409055e-08,NA,NA,NA,NA,"random",1
102060,234,79,240,240,0.00141205112598904,436,31,234,9.21954445729289,13,16,1.55595010301244e-05,79,82150,0.00141205112598904,9.21954445729289,13,16,13.0384048104053,37,15,13,0.000368421052631579,36,9.95850622406639e-06,0,0,NA,NA,0.925696594427245,0.0247678018575851,0.0495356037151703,0.0555543933054393,0.0385754998213092,0.0545539950226163,8.83105170503507,3.29346366787009,8.45631902559587,3.12089762797477,5.86585733276572e-06,0.657568993506493,0.0412958348166607,0.436656746031746,0.02812388750445,"random",1
102096,126,14,240,240,0.000296583585239263,67,9,239,2.23606797749979,3,5.445,4.49163382338309e-07,14,81921,0.000292965173764969,2.23606797749979,3,0.5,2.23606797749979,10,3,4,0.000105263157894737,0.5,1.2448132780083e-06,0,0,NA,NA,0.980434782608696,0.00434782608695652,0.0152173913043478,-0.00929916317991632,0.00935593296025017,0.00935593296025017,1.36803398874989,1.08227107240596,1.82404531833319,0.71364417954618,1.09867349617606e-06,0.619047619047619,0.0141093474426808,0.366071428571429,0.00823045267489712,"random",1
101981,90,80,83,204,0.00124440588181569,408,33,78,9.21954445729289,8,16,6.49506412969462e-06,0,82043,0,0,0,0,0,0,0,0,0,62,9.54356846473029e-06,0,0,NA,NA,1,0,0,-0.0113912133891213,0,0,NA,NA,NA,NA,-4.29323443781942e-08,NA,NA,NA,NA,"random",1
102153,138,73,180,240,0.00130034270714338,959,27,222,10.0498756211209,12,31,4.36292496434189e-05,49,82104,0.000791678846341226,7.28010988928052,7,19.5,8.06225774829855,16,9,4,0.000894736842105263,76,1.82572614107884e-05,0,0,NA,NA,0.838709677419355,0.0860215053763441,0.0752688172043011,0.0701987447698745,0.0304607108338097,0.0337332960179856,6.2959780441924,0.693455566514331,5.81186437909621,1.11803912895154,3.27034777041621e-06,0.89,0.0266611977030353,0.758585858585859,0.0200984413453651,"random",1
102229,126,104,216,240,0.00187914877001171,607,31,234,9.21954445729289,23,48.5,2.14371289485299e-05,99,82123,0.00182652849993303,9.21954445729289,23,48.5,10.1980390271856,51,20,24,0.000684210526315789,51.5,1.45228215767635e-05,0,0,NA,NA,0.882352941176471,0.0160427807486631,0.101604278074866,0.191537656903766,0.0385754998213092,0.0426696193606091,7.57476978979081,1.85271484889347,7.33204827539979,2.03678489865171,7.60018576789667e-06,0.626523426969856,0.0431406384814495,0.438785304331523,0.0284728213977567,"random",1
102050,222,190,192,240,0.00293060954226086,2762,67,186,38.2753184180093,26,321,0.000102315145338789,103,81818,0.00169889266420592,38.2753184180093,20,291.5,27.5862284482674,36,24,18,0.00173684210526316,446,4.89626556016597e-05,0,0,NA,NA,0.461139896373057,0.227979274611399,0.310880829015544,1.20827405857741,0.16014777580757,0.115423549992751,20.1752365424815,6.92088462633857,18.8021305923566,7.2697025969647,7.02445838282741e-06,0.754988684155351,0.0170155465785286,0.600209119735263,0.0126086424286938,"random",1
102268,126,170,82,240,0.00291328408786172,1535,49,78,14.3178210632764,24,74.5,2.20610779207131e-05,7,82023,0.000134108725601356,1.4142135623731,2,5.445,19,4,2,2,0.000105263157894737,155,3.44398340248963e-05,0,0,NA,NA,0.965779467680608,0,0.0342205323193916,0.0113912133891213,0.00591721155804643,0.0794979079497908,18.51387818866,0.687480058562441,18.51387818866,0.687480058562441,4.77758323866292e-07,NA,NA,NA,NA,"random",1
102228,78,24,23,192,0.000404089879385294,100,8,11,2.82842712474619,3,5.445,8.31244745114479e-07,0,81970,0,0,0,0,0,0,0,0,0,2,2.0746887966805e-06,0,0,NA,NA,1,0,0,-0.0113912133891213,0,0,NA,NA,NA,NA,-4.18845641307964e-08,NA,NA,NA,NA,"random",1
102049,102,116,143,240,0.00211295129219796,2018,36,138,21.9544984001001,21,150,4.80106642199345e-05,24,82197,0.000437972188766013,10,7,18,14.8660687473185,12,8,4,0.000526315789473684,249.5,4.31535269709544e-05,0,0,NA,NA,0.894941634241245,0.0311284046692607,0.0739299610894942,0.0639225941422594,0.0418410041841004,0.0622011244657678,12.1927559603267,2.47297448212119,11.6229957998206,2.83467682962339,1.78969186259299e-06,0.643765664160401,0.0160213618157543,0.516165413533835,0.0106809078771696,"random",1
102042,234,25,144,156,0.000439029744265174,57,8,141,2,3,5.445,8.8720896711064e-07,0,82241,0,0,0,0,0,0,0,0,0,0,1.2448132780083e-06,0,0,NA,NA,1,0,0,-0.0113912133891213,0,0,NA,NA,NA,NA,-4.18971463602231e-08,NA,NA,NA,NA,"random",1
102190,42,1,1,3,1.03034361959714e-05,1,1,1,0,1,2.7225,9.83275615419913e-16,0,81767,0,0,0,0,0,0,0,0,0,0,4.149377593361e-07,0,0,NA,NA,1,0,0,-0.0113912133891213,0,0,NA,NA,NA,NA,-4.23951082489137e-08,NA,NA,NA,NA,"random",1
102215,54,63,154,204,0.000969976378222319,547,26,150,4.47213595499958,8,6.5,1.51025202200346e-05,0,82052,0,0,0,0,0,0,0,0,0,31,1.12033195020747e-05,0,0,NA,NA,1,0,0,-0.0113912133891213,0,0,NA,NA,NA,NA,-1.27967185801103e-07,NA,NA,NA,NA,"random",1
102149,138,159,240,240,0.00284512465815582,1978,45,235,48.3735464897913,30,314,7.15042854392715e-05,159,81543,0.00284512465815582,33.5410196624968,30,265.5,29.1204395571221,73,33,32,0.00184210526315789,803,4.02489626556017e-05,0,0,NA,NA,0.725301204819277,0.0867469879518072,0.187951807228916,1.09948744769874,0.140338994403752,0.121842843335239,15.6214998443008,8.83541218649715,16.0616892061248,8.20771476819445,1.18621979413801e-05,0.664868092611995,0.0292966283621669,0.488981208493404,0.0200782927137265,"random",1
102189,174,1,1,11,1.15003335096718e-05,1,1,1,0,1,2.7225,1.31004803333159e-08,0,81646,0,0,0,0,0,0,0,0,0,0,4.149377593361e-07,0,0,NA,NA,1,0,0,-0.0113912133891213,0,0,NA,NA,NA,NA,-4.22060868352251e-08,NA,NA,NA,NA,"random",1
102168,90,5,9,12,0.000104099194966226,11,2,1,0,1,2.7225,1.05062916754913e-08,0,81907,0,0,0,0,0,0,0,0,0,0,4.149377593361e-07,0,0,NA,NA,1,0,0,-0.0113912133891213,0,0,NA,NA,NA,NA,-8.3499145240125e-08,NA,NA,NA,NA,"random",1
102320,90,253,202,240,0.00394219737837772,2950,100,210,25.7099202643649,39,241,0.000134520329366438,152,81764,0.00264174942517489,25.0798724079689,31,226,13,64,33,27,0.00226315789473684,287,5.26970954356846e-05,0,0,NA,NA,0.586666666666667,0.128888888888889,0.284444444444444,0.934215481171548,0.104936704635853,0.0502092050209205,8.74992642377882,2.14697698581716,8.75131708954286,2.16994256507427,1.1010594135279e-05,0.81997113997114,0.0368978476255552,0.611982065553494,0.0259651520327981,"random",1
102078,234,5,138,144,7.04686162983843e-05,13,2,134,1,2,5.445,1.69419263280053e-09,0,82169,1.21700397960301e-05,0,1,2.7225,2.82842712474619,1,0,1,0,1,1.6597510373444e-06,0,0,NA,NA,1,0,0,0,0,0.0118344231160928,NA,NA,NA,NA,8.38721987322124e-09,NA,NA,NA,NA,"random",1
102253,198,26,165,168,0.000411295581080403,113,13,157,2.23606797749979,4,5.445,3.01641134901504e-06,0,82116,0,0,0,0,0,0,0,0,0,5,2.9045643153527e-06,0,0,NA,NA,1,0,0,-0.0113912133891213,0,0,NA,NA,NA,NA,-8.48667481726916e-08,NA,NA,NA,NA,"random",1
102132,126,90,239,240,0.00174418604651163,581,31,234,26.0768096208106,20,73,2.02437038545266e-05,90,81944,0.00169628038660549,24.6981780704569,20,73,31.3847096529504,49,21,27,0.000578947368421053,87.5,1.07883817427386e-05,0,0,NA,NA,0.815789473684211,0.0639097744360902,0.120300751879699,0.294048117154812,0.103339657198565,0.131316776790588,16.5939225073598,10.0562396763496,14.7140766998895,8.92024350638793,7.05534014893663e-06,0.596362511727623,0.0245496291063229,0.3928301583474,0.0158954433062522,"random",1
101981,150,237,240,240,0.00430780559646539,1738,82,234,22.2036033111745,40,181.5,6.67288421152587e-05,237,81480,0.00430780559646539,22.0907220343745,40,136.5,15.1327459504216,114,48,43,0.00184210526315789,152.5,3.07053941908714e-05,0,0,NA,NA,0.592982456140351,0.108771929824561,0.298245614035088,0.559738493723849,0.0924297993070064,0.0633169286628517,7.02360461415226,3.09287223434227,6.94497310270167,2.9601348910179,1.79401624666652e-05,0.769014678736901,0.066351606805293,0.554793406182295,0.0448015122873346,"random",1
102311,138,1,1,24,1.37680361273268e-05,1,1,1,0,1,2.7225,1.1194154683281e-12,0,82071,0,0,0,0,0,0,0,0,0,0,4.149377593361e-07,0,0,NA,NA,1,0,0,-0.0113912133891213,0,0,NA,NA,NA,NA,-4.22094930585011e-08,NA,NA,NA,NA,"random",1
102389,150,48,36,237,0.000816326530612245,490,17,19,6.08276253029822,15,9.5,6.59661701912486e-06,0,82190,0,0,0,0,0,0,0,0,0,35,9.95850622406639e-06,0,0,NA,NA,1,0,0,-0.0113912133891213,-9.49586555677296e-19,-9.66646497075905e-19,NA,NA,NA,NA,-8.34192377692276e-08,NA,NA,NA,NA,"random",1
102047,174,126,240,240,0.00199181279403678,561,39,234,7.61577310586391,23,33.5,2.36450506319201e-05,126,81835,0.00199181279403678,7.61577310586391,22,33.5,5,37,24,22,0.000210526315789474,39.5,1.36929460580913e-05,0,0,NA,NA,0.884848484848485,0.0424242424242424,0.0727272727272727,0.128776150627615,0.0318651594387611,0.0209205020920502,3.2460076615382,1.13799225345042,3.05430289734174,1.06545788219773,8.29206101933957e-06,0.733411826268969,0.0478286384976526,0.580482513518228,0.0369718309859155,"random",1
102122,126,1,1,10,1.07942401934328e-05,1,1,1,0,1,2.7225,5.48673609109685e-16,0,82085,0,0,0,0,0,0,0,0,0,0,4.149377593361e-07,0,0,NA,NA,1,0,0,-0.0113912133891213,0,0,NA,NA,NA,NA,-4.2254250756499e-08,NA,NA,NA,NA,"random",1
102285,30,363,144,240,0.00625633881984921,4060,108,138,34.828149534536,54,687.5,0.000145617377654076,144,82044,0.00255960216469212,34.828149534536,29,687.5,21.9544984001001,66,32,28,0.00252631578947368,766.5,7.38589211618257e-05,0,0,NA,NA,0.57910447761194,0.125373134328358,0.295522388059701,2.86517782426778,0.1457244750399,0.0918598259418416,13.7082961357379,4.82014782905911,12.8514317896365,4.91837381531429,1.04993571659405e-05,0.775932375158381,0.0193477059148701,0.564594834989572,0.0132669983416252,"random",1
102221,210,1,1,3,1.01233018161203e-05,1,1,1,0,1,2.7225,1.5368521368355e-09,0,81920,0,0,0,0,0,0,0,0,0,0,4.149377593361e-07,0,0,NA,NA,1,0,0,-0.0113912133891213,0,0,NA,NA,NA,NA,-4.16407123576601e-08,NA,NA,NA,NA,"random",1
102154,42,33,177,216,0.000605368360936608,264,10,178,5.65685424949238,8,7,8.00288109556277e-06,0,81827,0,0,0,0,0,0,0,0,0,33.5,8.71369294605809e-06,0,0,NA,NA,1,0,0,-0.0113912133891213,-9.32724014579694e-19,9.52152759590393e-19,NA,NA,NA,NA,-4.19551221162567e-08,NA,NA,NA,NA,"random",1
102155,66,106,178,240,0.00177504651846048,1312,33,150,19.6468827043885,17,83.5,6.05908316150249e-05,68,81717,0.00123597293096908,12.8062484748657,13,46,17.2626765016321,33,14,14,0.00110526315789474,178.5,3.02904564315353e-05,0,0,NA,NA,0.891783567134269,0.0140280561122244,0.094188376753507,0.181077405857741,0.0535826296019485,0.0722287719733559,10.9060612494561,1.29524551648199,12.2583509960749,2.46918909140395,5.12933875102116e-06,0.733687069103736,0.0300684727597499,0.536165223665224,0.020244120273891,"random",1
102171,54,44,24,48,0.000888888888888889,213,17,20,3.60555127546399,7,5.445,7.86477123570007e-07,0,82185,0,0,0,0,0,0,0,0,0,5,3.3195020746888e-06,0,0,NA,NA,1,0,0,-0.0227824267782427,-0.00418410041841004,-0.00418410041841004,NA,NA,NA,NA,-1.71295242552993e-07,NA,NA,NA,NA,"random",1
102081,78,193,228,240,0.00336444939256396,2307,57,224,27.0185121722126,30,228,8.04047252068303e-05,145,81851,0.00232129112655924,27.0185121722126,23,228,21.6333076527839,45,31,23,0.00215789473684211,258.5,4.85477178423236e-05,0,0,NA,NA,0.631027253668763,0.0838574423480084,0.285115303983228,0.931192468619247,0.108864067666161,0.0863318311831964,12.3590769041547,7.17579268910846,11.1847291344997,7.09214791118571,9.58584836000636e-06,0.816790562378798,0.0303951367781155,0.646619475295946,0.023196288593825,"random",1
102213,210,9,12,12,0.000159321535369381,15,3,10,1.4142135623731,3,5.445,3.97374514810277e-08,0,82264,0,0,0,0,0,0,0,0,0,0,8.29875518672199e-07,0,0,NA,NA,1,0,0,-0.0113912133891213,0,-0.00418410041841004,NA,NA,NA,NA,-4.29019698997205e-08,NA,NA,NA,NA,"random",1
102084,150,0,1,-Inf,0,1,1,1,0,0,0,2.19968537063014e-10,0,82026,0,0,0,0,0,0,0,0,0,0,4.149377593361e-07,0,0,NA,NA,1,0,0,0,0,0,NA,NA,NA,NA,0,NA,NA,NA,NA,"random",1
102223,54,79,240,240,0.00121571678661739,619,35,174,18.7882942280559,17,65.5,4.09633638994565e-05,79,82256,0.00121571678661739,18.7882942280559,15,65.5,10.295630140987,21,19,11,0.000526315789473684,101,1.57676348547718e-05,0,0,NA,NA,0.91324200913242,0.0388127853881279,0.0479452054794521,0.262667364016736,0.0786121097408198,0.0430779503806987,5.60244600517061,2.06733128333673,5.3561885690585,1.57962084482064,5.04440594537206e-06,0.632356601731602,0.0218770509735288,0.52722582972583,0.0172828702690877,"random",1
102253,102,85,240,240,0.00151154994819284,874,27,234,14.142135623731,21,50.5,2.011655484853e-05,85,82035,0.00151154994819284,14.142135623731,21,50.5,13.8924439894498,39,22,20,0.000473684210526316,130.5,1.82572614107884e-05,0,0,NA,NA,0.914081145584726,0.0334128878281623,0.0525059665871122,0.199905857740586,0.0591721155804642,0.058127380708995,10.5723808869827,2.37858037726697,9.53253549430315,2.67151531012352,6.28259639894783e-06,0.599333279888835,0.0345885634588563,0.425105552883331,0.0237099023709902,"random",1
102084,186,84,69,192,0.00109787174037851,680,31,66,10.295630140987,10,16,7.75438134136366e-06,0,81976,0,0,0,0,0,0,0,0,0,45.5,1.16182572614108e-05,0,0,NA,NA,1,0,0,-0.0113912133891213,-1.87936854654005e-18,0,NA,NA,NA,NA,-8.42252613036088e-08,NA,NA,NA,NA,"random",1
102200,66,27,204,208,0.000684103152982568,416,23,201,8.06225774829855,5,7,7.76403344904618e-06,0,81953,0,0,0,0,0,0,0,0,0,36.5,1.03734439834025e-05,0,0,NA,NA,1,0,0,-0.0113912133891213,0,1.8675131400007e-18,NA,NA,NA,NA,-8.46315746356124e-08,NA,NA,NA,NA,"random",1
102207,138,49,94,240,0.000842820149508966,285,26,90,7.21110255092798,8,11,8.03118047783515e-06,3,81714,3.67134150818709e-05,0,1,2.7225,2.82842712474619,0,1,0,0.000157894736842105,17.5,6.63900414937759e-06,0,0,NA,NA,0.952380952380952,0,0.0476190476190476,1.80434883983793e-18,0,0.0118344231160928,NA,NA,NA,NA,1.11383099676512e-07,NA,NA,NA,NA,"random",1
102292,210,88,228,240,0.00163013065375538,1365,31,222,23.4093998214393,16,158.5,3.29530074336958e-05,33,82154,0.000803369282079996,16.1245154965971,10,48,21.4709105535839,33,14,11,0.00121052631578947,225,2.32365145228216e-05,0,0,NA,NA,0.833063209076175,0.0324149108589951,0.13452188006483,0.189445606694561,0.0674665920359711,0.0898364458308949,18.3817315762425,2.70612983518295,18.8900299812722,2.20723883014555,3.31855832117212e-06,0.732133719715957,0.0163771712158809,0.445386904761905,0.00818858560794045,"random",1
102147,102,33,82,240,0.000611523549771902,219,13,78,3.60555127546399,6,5.445,3.16912070685613e-06,16,82062,0.000280275888962004,2,4,1,4.47213595499958,7,4,4,0.000105263157894737,7,4.149377593361e-06,0,0,NA,NA,0.965936739659367,0.0170316301703163,0.0170316301703163,-0.0072071129707113,0.00836820083682008,0.0187118659205003,3.9393798101964,0.555321781812956,3.9393798101964,0.555321781812956,1.13062413833375e-06,0.495815295815296,0.0128348214285714,0.327849927849928,0.00892857142857143,"random",1
102145,198,16,10,240,0.000234860752296073,97,6,54,1.4142135623731,3,5.445,1.44559646896793e-06,3,81861,3.66474878147103e-05,0,1,2.7225,2.23606797749979,0,1,0,0.000157894736842105,2.5,2.0746887966805e-06,0,0,NA,NA,0.963157894736842,0.0210526315789474,0.0157894736842105,0,0,0.00935593296025017,NA,NA,NA,NA,1.11428712023785e-07,NA,NA,NA,NA,"random",1
102057,174,1,1,9,1.0495382031906e-05,1,1,1,0,1,2.7225,1.24119673774176e-11,0,82067,0,0,0,0,0,0,0,0,0,0,4.149377593361e-07,0,0,NA,NA,1,0,0,-0.0113912133891213,0,0,NA,NA,NA,NA,-4.24730024607159e-08,NA,NA,NA,NA,"random",1
102062,162,30,144,228,0.000575113493141466,224,14,18,6,7,5.445,2.30791406657298e-06,0,81812,0,0,0,0,0,0,0,0,0.000105263157894737,8.5,4.149377593361e-06,0,0,NA,NA,0.987590486039297,0.00206825232678387,0.0103412616339193,-0.0113912133891213,0,0,NA,NA,NA,NA,-4.19471304240735e-08,NA,NA,NA,NA,"random",1
101931,234,219,168,240,0.0036943706457167,2194,95,162,22.8254244210267,32,206.5,5.34141435981039e-05,18,81998,0.000317080904412303,7.28010988928052,3,1,7.21110255092798,8,3,3,0.000210526315789474,310,4.68879668049793e-05,0,0,NA,NA,0.848739495798319,0.0672268907563025,0.0840336134453782,-0.0072071129707113,0.0304607108338097,0.0301719772005355,6.30643549447578,1.15901122989555,6.30643549447578,1.15901122989555,1.28482928836943e-06,0.840277777777778,0.0213464696223317,0.626388888888889,0.0147783251231527,"random",1
102353,150,31,48,240,0.000583223740636972,441,18,42,5.3851648071345,4,5.5,7.93448378550233e-06,12,81868,0.000171006986856892,0,1,2.7225,7.81024967590665,2,3,2,0,32.5,9.12863070539419e-06,0,0,NA,NA,1,0,0,0,0,0.0326788689368479,7.81024967590665,0,7.81024967590665,0,6.31367292633572e-07,NA,NA,NA,NA,"random",1
102111,162,51,239,240,0.000881434779947359,264,17,222,9.4339811320566,8,29,1.3401086196502e-05,51,81685,0.000881434779947359,9.4339811320566,8,29,6.40312423743285,21,10,9,0.000526315789473684,22.5,4.9792531120332e-06,0,0,NA,NA,0.924603174603175,0.0178571428571429,0.0575396825396825,0.10994769874477,0.0394727244019105,0.0267913148009743,3.55471967761891,1.28820185345409,3.29388735858976,1.02756782361856,3.64609307807082e-06,0.675097125097125,0.0215698022768125,0.50140207015207,0.0152786099460755,"random",1
102114,102,100,105,192,0.00173790662217057,981,40,102,15.0332963783729,14,45.5,1.54222191196442e-05,0,81709,0,0,0,0,0,0,0,0,0,90.5,2.03319502074689e-05,0,0,NA,NA,1,0,0,-0.0113912133891213,-3.74731160161938e-18,0,NA,NA,NA,NA,-4.21818333979564e-08,NA,NA,NA,NA,"random",1
102313,42,135,108,240,0.00268876073679344,1876,42,126,20.3960780543711,29,183,4.2460579290612e-05,45,81664,0.000746963166144201,19.4164878389476,11,91.5,10.4403065089106,16,11,9,0.000315789473684211,247.5,3.85892116182573e-05,0,0,NA,NA,0.921985815602837,0.0189125295508274,0.0591016548463357,0.371453974895397,0.0812405348909941,0.0436832908322617,5.70590246424611,3.6052755376079,4.6623814436728,2.91348917984349,2.95820881456379e-06,0.749404761904762,0.0170248395199553,0.570404595404595,0.01255930784259,"random",1
102364,114,38,60,156,0.000693270411948576,406,14,59,5.8309518948453,10,14.5,4.56662909187186e-06,0,81973,0,0,0,0,0,0,0,0,0,22.5,9.95850622406639e-06,0,0,NA,NA,1,0,0,-0.0113912133891213,0,0,NA,NA,NA,NA,-4.23775033768511e-08,NA,NA,NA,NA,"random",1
102080,66,17,12,240,0.000403447643498991,144,10,7,3.60555127546399,6,5.445,7.0956668892168e-07,4,82150,0.000109555690809495,1.4142135623731,2,5.445,1.4142135623731,5,2,2,0,5.5,4.5643153526971e-06,0,0,NA,NA,1,0,0,0.0113912133891213,0.00591721155804642,0.00591721155804642,0.707106781186548,1,0.707106781186548,1,3.73884363665168e-07,NA,NA,NA,NA,"random",1
102320,54,1,1,14,1.33976420150054e-05,1,1,1,0,1,2.7225,1.05285470401757e-07,0,81936,0,0,0,0,0,0,0,0,0,0,4.149377593361e-07,0,0,NA,NA,1,0,0,-0.0113912133891213,0,0,NA,NA,NA,NA,-4.25101133685209e-08,NA,NA,NA,NA,"random",1
102083,66,259,227,240,0.00434989797289867,2959,84,222,34.7131099154196,45,603.5,0.000124539970653127,162,81690,0.00287672909780879,32.6955654485436,44,571,19.8494332412792,73,45,40,0.00326315789473684,654,6.18257261410788e-05,0,0,NA,NA,0.530952380952381,0.152380952380952,0.316666666666667,2.37773012552301,0.136801529073404,0.0830520219300385,13.3182876899378,3.06313280357893,13.6017519880491,2.70796564241562,1.1952425126866e-05,0.632423871434567,0.022300246726134,0.477091040272858,0.0153729360409945,"random",1
102222,90,98,144,240,0.00153875551890256,1611,32,150,21.2602916254693,17,161,5.84964843781654e-05,69,82184,0.00144797040786528,21.2602916254693,17,161,17.0293863659264,50,19,22,0.000473684210526316,161.5,2.86307053941909e-05,0,0,NA,NA,0.830065359477124,0.0544662309368192,0.115468409586057,0.662248953974895,0.0889551950856456,0.0712526626189389,10.4128192540485,4.81866556322967,9.25730688316195,4.93143609998529,5.97327412606086e-06,0.605572328870384,0.0223055295220244,0.381593693142606,0.012933458294283,"random",1
102246,90,29,164,168,0.000512995896032832,107,12,152,2.23606797749979,4,5.445,3.66063524210446e-06,0,81983,0,0,0,0,0,0,0,0,0,4,2.4896265560166e-06,0,0,NA,NA,1,0,0,-0.0113912133891213,0,0,NA,NA,NA,NA,-4.20584463517389e-08,NA,NA,NA,NA,"random",1
102269,162,113,131,240,0.00186945578065052,1638,34,128,14.3178210632764,15,60,3.92426305217258e-05,85,81896,0.00133095633486373,14.3178210632764,13,60,14.142135623731,24,14,14,0.000315789473684211,160.5,3.44398340248963e-05,0,0,NA,NA,0.945996275605214,0.0186219739292365,0.0353817504655493,0.239654811715481,0.0599072011015747,0.0591721155804642,10.440482491598,2.23518291794745,10.8989917777467,1.38585422700315,5.52654558869103e-06,0.643407055907056,0.0339246809835045,0.504939196605863,0.0264550264550265,"random",1
102221,186,6,179,180,9.64237502410594e-05,13,3,174,0,1,2.7225,7.14201491804771e-07,0,81693,0,0,0,0,0,0,0,0,0,0,8.29875518672199e-07,0,0,NA,NA,1,0,0,-0.0113912133891213,0,-0.00418410041841004,NA,NA,NA,NA,-4.22802964643652e-08,NA,NA,NA,NA,"random",1
102441,222,1,1,12,2.31098991252903e-05,5,2,13,0,1,2.7225,1.75005191469582e-09,0,82141,0,0,0,0,0,0,0,0,0,0,4.149377593361e-07,0,0,NA,NA,1,0,0,-0.0113912133891213,0,0,NA,NA,NA,NA,-4.18740847110221e-08,NA,NA,NA,NA,"random",1
102224,138,40,24,240,0.000732734933137937,321,11,44,5.8309518948453,7,7.5,1.04722889208249e-05,17,82285,0.000291669198517348,3.16227766016838,5,1.5,5,7,6,5,0.000421052631578947,16,7.46887966804979e-06,0,0,NA,NA,0.901898734177215,0.0221518987341772,0.0759493670886076,-0.00511506276150627,0.0132312872810392,0.0209205020920502,4.18885438199983,0.752910159315844,4.08991891510273,0.571905517950176,1.05171049587584e-06,0.763605442176871,0.0130576713819369,0.591836734693878,0.00924918389553863,"random",1
102163,210,42,24,240,0.000662625469359707,261,11,21,4.24264068711928,9,5.445,3.58229477281643e-06,31,82162,0.000535527372751394,1.4142135623731,3,0.5,5.09901951359278,13,2,4,0,9.5,4.5643153526971e-06,0,0,NA,NA,1,0,0,-0.00929916317991632,0.00591721155804642,0.0213348096803045,4.33630769120703,0.511775480953367,4.12310562561766,0,2.19876368472217e-06,0.584090909090909,0.0279365079365079,0.39572192513369,0.0196825396825397,"random",1
102163,222,107,191,240,0.00167281168919842,844,37,186,9.21954445729289,13,26.5,3.26361564255088e-05,54,81800,0.000819070904645477,9.05538513813742,9,15.5,13.8924439894498,13,12,7,0.000578947368421053,73.5,1.74273858921162e-05,0,0,NA,NA,0.826972010178117,0.0610687022900763,0.111959287531807,0.0534623430962343,0.0378886407453448,0.058127380708995,10.5546122620147,2.89255135332411,9.47809205596646,2.44929028205587,3.30127262119044e-06,0.780710955710956,0.0245691235790246,0.676602564102564,0.0198019801980198,"random",1
102150,30,0,1,-Inf,9.96075462677052e-06,2,1,1,0,1,2.7225,6.42612485267822e-12,0,81881,0,0,0,0,0,0,0,0,0,0,4.149377593361e-07,0,0,NA,NA,1,0,0,0,0,0,NA,NA,NA,NA,0,NA,NA,NA,NA,"random",1
102187,222,46,48,240,0.000852411105698977,375,16,44,15.2643375224737,8,14,9.94922815605427e-06,32,82300,0.000656136087484812,7.28010988928052,8,10,16.1554944214035,22,6,8,0.000473684210526316,61.5,8.29875518672199e-06,0,0,NA,NA,0.934924078091106,0.0130151843817787,0.052060737527115,0.0304497907949791,0.0304607108338097,0.0675962109682155,13.0300515565856,1.95455699992766,12.4274915531141,1.808022244535,2.70338583877743e-06,0.602991452991453,0.021301775147929,0.341534391534392,0.0126232741617357,"random",1
102182,66,23,132,144,0.000548967940272288,83,11,130,1.4142135623731,2,5.445,1.69113222833957e-06,0,81928,0,0,0,0,0,0,0,0,0,0,8.29875518672199e-07,0,0,NA,NA,1,0,0,-0.0113912133891213,0,0,NA,NA,NA,NA,-4.20550644622131e-08,NA,NA,NA,NA,"random",1
102295,222,70,240,240,0.00131934179503781,953,27,102,10.770329614269,16,19.5,2.38984079308645e-05,70,81859,0.00131934179503781,10.770329614269,11,13,12.6491106406735,38,16,14,0.000578947368421053,106,2.32365145228216e-05,0,0,NA,NA,0.912280701754386,0.0307017543859649,0.0570175438596491,0.0430020920502092,0.045064140645477,0.052925149124157,8.71846396839903,2.19855554756001,8.60693571250531,2.10919451059422,5.47855184806109e-06,0.736932858807859,0.0396184886280264,0.521369776057276,0.0256786500366838,"random",1
102245,162,59,34,240,0.000887833472391588,294,32,30,4.47213595499958,7,5.445,8.80474965169834e-06,37,82250,0.000498480243161094,3.16227766016838,5,4.5,3.60555127546399,4,4,3,0.000210526315789474,14,5.39419087136929e-06,0,0,NA,NA,1,0,0,0.00743723849372385,0.0132312872810392,0.0150859886002677,2.81132613340339,0.802912235219199,1.95710678118655,1.10738914992796,2.04370848757172e-06,0.704040404040404,0.0205410821643287,0.645833333333333,0.0185370741482966,"random",1
102063,234,53,131,180,0.00100201541737358,196,17,127,3.16227766016838,6,5.445,7.48617590098408e-06,0,82150,0,0,0,0,0,0,0,0,0,5.5,3.3195020746888e-06,0,0,NA,NA,1,0,0,-0.0113912133891213,0,0,NA,NA,NA,NA,-4.24092886520374e-08,NA,NA,NA,NA,"random",1
102142,78,31,24,108,0.000502149444573724,173,13,31,3.16227766016838,5,5.445,1.35783073169438e-06,0,81997,0,0,0,0,0,0,0,0,0,5.5,3.3195020746888e-06,0,0,NA,NA,1,0,0,-0.0113912133891213,0,0,NA,NA,NA,NA,-8.43441096287868e-08,NA,NA,NA,NA,"random",1
102148,54,22,47,72,0.000404357255762091,116,7,24,5,7,5.5,1.62712119954736e-06,0,81884,0,0,0,0,0,0,0,0,0,6.5,3.7344398340249e-06,0,0,NA,NA,1,0,0,-0.0227824267782427,-0.00418410041841004,-0.00418410041841004,NA,NA,NA,NA,-1.24779327758858e-07,NA,NA,NA,NA,"random",1
102090,186,8,23,24,0.000122184661752128,13,3,13,1,2,5.445,6.6791345311963e-08,0,81996,0,0,0,0,0,0,0,0,0,0,8.29875518672199e-07,0,0,NA,NA,1,0,0,-0.0113912133891213,0,0,NA,NA,NA,NA,-4.19690096635743e-08,NA,NA,NA,NA,"random",1
102182,102,70,71,240,0.00116945784842464,608,26,66,8.06225774829855,14,23.5,8.1247343022609e-06,4,82072,7.31065405984989e-05,0,1,2.7225,7.81024967590665,2,1,1,0,47.5,1.41078838174274e-05,0,0,NA,NA,1,0,0,0,0,0.0326788689368479,NA,NA,NA,NA,2.64323810449095e-07,NA,NA,NA,NA,"random",1
102191,222,21,36,51,0.000332909630167665,106,8,33,2.23606797749979,4,5.445,3.09864120019582e-07,0,82013,0,0,0,0,0,0,0,0,0,3.5,2.9045643153527e-06,0,0,NA,NA,1,0,0,-0.0113912133891213,0,0,NA,NA,NA,NA,-8.49399693137373e-08,NA,NA,NA,NA,"random",1
102350,66,6,12,24,0.000135421283301325,22,3,8,1,2,5.445,3.24854909195315e-07,0,81968,0,0,0,0,0,0,0,0,0,0,1.2448132780083e-06,0,0,NA,NA,1,0,0,-0.0113912133891213,0,0,NA,NA,NA,NA,-4.23273453825459e-08,NA,NA,NA,NA,"random",1
102244,150,23,24,192,0.000490166043747319,231,9,12,4.47213595499958,7,5.445,2.95917967061108e-06,0,81847,0,0,0,0,0,0,0,0,0,11,5.80912863070539e-06,0,0,NA,NA,1,0,0,-0.0113912133891213,0,0,NA,NA,NA,NA,-4.20711332831593e-08,NA,NA,NA,NA,"random",1
102147,174,85,131,240,0.00144964611580114,907,29,126,17.7200451466693,13,56,2.37078233193725e-05,61,81899,0.000964602742402227,13.3416640641263,10,27,7.81024967590665,18,10,11,0.000157894736842105,155.5,2.28215767634855e-05,0,0,NA,NA,0.988,0.002,0.01,0.10157949790795,0.0558228621929972,0.0326788689368479,6.04897707593437,1.32320216456236,5.69509264311415,1.23194506837634,3.99429717352263e-06,0.69181459566075,0.0253856041131105,0.533342725650418,0.0196015424164524,"random",1
102274,162,56,132,216,0.000976228828037292,554,24,126,7.07106781186548,9,14.5,1.48717296421995e-05,0,81769,0,0,0,0,0,0,0,0,0,30,1.20331950207469e-05,0,0,NA,NA,1,0,0,-0.0113912133891213,0,0,NA,NA,NA,NA,-4.1485885008428e-08,NA,NA,NA,NA,"random",1
102194,138,105,227,240,0.00171982679758492,660,35,222,27.0739727413618,18,124,2.19786130289639e-05,51,82301,0.000838385924836879,27.0739727413618,13,124,27.1661554144122,18,14,10,0.00136842105263158,186,1.45228215767635e-05,0,0,NA,NA,0.628691983122363,0.10126582278481,0.270042194092827,0.507437238493724,0.113280220675154,0.113665922236035,6.96247776752374,8.54555786728062,5.79694887558247,7.24056612891967,3.46564987219206e-06,0.709259082420847,0.0111075338055377,0.547224476911977,0.00820991629104958,"random",1
102354,222,83,238,240,0.00165720273925865,891,28,234,24.0831891575846,14,113.5,2.81589921938224e-05,82,82066,0.00165720273925865,24.0831891575846,14,113.5,19.4164878389476,54,19,21,0.000526315789473684,178,1.99170124481328e-05,0,0,NA,NA,0.892950391644909,0.0182767624020888,0.0887728459530026,0.463504184100418,0.100766481830898,0.0812405348909941,10.6071779013194,5.1538496115283,11.3251363379624,4.99491103026476,6.89126042262129e-06,0.60908876275009,0.0262852725164283,0.39226095541885,0.0158484731349053,"random",1
102165,78,80,240,240,0.00150029274004684,606,20,234,13,11,29.5,8.04232415348716e-06,80,81984,0.00150029274004684,5.3851648071345,10,7,8.06225774829855,43,16,14,0.000210526315789474,64,1.28630705394191e-05,0,0,NA,NA,0.986516853932584,0.00224719101123596,0.0112359550561798,0.017897489539749,0.0225320703227385,0.0337332960179856,6.26674277284678,1.66851131864067,6.10839992624094,1.61243512443334,6.23522381943498e-06,0.709353116246499,0.0619023653749371,0.475086076097106,0.0402617010568697,"random",1
102143,174,22,23,72,0.000365488726957078,66,6,18,1,2,5.445,9.84998684034927e-07,0,82024,0,0,0,0,0,0,0,0,0,0,8.29875518672199e-07,0,0,NA,NA,1,0,0,-0.0113912133891213,0,0,NA,NA,NA,NA,-8.47472816991593e-08,NA,NA,NA,NA,"random",1
102130,198,0,1,-Inf,0,1,1,1,0,0,0,1.50837927116401e-13,0,81952,0,0,0,0,0,0,0,0,0,0,4.149377593361e-07,0,0,NA,NA,1,0,0,0,0,0,NA,NA,NA,NA,0,NA,NA,NA,NA,"random",1
101981,30,288,216,240,0.00509441818315413,3051,116,222,37.6961536499415,46,544.5,0.000134444723230602,217,81897,0.00345556003272403,26.2488094968134,31,283,27.0185121722126,66,42,31,0.00363157894736842,659.5,5.64315352697095e-05,0,0,NA,NA,0.501144164759725,0.137299771167048,0.361556064073227,1.1613179916318,0.105643554379972,0.108864067666161,18.1759787140821,6.64742489325072,19.1829124899933,6.70577922001856,1.42050254122622e-05,0.807332902903471,0.0378595317725752,0.639458036298964,0.0290301003344482,"random",1
102187,210,69,156,192,0.00118634117704613,859,20,150,8.60232526704263,9,10,9.30459331577166e-06,0,82056,0,0,0,0,0,0,0,0,0,75,1.74273858921162e-05,0,0,NA,NA,1,0,0,-0.0113912133891213,-1.88209039299817e-18,0,NA,NA,NA,NA,-4.23753574414367e-08,NA,NA,NA,NA,"random",1
102325,234,1,1,9,1.02734800386283e-05,1,1,1,0,1,2.7225,1.04339238447233e-10,0,82392,0,0,0,0,0,0,0,0,0,0,4.149377593361e-07,0,0,NA,NA,1,0,0,-0.0113912133891213,0,0,NA,NA,NA,NA,-4.1608826929832e-08,NA,NA,NA,NA,"random",1
102250,54,21,141,228,0.000449973852870712,274,11,36,5.09901951359278,7,5.5,5.55877457977288e-06,0,81803,0,0,0,0,0,0,0,0,5.26315789473684e-05,11.5,6.22406639004149e-06,0,0,NA,NA,0.988738738738739,0.0045045045045045,0.00675675675675676,-0.0113912133891213,0,0,NA,NA,NA,NA,-4.15753377757136e-08,NA,NA,NA,NA,"random",1
102327,42,40,180,228,0.000706817129347535,278,10,174,5.3851648071345,7,5.5,7.93352399970394e-06,0,81686,0,0,0,0,0,0,0,0,5.26315789473684e-05,14.5,6.63900414937759e-06,0,0,NA,NA,0.98371335504886,0,0.0162866449511401,-0.0113912133891213,0,0,NA,NA,NA,NA,-4.20208534368098e-08,NA,NA,NA,NA,"random",1
102243,30,3,23,23,5.69579877882074e-05,5,1,1,0,1,2.7225,3.0672578116284e-08,0,81850,0,0,0,0,0,0,0,0,0,0,4.149377593361e-07,0,0,NA,NA,1,0,0,-0.0113912133891213,0,0,NA,NA,NA,NA,-4.21601565693303e-08,NA,NA,NA,NA,"random",1
102069,30,67,96,228,0.00126305979300535,614,24,90,11.1803398874989,12,24.5,1.15697912675375e-05,0,81852,0,0,0,0,0,0,0,0,0.000157894736842105,45.5,1.41078838174274e-05,0,0,NA,NA,0.863874345549738,0.0366492146596859,0.0994764397905759,-0.0113912133891213,0,-9.55250425852357e-19,NA,NA,NA,NA,-4.26261783900454e-08,NA,NA,NA,NA,"random",1
102240,102,4,12,12,7.3848880574052e-05,11,3,10,1,2,5.445,2.1063626476422e-10,0,81916,0,0,0,0,0,0,0,0,0,0,8.29875518672199e-07,0,0,NA,NA,1,0,0,-0.0113912133891213,0,0,NA,NA,NA,NA,-4.2306374301416e-08,NA,NA,NA,NA,"random",1
102067,198,95,23,240,0.00151932855479998,849,28,19,9.05538513813742,15,20.5,1.24286859854887e-05,24,82030,0.000670486407411922,2.23606797749979,5,2,7.61577310586391,31,6,7,0.000263157894736842,82.5,2.03319502074689e-05,0,0,NA,NA,0.980337078651685,0,0.0196629213483146,-0.00302301255230125,0.00935593296025017,0.0318651594387611,7.06353688393384,0.539309253450437,7.12275904250625,0.565300227201904,2.72125626311438e-06,0.45984507838223,0.0366666666666667,0.201498845152096,0.016,"random",1
102314,234,108,228,240,0.00204290091930541,702,33,222,16.4012194668567,17,45,2.16377188502215e-05,91,82300,0.00155528554070474,16.4012194668567,17,45,16.4924225024706,37,21,16,0.00131578947368421,89.5,1.86721991701245e-05,0,0,NA,NA,0.72069825436409,0.0748129675810474,0.204488778054863,0.176893305439331,0.0686243492337101,0.0690059518931826,12.6257954363825,3.44894799011689,13.0918069730819,2.5169067699345,6.46524008719322e-06,0.716630545380545,0.0335166273893689,0.551918498168498,0.0238282272846295,"random",1
102164,210,1,1,10,1.07839965491211e-05,1,1,1,0,1,2.7225,1.06756929513237e-09,0,81958,0,0,0,0,0,0,0,0,0,0,4.149377593361e-07,0,0,NA,NA,1,0,0,-0.0113912133891213,0,0,NA,NA,NA,NA,-4.21839597770881e-08,NA,NA,NA,NA,"random",1
102283,162,33,36,228,0.000610530428836573,165,13,34,5.8309518948453,5,6.5,1.50435475353786e-06,0,82165,0,0,0,0,0,0,0,0,0.000105263157894737,4,2.9045643153527e-06,0,0,NA,NA,0.949090909090909,0.00727272727272727,0.0436363636363636,-0.0113912133891213,0,0,NA,NA,NA,NA,-4.16851019029833e-08,NA,NA,NA,NA,"random",1
102250,150,21,35,60,0.000474781782988203,170,10,30,4.47213595499958,6,5.445,9.18438042210413e-07,0,82399,0,0,0,0,0,0,0,0,0,5,3.3195020746888e-06,0,0,NA,NA,1,0,0,-0.0113912133891213,0,0,NA,NA,NA,NA,-4.21618559075569e-08,NA,NA,NA,NA,"random",1
102233,138,7,36,46,0.000122331641078965,22,3,37,2.23606797749979,3,5.445,1.10626721267e-07,0,81827,0,0,0,0,0,0,0,0,0,1.5,1.6597510373444e-06,0,0,NA,NA,1,0,0,-0.0113912133891213,0,0,NA,NA,NA,NA,-4.18401673807528e-08,NA,NA,NA,NA,"random",1
102279,210,85,228,240,0.00159713247665261,618,25,224,6.70820393249937,6,7.5,1.5677218264758e-05,13,81627,0.000257267815796244,6.32455532033676,5,7,6.32455532033676,8,7,4,0.00105263157894737,23.5,9.54356846473029e-06,0,0,NA,NA,0.81198003327787,0.0532445923460899,0.13477537437604,0.017897489539749,0.0264625745620785,0.0205453630040321,5.93296829274293,0.632336658547214,5.45711435834349,1.19298785686254,9.51478662104002e-07,0.743537414965986,0.0092511013215859,0.514795918367347,0.00572687224669604,"random",1
102077,174,74,47,240,0.00122829128660842,395,26,42,6.32455532033676,11,13,2.99077634740857e-06,2,81919,3.66215407902929e-05,0,1,2.7225,1.4142135623731,1,1,1,0,27,9.54356846473029e-06,0,0,NA,NA,1,0,0,0,0,0.00591721155804642,NA,NA,NA,NA,1.10902999619631e-07,NA,NA,NA,NA,"random",1
102143,138,23,24,84,0.00050125313283208,148,10,57,4.12310562561766,5,5.445,8.8719655714093e-07,0,82029,0,0,0,0,0,0,0,0,0,5,3.3195020746888e-06,0,0,NA,NA,1,0,0,-0.0113912133891213,0,0,NA,NA,NA,NA,-1.26052432769935e-07,NA,NA,NA,NA,"random",1
102318,186,109,203,216,0.00185699894405942,1009,42,198,20.0997512422418,18,90.5,2.85249990936445e-05,0,82049,0,0,0,0,0,0,0,0,5.26315789473684e-05,133.5,2.36514522821577e-05,0,0,NA,NA,1,0,0,-0.0227824267782427,-0.00418410041841004,-0.00418410041841004,NA,NA,NA,NA,-8.45717026803989e-08,NA,NA,NA,NA,"random",1
102161,78,69,226,240,0.00125061304561059,389,28,213,9.21954445729289,14,31.5,1.47157725669236e-05,53,81968,0.000975990630489947,9.21954445729289,14,31.5,7.28010988928052,27,14,10,0.000631578947368421,26.5,9.54356846473029e-06,0,0,NA,NA,0.844488188976378,0.047244094488189,0.108267716535433,0.120407949790795,0.0385754998213092,0.0304607108338097,3.33392066895732,2.28156208016914,3.61592188212675,2.2352340299602,4.04121674585204e-06,0.645452298566485,0.0252764612954186,0.513031950748214,0.0167456556082148,"random",1
102148,222,22,36,132,0.000538094655741715,160,13,36,4,6,5.445,1.39541723323019e-06,0,81901,0,0,0,0,0,0,0,0,0,9,4.9792531120332e-06,0,0,NA,NA,1,0,0,-0.0113912133891213,0,0,NA,NA,NA,NA,-4.21469913412379e-08,NA,NA,NA,NA,"random",1
102246,138,219,202,240,0.00359650625107039,4154,79,198,49.8196748283246,39,796.5,0.00013528288653548,204,81716,0.00348768906946008,47.4130783645188,37,577.5,28.3019433961698,81,45,34,0.00205263157894737,1170,9.08713692946058e-05,0,0,NA,NA,0.663157894736842,0.0710526315789474,0.265789473684211,2.40492677824268,0.198381081023091,0.118418173205731,20.6375107583427,5.77656469626861,19.4976544764116,5.62839018307876,1.45095399734823e-05,0.701453019203019,0.0240648484336739,0.528434172037113,0.0172253651946297,"random",1
102175,210,122,59,216,0.00212148552756712,1462,41,54,15.8113883008419,24,98,1.92792703609823e-05,0,82295,2.43028130506106e-05,1,2,5.445,13.0384048104053,2,0,2,0,167.5,3.44398340248963e-05,0,0,NA,NA,0.893939393939394,0.0242424242424242,0.0818181818181818,0.0113912133891213,0.00418410041841004,0.0545539950226163,13.0192024052026,0.0271563018677701,NA,NA,1.72689789329102e-08,NA,NA,NA,NA,"random",1
102159,222,57,168,240,0.00126216209592432,350,31,166,7.21110255092798,9,10.5,1.08473947671004e-05,4,82302,4.86014920658064e-05,0,1,2.7225,2.23606797749979,0,1,0,0,23.5,7.88381742738589e-06,0,0,NA,NA,1,0,0,0.0113912133891213,0,0.00935593296025017,NA,NA,NA,NA,2.03353523287893e-07,NA,NA,NA,NA,"random",1
102267,210,4,10,12,6.93110481810801e-05,8,4,6,0,1,2.7225,5.4310494149728e-08,0,82034,0,0,0,0,0,0,0,0,0,0,4.149377593361e-07,0,0,NA,NA,1,0,0,-0.0113912133891213,0,0,NA,NA,NA,NA,-8.45178903033005e-08,NA,NA,NA,NA,"random",1
102192,78,38,48,84,0.000646073579247629,162,9,43,3.16227766016838,6,5.445,1.44846674112497e-06,0,81976,0,0,0,0,0,0,0,0,0,8,5.39419087136929e-06,0,0,NA,NA,1,0,0,-0.0113912133891213,0,0,NA,NA,NA,NA,-4.2209067250525e-08,NA,NA,NA,NA,"random",1
102180,210,1,1,1,1.03311121442223e-05,1,1,1,0,1,2.7225,7.15408101109562e-14,0,82002,0,0,0,0,0,0,0,0,0,0,4.149377593361e-07,0,0,NA,NA,1,0,0,-0.0113912133891213,0,0,NA,NA,NA,NA,-4.32264106452817e-08,NA,NA,NA,NA,"random",1
102089,66,227,168,240,0.00420554445248225,3748,78,210,48.3735464897913,40,783,0.000129054148061893,127,81959,0.00233043350943765,48.3735464897913,27,783,26,64,30,27,0.00210526315789474,893.5,7.34439834024896e-05,0,0,NA,NA,0.611111111111111,0.106481481481481,0.282407407407407,3.26475941422594,0.202399776107913,0.108786610878661,16.6038830031047,6.61117605306095,16.09974883539,6.23655138767098,9.66508950885228e-06,0.723306296877725,0.0137163375224417,0.518482110793035,0.00912028725314183,"random",1
102209,90,2,11,12,7.38434273196067e-05,9,3,10,0,1,2.7225,2.48678601668431e-08,0,81863,0,0,0,0,0,0,0,0,0,0,4.149377593361e-07,0,0,NA,NA,1,0,0,-0.0113912133891213,0,0,NA,NA,NA,NA,-4.23483372645295e-08,NA,NA,NA,NA,"random",1
102225,42,1,1,7,1.0334849111203e-05,1,1,1,0,1,2.7225,3.72546949039906e-13,0,82192,0,0,0,0,0,0,0,0,0,0,4.149377593361e-07,0,0,NA,NA,1,0,0,-0.0113912133891213,0,0,NA,NA,NA,NA,-4.18200941370319e-08,NA,NA,NA,NA,"random",1
102259,66,159,214,240,0.00256226299067336,2293,64,210,25.5538646783613,25,177.5,9.81363135565703e-05,140,81728,0.00237372748629601,25.5538646783613,18,177.5,19.9248588451713,54,27,26,0.00115789473684211,343.5,4.68879668049793e-05,0,0,NA,NA,0.854126679462572,0.0460652591170825,0.0998080614203455,0.731286610878661,0.106919935892725,0.0833676102308422,14.8530790241562,3.14348297947624,13.9759573349277,3.87378093703528,9.72025388843206e-06,0.743270886819274,0.0342031029619182,0.54023387007258,0.0246826516220028,"random",1
102058,102,96,24,228,0.00174994187256018,981,33,23,8.54400374531753,9,12,1.56223770179256e-05,0,82036,0,0,0,0,0,0,0,0,0.000157894736842105,73,1.74273858921162e-05,0,0,NA,NA,0.958139534883721,0.013953488372093,0.027906976744186,-0.0113912133891213,9.71581504601093e-19,0,NA,NA,NA,NA,-8.4164269633199e-08,NA,NA,NA,NA,"random",1
102172,186,65,82,214,0.00104677629416848,357,19,78,8.24621125123532,12,14.5,6.20077251536607e-06,0,81701,0,0,0,0,0,0,0,0,0,25.5,9.12863070539419e-06,0,0,NA,NA,1,0,0,-0.0113912133891213,0,0,NA,NA,NA,NA,-4.18946293096166e-08,NA,NA,NA,NA,"random",1
102267,78,91,204,240,0.00168161434977578,1665,29,157,29.9666481275434,18,161,4.20052584457303e-05,44,82064,0.00087736400857867,29.5465734053883,9,114,17.0293863659264,28,12,9,0.000789473684210526,267.5,3.40248962655602e-05,0,0,NA,NA,0.911528150134048,0.0160857908847185,0.0723860589812333,0.465596234309623,0.123625830148068,0.0712526626189389,13.1730346111075,5.50273150593265,12.9242730764372,5.41511340725849,3.62878537150896e-06,0.792861652236652,0.0131747483989021,0.530713383838384,0.0080512351326624,"random",1
102188,66,80,57,228,0.00115977964186805,472,38,54,8.94427190999916,10,24,8.6355864999473e-06,0,82150,0,0,0,0,0,0,0,0,5.26315789473684e-05,36.5,9.12863070539419e-06,0,0,NA,NA,0.983333333333333,0.00833333333333333,0.00833333333333333,-0.0113912133891213,0,1.8850969514289e-18,NA,NA,NA,NA,-4.23307712069652e-08,NA,NA,NA,NA,"random",1
102369,198,15,185,192,0.000267789760693332,52,7,181,1.4142135623731,3,2.7225,2.81436014990671e-06,0,82069,0,0,0,0,0,0,0,0,0,2,2.0746887966805e-06,0,0,NA,NA,1,0,0,-0.0113912133891213,0,0,NA,NA,NA,NA,-4.19879620512799e-08,NA,NA,NA,NA,"random",1
101987,42,109,48,240,0.00207582880517736,2306,40,150,21.4709105535839,21,175,4.82007084122897e-05,48,81880,0.000732779677576942,20.2484567313166,11,168,15.8113883008419,12,10,8,0.000684210526315789,308.5,4.73029045643154e-05,0,0,NA,NA,0.845528455284553,0.0203252032520325,0.134146341463415,0.691537656903766,0.0847215762816594,0.0661564364051962,11.1782920340435,1.86571692896216,11.6027790577244,2.37475569214372,3.02390434204467e-06,0.589731102231102,0.0126289202273206,0.47202380952381,0.0101031361818565,"random",1
102291,210,46,156,216,0.000898647171690185,240,18,152,3.16227766016838,5,5.445,6.43977010061052e-06,0,82003,0,0,0,0,0,0,0,0,0,10,5.39419087136929e-06,0,0,NA,NA,1,0,0,-0.0113912133891213,0,0,NA,NA,NA,NA,-4.2113478389279e-08,NA,NA,NA,NA,"random",1
102166,42,48,132,204,0.000843314593009044,327,18,126,4,7,5.445,7.70442390305816e-06,0,82206,0,0,0,0,0,0,0,0,0,9.5,6.22406639004149e-06,0,0,NA,NA,1,0,0,-0.0113912133891213,0,0,NA,NA,NA,NA,-4.25892981526426e-08,NA,NA,NA,NA,"random",1
102160,222,126,168,240,0.00239081925406439,1393,40,174,15.2643375224737,26,105,3.98064370158855e-05,9,81878,0.00018319939422067,11.1803398874989,4,11.5,7.07106781186548,6,3,3,5.26315789473684e-05,112.5,2.73858921161826e-05,0,0,NA,NA,0.967302452316076,0.00544959128065395,0.0272479564032698,0.0367259414225941,0.0467796648012508,0.0295860577902321,4.96649831220389,2.12151874191907,4.2761423749154,1.25375818409268,7.24378944287931e-07,0.386500754147813,0.00659340659340659,0.281135531135531,0.00395604395604396,"random",1
102202,102,24,24,216,0.000423784394644172,156,10,21,5,6,5.445,1.37375204875442e-06,0,81803,0,0,0,0,0,0,0,0,0,8,4.149377593361e-06,0,0,NA,NA,1,0,0,-0.0113912133891213,0,0,NA,NA,NA,NA,-4.20795954905317e-08,NA,NA,NA,NA,"random",1
102180,162,32,21,24,0.000480626187261117,62,11,20,2.23606797749979,5,5.445,5.02624923418886e-07,0,82192,0,0,0,0,0,0,0,0,0,1.5,2.0746887966805e-06,0,0,NA,NA,1,0,0,-0.0113912133891213,0,0,NA,NA,NA,NA,-4.24605029217284e-08,NA,NA,NA,NA,"random",1
102063,222,1,1,10,1.34316530335388e-05,2,1,1,0,1,2.7225,9.60387392897003e-10,0,82081,0,0,0,0,0,0,0,0,0,0,8.29875518672199e-07,0,0,NA,NA,1,0,0,-0.0113912133891213,0,0,NA,NA,NA,NA,-4.20707102621317e-08,NA,NA,NA,NA,"random",1
102086,30,1,1,2,1.02295511272965e-05,1,1,1,0,1,2.7225,2.90577555140231e-10,0,81768,0,0,0,0,0,0,0,0,0,0,4.149377593361e-07,0,0,NA,NA,1,0,0,-0.0113912133891213,0,0,NA,NA,NA,NA,-4.24381083688501e-08,NA,NA,NA,NA,"random",1
102130,150,27,24,240,0.000416207614151059,321,11,9,8.54400374531753,7,9.5,2.06966466277997e-06,6,81787,0.000134495702250969,8.54400374531753,4,9.5,10.4403065089106,5,3,3,0.000210526315789474,21.5,7.05394190871369e-06,0,0,NA,NA,0.969309462915601,0.0179028132992327,0.0127877237851662,0.0283577405857741,0.03574896964568,0.0436832908322617,6.35179504604581,3.80552881207618,9.16523054901599,1.22385598624843,5.20269228126118e-07,0.466666666666667,0.00415094339622642,0.245833333333333,0.00226415094339623,"random",1
102106,18,122,108,240,0.00234212035083011,1362,52,102,16.7630546142402,24,95,2.63507341186139e-05,1,81964,1.22004782587477e-05,0,1,2.7225,5.3851648071345,0,1,0,0,108,2.82157676348548e-05,0,0,NA,NA,1,0,0,3.24794483342503e-18,0,0.0225320703227385,NA,NA,NA,NA,8.5845068090449e-09,NA,NA,NA,NA,"random",1
102297,198,45,155,192,0.00100144109816565,471,26,23,7.07106781186548,8,14.5,4.50064808558002e-06,0,82046,0,0,0,0,0,0,0,0,0,33.5,1.12033195020747e-05,0,0,NA,NA,1,0,0,-0.0113912133891213,0,0,NA,NA,NA,NA,-8.4721541684672e-08,NA,NA,NA,NA,"random",1
102225,90,93,240,240,0.00153831127606583,751,24,234,14.2126704035519,14,21,3.36862144549922e-05,93,81908,0.00153831127606583,7.21110255092798,14,14,15.8113883008419,33,21,15,0.000842105263157895,61.5,1.36929460580913e-05,0,0,NA,NA,0.868279569892473,0.0510752688172043,0.0806451612903226,0.0471861924686192,0.0301719772005355,0.0661564364051962,12.4352435518104,2.21150832670754,11.7324362093513,2.13715643395075,6.39372168823331e-06,0.749314574314574,0.0490081680280047,0.571757518796992,0.0361726954492415,"random",1
102149,222,103,240,240,0.00189605717341631,1266,38,186,27.3130005674953,15,200,4.03702577807021e-05,103,82276,0.00189605717341631,27.3130005674953,15,198.5,25.298221281347,53,17,15,0.000631578947368421,277,2.44813278008299e-05,0,0,NA,NA,0.58695652173913,0.195652173913043,0.217391304347826,0.819152719665272,0.114280337102491,0.105850298248314,21.5849296349047,3.51895063338893,20.2687018223064,5.52299369371661,7.80697352028559e-06,0.72781954887218,0.0227471566054243,0.528196438064859,0.0150189559638379,"random",1
102150,114,47,95,240,0.000902240971494062,684,17,128,11.4017542509914,11,31.5,8.08876418130423e-06,14,81650,0.000269442743417024,6.40312423743285,4,4,5.09901951359278,8,4,4,0.000157894736842105,81,1.70124481327801e-05,0,0,NA,NA,0.949843260188088,0.0219435736677116,0.0282131661442006,0.00534518828451883,0.0267913148009743,0.0213348096803045,4.31532429344029,0.915041887889331,4.31532429344029,0.915041887889331,1.08535548604447e-06,0.514285714285714,0.0118983234180638,0.319642857142857,0.0075716603569497,"random",1
102256,102,71,71,228,0.00122687343573637,623,20,66,21.8403296678416,11,37,6.92887682846543e-06,0,82277,0,0,0,0,0,0,0,0,0.000157894736842105,135.5,1.45228215767635e-05,0,0,NA,NA,0.958188153310105,0.0104529616724739,0.0313588850174216,-0.0113912133891213,-3.7094059986264e-18,-0.00418410041841004,NA,NA,NA,NA,-4.27879004204045e-08,NA,NA,NA,NA,"random",1
102279,210,123,239,240,0.00239041881113252,1105,41,222,24.1660919471891,29,143.5,4.50763715426014e-05,117,81994,0.00239041881113252,24.1660919471891,29,143.5,21.2602916254693,79,34,31,0.00152631578947368,146,2.78008298755187e-05,0,0,NA,NA,0.810077519379845,0.0562015503875969,0.133720930232558,0.58902719665272,0.10111335542757,0.0889551950856456,11.1977037587259,3.34641273847239,10.5543903192648,2.67742939590985,9.83127194941531e-06,0.650046707678287,0.0360891180261462,0.434782600440495,0.0215429939237709,"random",1
102083,162,47,227,240,0.000817113029903898,314,14,31,6.32455532033676,9,8.5,8.0092012104884e-06,26,81962,0.000390424831019253,6.32455532033676,5,5,4,6,5,4,0.000684210526315789,18.5,6.22406639004149e-06,0,0,NA,NA,0.802690582959641,0.0448430493273543,0.152466367713004,-0.00186192468619247,0.0222784741436684,0.0125523012552301,2.55901699437495,1.26566558116021,2.6128990204492,1.10270049703877,1.54939464908165e-06,0.846666666666667,0.0138768430182134,0.693968253968254,0.0112749349522984,"random",1
102136,174,36,36,216,0.000673136940531411,325,14,33,9.05538513813742,6,5.445,6.17196001969976e-06,0,81625,0,0,0,0,0,0,0,0,0,26.5,9.95850622406639e-06,0,0,NA,NA,1,0,0,-0.0113912133891213,0,0,NA,NA,NA,NA,-1.25520502142258e-07,NA,NA,NA,NA,"random",1
102264,210,1,1,11,1.14245238829672e-05,1,1,1,0,1,2.7225,9.98044984424631e-09,0,82216,0,0,0,0,0,0,0,0,0,0,4.149377593361e-07,0,0,NA,NA,1,0,0,-0.0113912133891213,0,0,NA,NA,NA,NA,-4.31177198694344e-08,NA,NA,NA,NA,"random",1
102235,174,57,36,84,0.000979180181393129,178,21,32,3.60555127546399,8,5.5,1.06408349189788e-06,0,81804,0,0,0,0,0,0,0,0,0,8,4.149377593361e-06,0,0,NA,NA,1,0,0,-0.0113912133891213,0,0,NA,NA,NA,NA,-4.18042164736039e-08,NA,NA,NA,NA,"random",1
102159,102,31,35,156,0.000472171991159333,220,12,32,4.47213595499958,6,5.445,1.82791525702203e-06,0,82029,0,0,0,0,0,0,0,0,0,10.5,4.9792531120332e-06,0,0,NA,NA,1,0,0,-0.0113912133891213,0,0,NA,NA,NA,NA,-8.3687866518857e-08,NA,NA,NA,NA,"random",1
102246,102,74,180,240,0.00131691257163761,643,23,174,8.48528137423857,13,25.5,2.94703833868282e-05,29,81798,0.000574586175701117,8.48528137423857,7,23,5.3851648071345,18,7,9,0.000315789473684211,36.5,1.2448132780083e-05,0,0,NA,NA,0.798245614035088,0.0701754385964912,0.131578947368421,0.0848430962343096,0.0355032693482785,0.0225320703227385,4.35312782103899,0.746031464087387,4.17296710124365,0.131921064509074,2.36133923284988e-06,0.621503496503496,0.0168037182695745,0.354040404040404,0.0103682516982481,"random",1
102188,66,1,1,11,1.1582251358019e-05,1,1,1,0,1,2.7225,4.07559626627279e-11,0,82262,0,0,0,0,0,0,0,0,0,0,4.149377593361e-07,0,0,NA,NA,1,0,0,-0.0113912133891213,0,0,NA,NA,NA,NA,-4.15402527541603e-08,NA,NA,NA,NA,"random",1
102150,66,38,36,169,0.000650417636587704,292,13,30,4.24264068711928,8,5.445,4.01299003090753e-06,0,81928,0,0,0,0,0,0,0,0,0,20.5,7.46887966804979e-06,0,0,NA,NA,1,0,0,-0.0113912133891213,0,0,NA,NA,NA,NA,-8.45272811800008e-08,NA,NA,NA,NA,"random",1
102048,66,42,12,168,0.000737717011754291,333,15,10,6,8,7,3.13617719488076e-06,0,82139,0,0,0,0,0,0,0,0,0,25.5,7.88381742738589e-06,0,0,NA,NA,1,0,0,-0.0227824267782427,-0.00418410041841004,-0.00418410041841004,NA,NA,NA,NA,-8.48667481726916e-08,NA,NA,NA,NA,"random",1
102018,150,43,84,168,0.000805536230822745,254,12,72,3.60555127546399,5,5.445,2.4587444982063e-06,0,81883,0,0,0,0,0,0,0,0,0,11.5,5.39419087136929e-06,0,0,NA,NA,1,0,0,-0.0113912133891213,9.31609841726892e-19,0,NA,NA,NA,NA,-8.46427030477935e-08,NA,NA,NA,NA,"random",1
102259,186,9,224,228,0.000131007447269502,33,4,10,1.4142135623731,2,5.445,1.41827213695597e-06,0,81870,0,0,0,0,0,0,0,0,0.000263157894736842,0.5,1.2448132780083e-06,0,0,NA,NA,0.957142857142857,0,0.0428571428571429,-0.0113912133891213,0,0,NA,NA,NA,NA,-4.16780430358303e-08,NA,NA,NA,NA,"random",1
102142,186,49,60,109,0.000866075458349089,428,16,18,7.07106781186548,9,12,2.96937192485788e-06,0,81945,0,0,0,0,0,0,0,0,0,27,9.95850622406639e-06,0,0,NA,NA,1,0,0,-0.0113912133891213,0,0,NA,NA,NA,NA,-4.2513136878144e-08,NA,NA,NA,NA,"random",1
102351,42,0,1,-Inf,0,1,1,1,0,0,0,9.68915255140891e-12,0,82454,0,0,0,0,0,0,0,0,0,0,4.149377593361e-07,0,0,NA,NA,1,0,0,0,0,0,NA,NA,NA,NA,0,NA,NA,NA,NA,"random",1
102193,150,7,18,24,0.000122800338928935,19,3,8,2,3,5.445,7.91979445612476e-08,0,81804,0,0,0,0,0,0,0,0,0,0,1.2448132780083e-06,0,0,NA,NA,1,0,0,-0.0113912133891213,0,0,NA,NA,NA,NA,-4.25503179849088e-08,NA,NA,NA,NA,"random",1
102216,222,122,240,240,0.00196641221374046,1928,37,90,21.2132034355964,18,157,5.80514342296224e-05,122,81771,0.00193222536106933,14.2126704035519,18,73,10.295630140987,36,21,19,0.000947368421052632,218.5,3.81742738589212e-05,0,0,NA,NA,0.815864022662889,0.0481586402266289,0.135977337110482,0.294048117154812,0.0594672401822255,0.0430779503806987,5.20871647836353,1.99326895537709,4.90081646853671,2.08112898178017,7.96098861943828e-06,0.79467451740179,0.0445698166431594,0.600203416112507,0.0344146685472497,"random",1
102083,174,46,155,168,0.000728796574656099,262,14,152,4,7,5.445,4.86463336826828e-06,0,82104,0,0,0,0,0,0,0,0,0,13,6.22406639004149e-06,0,0,NA,NA,1,0,0,-0.0113912133891213,0,0,NA,NA,NA,NA,-4.2391242511905e-08,NA,NA,NA,NA,"random",1
102220,198,211,142,240,0.00382718149345127,2841,70,138,26.4764045897475,35,223,8.3010903888014e-05,8,81816,0.000122225481568397,12.5299640861417,4,57,7.07106781186548,2,4,1,0.000894736842105263,346,5.47717842323651e-05,0,0,NA,NA,0.944728761514841,0.015353121801433,0.0399181166837257,0.227102510460251,0.0524266279754881,0.0295860577902321,NA,NA,6.57628598603591,0.580186900768767,3.00749365910294e-07,0.670454545454545,0.00324149108589951,0.545454545454545,0.00259319286871961,"random",1
102078,90,107,240,240,0.00207115009746589,744,46,234,12.5299640861417,15,28.5,2.77711122437154e-05,107,82029,0.00167014104767826,9.48683298050514,15,28.5,9.21954445729289,30,22,18,0.00121052631578947,76.5,1.36929460580913e-05,0,0,NA,NA,0.707395498392283,0.0868167202572347,0.205787781350482,0.107855648535565,0.0396938618431177,0.0385754998213092,5.0985881564803,1.3521046468111,5.06626928578528,1.29695874160599,6.90373877877804e-06,0.791908212560386,0.0489460521614862,0.60822197126545,0.038227938549482,"random",1
102162,174,13,11,12,0.00020934671510375,32,5,4,1.4142135623731,3,5.445,1.35914491466842e-07,0,82136,0,0,0,0,0,0,0,0,0,0.5,1.2448132780083e-06,0,0,NA,NA,1,0,0,-0.0113912133891213,0,0,NA,NA,NA,NA,-8.51326690487923e-08,NA,NA,NA,NA,"random",1
102028,210,131,143,240,0.00261020174176079,1547,51,150,17.464249196573,18,76,4.33016299005001e-05,17,82036,0.000292554488273441,8.60232526704263,5,16.5,8.24621125123532,7,4,5,0.000210526315789474,149,3.11203319502075e-05,0,0,NA,NA,0.961538461538462,0.00769230769230769,0.0307692307692308,0.0576464435146444,0.0359929927491323,0.0345029759465913,6.13288176494528,2.34194397275043,7.10708521180665,0.992867760324721,1.13941324472445e-06,0.636923076923077,0.0104393214441061,0.31948717948718,0.00739451935624184,"random",1
101998,78,46,167,240,0.000831153592294717,568,13,157,13.4536240470737,8,33,1.21535582812824e-05,7,82108,0.000121790812101135,1,2,5.445,3.16227766016838,3,2,2,0.000315789473684211,83.5,1.12033195020747e-05,0,0,NA,NA,0.945098039215686,0.0196078431372549,0.0352941176470588,0.0113912133891213,0.00418410041841004,0.0132312872810392,3.08113883008419,0.114747633940147,3.08113883008419,0.114747633940147,4.25699977778233e-07,NA,NA,NA,NA,"random",1
102095,78,13,12,12,0.000208968433474285,20,5,4,0,1,2.7225,1.68907304000439e-07,0,82149,0,0,0,0,0,0,0,0,0,0,4.149377593361e-07,0,0,NA,NA,1,0,0,-0.0113912133891213,0,0,NA,NA,NA,NA,-1.28037672439003e-07,NA,NA,NA,NA,"random",1
102182,42,12,191,204,0.000239278063898637,37,5,183,1,2,5.445,1.74575523514808e-06,0,81802,0,0,0,0,0,0,0,0,0,0.5,1.2448132780083e-06,0,0,NA,NA,1,0,0,-0.0113912133891213,0,0,NA,NA,NA,NA,-4.25594069738185e-08,NA,NA,NA,NA,"random",1
102182,174,99,47,240,0.0014926286168716,779,21,42,16.1554944214035,14,93,9.3980411050669e-06,14,81916,0.000195322037208848,2.23606797749979,3,0.5,10.6301458127346,2,3,2,5.26315789473684e-05,125.5,1.6597510373444e-05,0,0,NA,NA,0.967871485943775,0.0200803212851406,0.0120481927710843,-0.00929916317991632,0.00935593296025016,0.0444775975428228,9.61623553988864,1.43388565888823,9.01380472720947,0.356351665639991,6.90461218498792e-07,0.560897435897436,0.0112834978843441,0.520833333333333,0.00987306064880113,"random",1
102169,42,32,119,120,0.000470860175930484,90,10,104,2.23606797749979,5,5.445,1.02094414044445e-06,0,81826,0,0,0,0,0,0,0,0,0,2,2.0746887966805e-06,0,0,NA,NA,1,0,0,-0.0113912133891213,0,0,NA,NA,NA,NA,-4.18138251977219e-08,NA,NA,NA,NA,"random",1
102327,162,122,204,240,0.00215690575418586,1690,41,198,46.6476151587624,23,396.5,5.27510156268045e-05,116,81913,0.00200212420494915,46.6476151587624,20,396.5,41.0487515035476,48,21,20,0.000526315789473684,517.5,3.48547717842324e-05,0,0,NA,NA,0.807692307692308,0.0448717948717949,0.147435897435897,1.64760460251046,0.195178306103608,0.171752098341203,19.709712254494,13.3032343849174,18.485778543898,12.7647871587136,8.25028499340903e-06,0.765423508022192,0.0164509980940917,0.550801801827344,0.0116360718226502,"random",1
102251,222,72,46,99,0.0010876160600822,255,20,42,6,8,6,1.57180912946963e-06,0,82022,0,0,0,0,0,0,0,0,0,31.5,5.80912863070539e-06,0,0,NA,NA,1,0,0,-0.0113912133891213,0,0,NA,NA,NA,NA,-4.21750304250665e-08,NA,NA,NA,NA,"random",1
102295,138,55,166,240,0.000767828006526538,482,27,162,15.2970585407784,8,23.5,1.12874978669855e-05,35,82033,0.000743603184084454,10.1980390271856,8,19.5,8.06225774829855,26,8,11,0.000421052631578947,98,9.95850622406639e-06,0,0,NA,NA,0.921397379912664,0.0262008733624454,0.0524017467248908,0.0701987447698745,0.0426696193606091,0.0337332960179856,5.15495413241494,2.1375436093722,4.90488918385412,2.08862554781461,3.02734795073122e-06,0.552669552669553,0.0204013377926421,0.304946789321789,0.0117056856187291,"random",1
102109,90,63,237,240,0.000956632653061224,358,17,223,7.28010988928052,12,23,1.78530351711556e-05,53,82073,0.000938189173053257,7.28010988928052,11,22.5,5.3851648071345,24,14,10,0.000578947368421053,28,9.12863070539419e-06,0,0,NA,NA,0.821862348178138,0.0445344129554656,0.133603238866397,0.0827510460251046,0.0304607108338097,0.0225320703227385,4.0023844274242,0.931497536891992,3.92248420253514,0.81323889630724,3.88324222791897e-06,0.724695938981653,0.0258823529411765,0.515254586683158,0.0178151260504202,"random",1
102159,234,20,12,96,0.000443120553408336,91,9,8,2,4,5.445,2.37832307502975e-07,0,82254,0,0,0,0,0,0,0,0,0,3,2.4896265560166e-06,0,0,NA,NA,1,0,0,-0.0113912133891213,0,0,NA,NA,NA,NA,-8.45221586249327e-08,NA,NA,NA,NA,"random",1
102199,126,15,20,24,0.00022234300113642,37,6,10,1.4142135623731,3,5.445,5.3752083360579e-08,0,82021,0,0,0,0,0,0,0,0,0,0.5,1.2448132780083e-06,0,0,NA,NA,1,0,0,-0.0113912133891213,0,0,NA,NA,NA,NA,-8.41913661333073e-08,NA,NA,NA,NA,"random",1
102252,102,87,95,192,0.0014499287219914,1017,27,90,12.6491106406735,18,63.5,1.82059412895862e-05,0,82195,0,0,0,0,0,0,0,0,0,85,2.15767634854772e-05,0,0,NA,NA,1,0,0,-0.0113912133891213,0,0,NA,NA,NA,NA,-1.68386120487762e-07,NA,NA,NA,NA,"random",1
102141,102,31,21,84,0.000574895417961201,264,15,78,2.82842712474619,4,5.445,1.24489642541334e-06,0,81830,0,0,0,0,0,0,0,0,0,3.5,2.9045643153527e-06,0,0,NA,NA,1,0,0,-0.0113912133891213,0,0,NA,NA,NA,NA,-8.44360220450632e-08,NA,NA,NA,NA,"random",1
102294,222,13,24,72,0.000200354627691013,45,6,19,1,2,5.445,3.90250267660123e-07,0,81901,0,0,0,0,0,0,0,0,0,0.5,1.2448132780083e-06,0,0,NA,NA,1,0,0,-0.0113912133891213,0,0,NA,NA,NA,NA,-4.20191654455897e-08,NA,NA,NA,NA,"random",1
102150,234,133,204,240,0.00207478340173279,1932,48,198,29,24,297,6.23366375081978e-05,60,82256,0.000863158918498347,29,14,297,28.4429253066558,11,14,7,0.000894736842105263,418.5,3.94190871369295e-05,0,0,NA,NA,0.88695652173913,0.0608695652173913,0.0521739130434783,1.23128661087866,0.121338912133891,0.119008055676384,22.7794936583947,5.31762291301419,15.5025708801072,8.04976896706946,3.48424217874725e-06,0.697960817323562,0.00874061307398744,0.650054466230937,0.00738643358365136,"random",1
102157,102,33,95,180,0.000573625434795875,360,18,142,5.8309518948453,8,11,4.40098608497303e-06,0,82134,0,0,0,0,0,0,0,0,0,16,7.88381742738589e-06,0,0,NA,NA,1,0,0,-0.0113912133891213,-1.86591495679446e-18,0,NA,NA,NA,NA,-4.23157873178061e-08,NA,NA,NA,NA,"random",1
102216,54,7,11,12,0.000104335729190818,11,3,10,1,2,5.445,7.32314713599689e-08,0,82086,0,0,0,0,0,0,0,0,0,0,8.29875518672199e-07,0,0,NA,NA,1,0,0,-0.0113912133891213,0,0,NA,NA,NA,NA,-8.29396980704701e-08,NA,NA,NA,NA,"random",1
102055,198,1,1,12,1.23467460150877e-05,1,1,1,0,1,2.7225,3.29659710181825e-13,0,82026,0,0,0,0,0,0,0,0,0,0,4.149377593361e-07,0,0,NA,NA,1,0,0,-0.0113912133891213,0,0,NA,NA,NA,NA,-4.19980769920507e-08,NA,NA,NA,NA,"random",1
102149,42,119,238,240,0.00195951103364207,1046,46,234,20.6155281280883,22,134,4.84121882586539e-05,118,82045,0.00195014930830642,20.0997512422418,21,134,13.9283882771841,42,20,21,0.000842105263157895,157.5,2.32365145228216e-05,0,0,NA,NA,0.728155339805825,0.121359223300971,0.150485436893204,0.549278242677824,0.0840993775826016,0.0582777752183436,7.38641709973712,2.93477163509304,6.62287450318245,2.73140282351604,8.07647812274625e-06,0.676356015779093,0.0294550810014728,0.491432178932179,0.0217231222385862,"random",1
102153,102,130,240,240,0.002208448229581,1941,37,236,31.0161248385416,19,216.5,6.28916784727646e-05,130,81958,0.002208448229581,31.0161248385416,15,216.5,25.0798724079689,51,21,21,0.000894736842105263,240.5,4.10788381742739e-05,0,0,NA,NA,0.782234957020057,0.0573065902578797,0.160458452722063,0.894466527196653,0.1297745809144,0.104936704635853,16.1836052858503,4.96945328475769,16.759213961252,4.38579351668839,9.19791469013249e-06,0.706721944721945,0.026174981923355,0.486849206349206,0.0187997107736804,"random",1
102354,174,126,119,240,0.00195050591247105,1073,44,114,11.3137084989848,21,42.5,2.2289066172121e-05,8,82065,0.000146225552915372,0,1,2.7225,10.1980390271856,4,1,1,0,73.5,2.03319502074689e-05,0,0,NA,NA,1,0,0,1.82491833081888e-18,0,0.0426696193606091,NA,NA,NA,NA,5.2734460799353e-07,NA,NA,NA,NA,"random",1
102166,174,34,120,156,0.000559944492459008,179,9,108,3.16227766016838,6,5.445,2.06621983534349e-06,0,82052,0,0,0,0,0,0,0,0,0,5,3.3195020746888e-06,0,0,NA,NA,1,0,0,-0.0113912133891213,0,0,NA,NA,NA,NA,-8.36728043597212e-08,NA,NA,NA,NA,"random",1
102135,102,129,166,240,0.00216996428092504,1764,60,162,20.3960780543711,19,81.5,6.06410847942945e-05,62,81887,0.00111128750595333,20.3960780543711,15,73.5,16.1245154965971,29,15,13,0.000684210526315789,333.5,3.90041493775934e-05,0,0,NA,NA,0.944444444444444,0.0119047619047619,0.0436507936507936,0.296140167364017,0.0853392387212182,0.0674665920359711,12.3959373959096,2.04999123975722,12.7771495987622,1.8159358461523,4.60741160143968e-06,0.519820942731159,0.0197654213727194,0.377659780020461,0.0134665508253692,"random",1
102273,174,47,142,162,0.000778778291555123,331,16,140,4.47213595499958,7,5.445,5.92173421736655e-06,0,81929,0,0,0,0,0,0,0,0,0,23.5,7.46887966804979e-06,0,0,NA,NA,1,0,0,-0.0113912133891213,-9.29406171058914e-19,-9.45471518633216e-19,NA,NA,NA,NA,-4.24445659113599e-08,NA,NA,NA,NA,"random",1
102438,66,119,108,240,0.00198642407107255,1404,43,114,20.1246117974981,16,56,2.4201477613586e-05,1,82249,1.21582025313378e-05,0,1,2.7225,7.61577310586391,0,1,0,0.000210526315789474,152,2.98755186721992e-05,0,0,NA,NA,0.926229508196721,0.040983606557377,0.0327868852459016,0,0,0.0318651594387611,NA,NA,NA,NA,-3.3857263861087e-08,NA,NA,NA,NA,"random",1
102256,138,54,48,240,0.000977445446326027,488,20,54,11.7046999107196,12,46,7.05842092668076e-06,13,82191,0.000170334951515373,0,1,2.7225,2,1,2,1,0,61,1.20331950207469e-05,0,0,NA,NA,1,0,0,3.73853393150391e-18,0,0.00836820083682008,NA,NA,2,0,5.86326307940782e-07,NA,NA,NA,NA,"random",1
102191,90,20,179,192,0.000354397585208178,135,9,167,2.23606797749979,3,5.445,3.5147097203524e-06,0,82007,0,0,0,0,0,0,0,0,0,4.5,2.9045643153527e-06,0,0,NA,NA,1,0,0,-0.0113912133891213,0,0,NA,NA,NA,NA,-1.26236247349828e-07,NA,NA,NA,NA,"random",1
102142,162,61,228,240,0.000998283439451674,528,20,222,6.08276253029822,9,10.5,1.3619377671551e-05,40,81909,0.00069589422407794,3.60555127546399,8,5,9.89949493661167,17,9,9,0.000526315789473684,57.5,1.2448132780083e-05,0,0,NA,NA,0.869047619047619,0.0357142857142857,0.0952380952380952,0.00952928870292887,0.0150859886002677,0.041420480906325,8.58719854024264,0.89023810537492,8.92982780383728,0.815749543696809,2.86949374045193e-06,0.624696055578409,0.0305466237942122,0.441215728715729,0.0214362272240086,"random",1
102265,102,80,192,216,0.00135479854999939,397,39,186,5,11,9,1.4268743819374e-05,0,81978,0,0,0,0,0,0,0,0,0,16.5,7.05394190871369e-06,0,0,NA,NA,1,0,0,-0.0113912133891213,0,0,NA,NA,NA,NA,-4.15274717722202e-08,NA,NA,NA,NA,"random",1
102002,18,125,132,240,0.00217508187105919,1135,43,126,14.142135623731,21,71,3.87159686553334e-05,2,81645,6.12407373384775e-05,1,2,5.445,3,3,2,1,0,107,2.44813278008299e-05,0,0,NA,NA,1,0,0,0.0113912133891213,0.00418410041841004,0.0125523012552301,NA,NA,2.5,0.707106781186548,2.13966495492401e-07,NA,NA,NA,NA,"random",1
102019,234,41,70,84,0.000569917475949482,124,12,67,3.60555127546399,6,5.445,9.23495990909696e-07,0,82115,0,0,0,0,0,0,0,0,0,6.5,3.7344398340249e-06,0,0,NA,NA,1,0,0,-0.0113912133891213,0,0,NA,NA,NA,NA,-4.24902552848529e-08,NA,NA,NA,NA,"random",1
102295,54,167,81,240,0.00283556185680413,2296,56,78,28.2842712474619,31,305,4.95991583212284e-05,9,81832,0.000158862058852283,4.12310562561766,3,0.5,11.4017542509914,4,4,2,0.000473684210526316,360.5,5.06224066390042e-05,0,0,NA,NA,0.9182156133829,0.0371747211895911,0.0446096654275093,-0.0206903765690377,0.0130673875548856,0.0435219843137715,11.4017542509914,0,10.326518189798,1.57608040225185,4.95315172527727e-07,0.521464646464646,0.00705754614549403,0.42550505050505,0.00488599348534202,"random",1
102316,42,46,189,225,0.00063321037660941,176,15,186,6.40312423743285,6,7.5,7.1023869116323e-06,0,82263,0,0,0,0,0,0,0,0,0,5,3.3195020746888e-06,0,0,NA,NA,1,0,0,-0.0113912133891213,0,0,NA,NA,NA,NA,-4.2280296464365e-08,NA,NA,NA,NA,"random",1
102358,210,57,192,240,0.000843386747827362,626,19,187,7.07106781186548,10,18,2.01689784773725e-05,34,81927,0.00052485749508709,7.07106781186548,6,7.5,6.32455532033676,9,8,7,0.000157894736842105,48.5,1.57676348547718e-05,0,0,NA,NA,0.947976878612717,0.00578034682080925,0.046242774566474,0.019989539748954,0.0295860577902321,0.0264625745620785,3.56556699078639,1.41463329992272,3.11987111693809,1.47023971366984,2.15363556694172e-06,0.688447971781305,0.0189260563380282,0.573382173382173,0.0149647887323944,"random",1
102147,222,3,28,36,5.42556798914886e-05,7,1,1,0,1,2.7225,6.98832159993586e-08,0,81729,0,0,0,0,0,0,0,0,0,0,4.149377593361e-07,0,0,NA,NA,1,0,0,-0.0113912133891213,0,0,NA,NA,NA,NA,-4.22892704508797e-08,NA,NA,NA,NA,"random",1
102035,138,157,108,240,0.00280159812901968,1739,42,102,17.464249196573,31,106,4.1622247966173e-05,21,82054,0.000389987081677919,12.0415945787923,5,33.5,9.48683298050514,11,7,5,0.000578947368421053,179,3.52697095435685e-05,0,0,NA,NA,0.881278538812785,0.0593607305936073,0.0593607305936073,0.128776150627615,0.0503832409154489,0.0396938618431177,7.13981937073411,2.83350034261731,5.72811022666113,2.59233718931202,1.58979756065955e-06,0.601282667949335,0.0100156494522692,0.493827160493827,0.00657276995305164,"random",1
102200,66,106,36,240,0.00189102798721421,1175,36,126,19.2093727122985,19,54,1.95374817185363e-05,20,81828,0.00032996040475143,5.09901951359278,4,2.5,3.60555127546399,7,5,3,0.000368421052631579,131,2.65560165975104e-05,0,0,NA,NA,0.920634920634921,0.0158730158730159,0.0634920634920635,-0.000930962343096231,0.0213348096803045,0.0150859886002677,3.14905684280926,0.790671550730327,3.24299989281203,0.594718100469856,1.29665197402046e-06,0.666666666666667,0.0171211160431198,0.531410256410256,0.0126823081800888,"random",1
102354,138,68,24,156,0.00129781086243205,611,18,30,13.4536240470737,12,31,6.98274896757656e-06,0,82094,0,0,0,0,0,0,0,0,0,84.5,1.36929460580913e-05,0,0,NA,NA,1,0,0,-0.0113912133891213,0,0,NA,NA,NA,NA,-8.45435067014881e-08,NA,NA,NA,NA,"random",1
101939,198,47,215,240,0.000819702215642855,372,15,210,5,8,7.5,2.5535256690095e-05,25,81944,0.000341696768524846,2.82842712474619,3,0,2.23606797749979,3,5,2,0.000368421052631579,13.5,5.80912863070539e-06,0,0,NA,NA,0.879003558718861,0.0355871886120996,0.0854092526690391,-0.0113912133891213,0.0118344231160928,0.00935593296025017,1.61803398874989,0.874032048897642,1.49442719099992,0.677022313886423,1.25959783759962e-06,NA,NA,NA,NA,"random",1
102245,174,78,93,132,0.0011849209645501,564,36,90,7.28010988928052,11,16,8.07472706781938e-06,0,81970,0,0,0,0,0,0,0,0,0,28.5,1.07883817427386e-05,0,0,NA,NA,1,0,0,-0.0113912133891213,0,0,NA,NA,NA,NA,-8.43390092502607e-08,NA,NA,NA,NA,"random",1
102218,54,98,72,204,0.00190072373711529,837,35,66,13.0384048104053,19,72,7.26641753573738e-06,0,82043,0,0,0,0,0,0,0,0,0,88.5,1.86721991701245e-05,0,0,NA,NA,1,0,0,-0.0113912133891213,-3.71614797813773e-18,0,NA,NA,NA,NA,-8.53741234958889e-08,NA,NA,NA,NA,"random",1
102096,66,47,156,240,0.000696387337967771,568,23,222,16.4012194668567,8,37,2.72264250066892e-05,18,81878,0.00034197220254525,15,7,25.5,14.2126704035519,10,6,6,0.000473684210526316,72.5,1.2448132780083e-05,0,0,NA,NA,0.831632653061224,0.0357142857142857,0.13265306122449,0.0953033472803347,0.0627615062761506,0.0594672401822255,6.78780466285277,5.55975264114737,4.41902626226078,4.55704380845076,1.26134632263245e-06,0.595982142857143,0.0071483278018892,0.435267857142857,0.00459535358692877,"random",1
102288,78,90,120,240,0.00170952694947127,1149,32,91,15,18,67.5,1.94562277075957e-05,38,82023,0.000524243200078027,10,5,17,9.05538513813742,5,7,3,0.000157894736842105,149.5,2.69709543568465e-05,0,0,NA,NA,0.945205479452055,0.023972602739726,0.0308219178082192,0.0597384937238494,0.0418410041841004,0.0378886407453448,8.70588096214532,0.558081543713338,7.66653331670894,1.44740390161963,2.10920154922537e-06,0.679901960784314,0.0170702659785629,0.611070791953145,0.0150853513298928,"random",1
102121,42,122,143,240,0.00210294657048539,1417,43,138,12.8062484748657,20,55,2.67340169780842e-05,23,82116,0.000292269472453602,0,1,2.7225,8.54400374531753,1,2,1,0,97,2.9045643153527e-05,0,0,NA,NA,1,0,0,3.82387919241258e-18,0,0.03574896964568,NA,NA,8.54400374531753,0,1.18074929043197e-06,NA,NA,NA,NA,"random",1
102265,42,28,11,24,0.000445021323938439,95,9,4,3.16227766016838,6,5.445,2.0531216698659e-07,0,81971,0,0,0,0,0,0,0,0,0,5,2.9045643153527e-06,0,0,NA,NA,1,0,0,-0.0113912133891213,0,0,NA,NA,NA,NA,-1.68049659346536e-07,NA,NA,NA,NA,"random",1
102329,102,234,215,240,0.00348848555815769,2325,90,210,28.8617393793236,32,393,8.21009215051704e-05,74,81983,0.00130514862837418,28.8617393793236,22,346,18.6815416922694,33,21,16,0.000684210526315789,471.5,4.60580912863071e-05,0,0,NA,NA,0.823008849557522,0.0973451327433628,0.079646017699115,1.43630753138075,0.12076041581307,0.0781654464111691,13.4596823403333,4.07750921320931,12.8154455635225,4.51138257730498,5.41898793865099e-06,0.662733426704015,0.0131578947368421,0.501725957049486,0.00909985243482538,"random",1
102144,102,5,11,24,0.00010335323840147,15,2,1,0,1,2.7225,4.55880509332203e-08,0,82056,0,0,0,0,0,0,0,0,0,0,4.149377593361e-07,0,0,NA,NA,1,0,0,-0.0113912133891213,0,0,NA,NA,NA,NA,-8.44777891419177e-08,NA,NA,NA,NA,"random",1
102238,42,87,214,240,0.00143023042601308,1501,29,138,17.464249196573,17,97.5,4.69430411934335e-05,53,81804,0.000941274265317099,10.6301458127346,12,39.5,8.48528137423857,24,11,10,0.000315789473684211,187,3.56846473029046e-05,0,0,NA,NA,0.972850678733032,0,0.0271493212669683,0.153880753138075,0.0444775975428228,0.0355032693482785,4.14764763311367,2.49377427284797,5.41845084328429,2.53069743446405,3.85310241231774e-06,0.63668688767373,0.0251141552511416,0.473882962275819,0.0172863666014351,"random",1
102122,90,185,215,240,0.0031818682461787,2365,59,210,33.9558536926993,31,212.5,7.52018454579568e-05,101,81998,0.00204883045927949,33.9558536926993,23,173.5,18.6815416922694,67,24,24,0.00126315789473684,419.5,4.64730290456432e-05,0,0,NA,NA,0.746913580246914,0.0648148148148148,0.188271604938272,0.714550209205021,0.142074701643093,0.0781654464111691,12.1061939625424,5.07578062444042,12.4004478469468,4.39611209990629,8.53060810227621e-06,0.606985240144633,0.0251685393258427,0.415486184698708,0.0151310861423221,"random",1
102091,42,1,1,1,1.00513624621817e-05,1,1,1,0,1,2.7225,7.62107147306088e-10,0,82130,0,0,0,0,0,0,0,0,0,0,4.149377593361e-07,0,0,NA,NA,1,0,0,-0.0113912133891213,0,0,NA,NA,NA,NA,-4.20559098836056e-08,NA,NA,NA,NA,"random",1
102186,54,14,24,240,0.000292547356103269,55,8,20,2,3,5.445,4.33427890926076e-07,10,82119,0.000207016646573874,2,2,5.445,2.23606797749979,7,2,3,0,1,1.6597510373444e-06,0,0,NA,NA,1,0,0,0.0113912133891213,0.00836820083682008,0.00935593296025017,1.82404531833319,0.71364417954618,2.23606797749979,0,8.23812519640624e-07,NA,NA,NA,NA,"random",1
102220,126,55,168,240,0.000963579147659357,518,22,114,9.89949493661167,8,9.5,1.69634366678195e-05,10,82133,0.000146104489060426,7.81024967590665,3,3,9.8488578017961,2,3,2,0.000105263157894737,41,1.16182572614108e-05,0,0,NA,NA,0.979674796747967,0.0040650406504065,0.016260162601626,0.00116108786610879,0.0326788689368479,0.0412086100493561,6.32455532033676,4.47213595499958,7.49932281415654,3.7603505147269,5.69285713996056e-07,0.503703703703704,0.00536672629695885,0.418518518518519,0.00447227191413238,"random",1
102302,150,43,132,240,0.000793466717123012,387,16,127,7.28010988928052,9,12.5,1.00084272443665e-05,4,81555,6.13083195389614e-05,0,1,2.7225,7.07106781186548,1,1,1,0.000157894736842105,41.5,9.95850622406639e-06,0,0,NA,NA,0.984709480122324,0.00611620795107034,0.00917431192660551,0,0,0.0295860577902321,NA,NA,NA,NA,1.29882743570274e-07,NA,NA,NA,NA,"random",1
102106,126,69,228,240,0.00111082628385884,295,24,222,6.32455532033676,11,10.5,1.25143961006657e-05,16,81981,0.000353740500847757,6.32455532033676,6,9,3.60555127546399,13,6,6,0.000578947368421053,13.5,6.22406639004149e-06,0,0,NA,NA,0.855822550831793,0.0314232902033272,0.11275415896488,0.026265690376569,0.0264625745620785,0.0150859886002677,2.42386729447751,0.591473419956245,2.41641225040936,0.890585314995642,1.43839859911023e-06,0.541363636363636,0.0113369820172009,0.368655303030303,0.00625488663017983,"random",1
102251,138,1,1,5,1.03635534552087e-05,1,1,1,0,1,2.7225,4.00618636255064e-11,0,81956,0,0,0,0,0,0,0,0,0,0,4.149377593361e-07,0,0,NA,NA,1,0,0,-0.0113912133891213,0,0,NA,NA,NA,NA,-4.18933708977226e-08,NA,NA,NA,NA,"random",1
102307,138,2,8,17,2.4682825689885e-05,5,2,12,0,1,2.7225,7.63247183893019e-10,0,81831,0,0,0,0,0,0,0,0,0,0,8.29875518672199e-07,0,0,NA,NA,1,0,0,-0.0113912133891213,0,0,NA,NA,NA,NA,-4.2050837865047e-08,NA,NA,NA,NA,"random",1
102096,126,157,107,240,0.00246576011327848,1844,47,102,30.8706980808663,26,198,4.06711505798147e-05,33,82104,0.000511546331482023,4,5,4,9.8488578017961,9,7,7,0.000421052631578947,357.5,4.10788381742739e-05,0,0,NA,NA,0.945823927765237,0.0135440180586907,0.0406320541760722,0.00534518828451884,0.0167364016736402,0.0412086100493561,9.33782026877842,0.325522246023345,9.09212168153278,0.849829717983829,2.09851100835948e-06,0.770833333333333,0.0270618556701031,0.570481601731602,0.0212628865979381,"random",1
102289,186,37,82,240,0.000596586066671537,216,13,70,4.47213595499958,8,7,1.88674218482344e-06,4,81887,0.000109907555533845,0,1,2.7225,2.23606797749979,5,1,1,0,13,5.39419087136929e-06,0,0,NA,NA,1,0,0,0,0,0.00935593296025017,NA,NA,NA,NA,4.1718937792889e-07,NA,NA,NA,NA,"random",1
102300,114,64,141,240,0.000798626362656231,712,29,138,21.095023109729,9,43,1.40800171339204e-05,20,81768,0.000403580862929263,5.8309518948453,5,6.5,7.07106781186548,13,7,6,0.000473684210526316,96,1.20331950207469e-05,0,0,NA,NA,0.917159763313609,0.0236686390532544,0.0591715976331361,0.0158054393305439,0.024397288262951,0.0295860577902321,5.68523206983489,1.84763729518137,5.61062867706029,1.61482305207316,1.64637330004042e-06,0.719093406593407,0.0158273381294964,0.537889194139194,0.00959232613908873,"random",1
102110,162,173,167,240,0.00303362573099415,1713,44,162,20.2484567313166,22,128,6.18765942993994e-05,63,82027,0.000938715301059407,16.6433169770932,12,121,10,14,10,8,0.000473684210526316,192.5,3.3195020746888e-05,0,0,NA,NA,0.759493670886076,0.10126582278481,0.139240506329114,0.494884937238494,0.0696373095275868,0.0418410041841004,6.34708614263225,1.91669283566569,6.38516201290699,1.89435009932449,3.885376131506e-06,0.732142857142857,0.0162550137217648,0.631837606837607,0.013299556681444,"random",1
102129,114,1,1,6,1.98739988473081e-05,2,1,1,1,2,5.445,4.02039449279413e-13,0,81972,0,0,0,0,0,0,0,0,0,0,8.29875518672199e-07,0,0,NA,NA,1,0,0,-0.0113912133891213,0,0,NA,NA,NA,NA,-4.19244338073771e-08,NA,NA,NA,NA,"random",1
102265,126,70,228,240,0.00117270528450319,528,25,223,8.60232526704263,16,23,1.59210422035744e-05,38,81992,0.000658600839106254,7.81024967590665,12,23,7.28010988928052,16,12,10,0.000789473684210526,38,1.20331950207469e-05,0,0,NA,NA,0.838196286472148,0.0212201591511936,0.140583554376658,0.0848430962343096,0.0326788689368479,0.0304607108338097,5.65590251645536,1.49471912053141,5.27001693308068,1.75092334862896,2.54658709906394e-06,0.698728186926945,0.0182679296346414,0.54030612244898,0.0128552097428958,"random",1
102165,90,72,105,192,0.00100726932925571,571,23,102,8.24621125123532,10,27.5,6.92887604036612e-06,0,81943,0,0,0,0,0,0,0,0,0,37.5,1.16182572614108e-05,0,0,NA,NA,1,0,0,-0.0113912133891213,0,0,NA,NA,NA,NA,-4.19833276648845e-08,NA,NA,NA,NA,"random",1
102169,42,39,117,240,0.000608657544918927,372,14,114,6.08276253029822,8,9.5,2.98536175514923e-06,18,82018,0.000499890267989953,6.08276253029822,5,9.5,4.12310562561766,23,5,7,0,20.5,9.12863070539419e-06,0,0,NA,NA,1,0,0,0.0283577405857741,0.0254508892481097,0.0172514879732957,2.75505475511229,0.802881588854802,2.62462112512353,0.942976636478394,1.92343673731139e-06,0.600198412698413,0.0167895167895168,0.267796092796093,0.00737100737100737,"random",1
102175,138,106,155,240,0.00171997448514671,1725,31,198,22.4722050542442,20,93,5.47507972653042e-05,29,81682,0.000563159570039911,6.70820393249937,8,16,10.816653826392,17,10,5,0.000894736842105263,229,3.48547717842324e-05,0,0,NA,NA,0.896039603960396,0.0247524752475248,0.0792079207920792,0.0555543933054393,0.0280677988807505,0.0452579658008032,9.43485641519653,0.989623934017928,9.09909359023746,1.29378679168278,2.23089351822284e-06,0.741491228070175,0.018261214767765,0.574122807017544,0.0115125049622866,"random",1
102010,174,101,216,240,0.00170885921441301,1831,39,210,21,22,149,6.39016752618373e-05,60,81907,0.0011110161524656,18.4390889145858,13,140,12.0415945787923,31,16,13,0.000894736842105263,218.5,3.56846473029046e-05,0,0,NA,NA,0.761467889908257,0.0917431192660551,0.146788990825688,0.574382845188285,0.0771509996426183,0.0503832409154489,8.01271852729879,2.4213020503728,8.88276379489645,1.97558628977543,4.52303241896215e-06,0.656019951840385,0.017998417721519,0.459004686404067,0.0118670886075949,"random",1
102130,222,5,9,19,0.000111350683794426,19,4,7,0,1,2.7225,2.65386904671921e-08,0,81892,0,0,0,0,0,0,0,0,0,0,4.149377593361e-07,0,0,NA,NA,1,0,0,-0.0113912133891213,0,0,NA,NA,NA,NA,-4.25832298809249e-08,NA,NA,NA,NA,"random",1
102140,138,9,7,12,0.000136143668700571,22,4,12,1.4142135623731,2,5.445,7.68343637304283e-08,0,81752,0,0,0,0,0,0,0,0,0,0.5,1.2448132780083e-06,0,0,NA,NA,1,0,0,-0.0113912133891213,0,0,NA,NA,NA,NA,-1.25331255731033e-07,NA,NA,NA,NA,"random",1
102206,114,34,23,224,0.000720593084749075,452,15,18,7.61577310586391,6,16.5,6.70499647098502e-06,0,81997,0,0,0,0,0,0,0,0,0,27.5,7.88381742738589e-06,0,0,NA,NA,1,0,0,-0.0227824267782427,-0.00418410041841004,-0.00418410041841004,NA,NA,NA,NA,-8.50841959169113e-08,NA,NA,NA,NA,"random",1
102229,42,18,81,177,0.000280292967083856,81,6,71,2.82842712474619,4,5.445,9.79330111564848e-07,0,81803,0,0,0,0,0,0,0,0,0,2.5,2.4896265560166e-06,0,0,NA,NA,1,0,0,-0.0227824267782427,-0.00418410041841004,-0.00418410041841004,NA,NA,NA,NA,-8.35608451427439e-08,NA,NA,NA,NA,"random",1
102344,174,27,72,84,0.000389583510877902,168,9,18,3,4,5.445,1.32194593893245e-06,0,81818,0,0,0,0,0,0,0,0,0,5,3.7344398340249e-06,0,0,NA,NA,1,0,0,-0.0113912133891213,0,0,NA,NA,NA,NA,-1.68186448469417e-07,NA,NA,NA,NA,"random",1
102300,90,47,24,156,0.000955601293737136,342,18,18,7.21110255092798,10,9,2.86943496422168e-06,0,82280,0,0,0,0,0,0,0,0,0,12.5,6.63900414937759e-06,0,0,NA,NA,1,0,0,-0.0113912133891213,0,-9.37571710433282e-19,NA,NA,NA,NA,-4.23517664879449e-08,NA,NA,NA,NA,"random",1
102154,234,16,11,36,0.000233498420813312,33,4,6,2,3,5.445,1.2040731478475e-07,0,82225,0,0,0,0,0,0,0,0,0,0,1.2448132780083e-06,0,0,NA,NA,1,0,0,-0.0113912133891213,0,0,NA,NA,NA,NA,-8.52080851736611e-08,NA,NA,NA,NA,"random",1
102284,210,45,24,36,0.000865442045856239,129,17,19,3.60555127546399,10,6,6.29934005065319e-07,0,82178,0,0,0,0,0,0,0,0,0,6,4.5643153526971e-06,0,0,NA,NA,1,0,0,-0.0113912133891213,9.31545307013101e-19,0,NA,NA,NA,NA,-4.23629153006036e-08,NA,NA,NA,NA,"random",1
102153,66,11,22,24,0.00020818025961303,28,6,21,2,3,5.445,8.4430038309749e-08,0,82230,0,0,0,0,0,0,0,0,0,0,1.2448132780083e-06,0,0,NA,NA,1,0,0,-0.0113912133891213,0,0,NA,NA,NA,NA,-4.17612402152892e-08,NA,NA,NA,NA,"random",1
102408,42,6,24,24,0.000109994866906211,13,3,23,0,1,2.7225,2.3640657651032e-09,0,81917,0,0,0,0,0,0,0,0,0,0,4.149377593361e-07,0,0,NA,NA,1,0,0,-0.0113912133891213,0,0,NA,NA,NA,NA,-4.23316277497197e-08,NA,NA,NA,NA,"random",1
102339,210,33,22,183,0.000519268573124142,192,14,18,3.60555127546399,6,5.445,2.91626878067456e-06,0,82174,0,0,0,0,0,0,0,0,0,8.5,4.5643153526971e-06,0,0,NA,NA,1,0,0,-0.0227824267782427,-0.00418410041841004,-0.00418410041841004,NA,NA,NA,NA,-1.26493215515304e-07,NA,NA,NA,NA,"random",1
102430,126,18,11,144,0.000332191663134744,98,9,7,3.16227766016838,4,5.445,4.16937112509052e-07,0,82139,0,0,0,0,0,0,0,0,0,2,2.0746887966805e-06,0,0,NA,NA,1,0,0,-0.0113912133891213,0,0,NA,NA,NA,NA,-8.45400902845894e-08,NA,NA,NA,NA,"random",1
102313,114,2,34,36,8.50681152551436e-05,11,5,36,1,2,5.445,7.29782976320203e-09,0,81760,0,0,0,0,0,0,0,0,0,0,8.29875518672199e-07,0,0,NA,NA,1,0,0,-0.0113912133891213,0,0,NA,NA,NA,NA,-4.23367677342687e-08,NA,NA,NA,NA,"random",1
102177,78,192,132,240,0.00351283771421602,1978,58,126,29.0172362570938,36,160,5.34578321634373e-05,31,82036,0.000438831732410161,29.0172362570938,6,37.5,22.4722050542442,5,7,3,0.000473684210526316,378.5,3.98340248962656e-05,0,0,NA,NA,0.925675675675676,0.0337837837837838,0.0405405405405405,0.145512552301255,0.121411030364409,0.0940259625700595,16.3788062997809,4.48353167618861,15.8150447268841,4.28545061820805,1.75133612700984e-06,0.71705990088343,0.00687416459805232,0.604880413703943,0.0059194195149895,"random",1
102155,114,0,1,-Inf,0,1,1,1,0,0,0,4.32611481933818e-16,0,81789,0,0,0,0,0,0,0,0,0,0,4.149377593361e-07,0,0,NA,NA,1,0,0,0,0,0,NA,NA,NA,NA,0,NA,NA,NA,NA,"random",1
102112,222,44,240,240,0.00082206795761783,284,15,236,5.3851648071345,5,5.445,9.45834708475854e-06,44,81895,0.000805910006715917,5.3851648071345,5,4.5,4.12310562561766,22,7,7,0,11,5.39419087136929e-06,0,0,NA,NA,1,0,0,0.00743723849372385,0.0225320703227385,0.0172514879732957,2.87340148721889,1.09582140065021,2.87340148721889,1.09582140065021,3.28824429911747e-06,0.81969696969697,0.0288335517693316,0.568398268398268,0.0192223678462211,"random",1
102157,162,75,23,204,0.00113525390625,386,28,18,8.24621125123532,9,8,4.13637052753252e-06,0,82299,0,0,0,0,0,0,0,0,0,23,9.54356846473029e-06,0,0,NA,NA,1,0,0,-0.0113912133891213,0,0,NA,NA,NA,NA,-1.24983085622412e-07,NA,NA,NA,NA,"random",1
102282,210,50,47,240,0.000775317538138782,326,17,42,5.8309518948453,8,12,3.26309037162871e-06,1,81808,4.88949735967143e-05,0,1,2.7225,3,3,1,1,0,23.5,7.46887966804979e-06,0,0,NA,NA,1,0,0,1.79785740686249e-18,0,0.0125523012552301,NA,NA,NA,NA,1.62387735601198e-07,NA,NA,NA,NA,"random",1
102104,210,1,1,6,1.03603323594621e-05,1,1,1,0,1,2.7225,4.59832188423776e-08,0,82200,0,0,0,0,0,0,0,0,0,0,4.149377593361e-07,0,0,NA,NA,1,0,0,-0.0113912133891213,0,0,NA,NA,NA,NA,-4.19324168528396e-08,NA,NA,NA,NA,"random",1
102045,186,20,21,24,0.000366797491105161,66,9,9,2.23606797749979,3,5.445,2.44946570450513e-07,0,81906,0,0,0,0,0,0,0,0,0,1,1.6597510373444e-06,0,0,NA,NA,1,0,0,-0.0227824267782427,-0.00418410041841004,-0.00418410041841004,NA,NA,NA,NA,-8.54971120571747e-08,NA,NA,NA,NA,"random",1
102080,162,35,24,48,0.000600026939985061,117,11,19,2,4,5.445,9.57922182331503e-07,0,81953,0,0,0,0,0,0,0,0,0,1,1.6597510373444e-06,0,0,NA,NA,1,0,0,-0.0113912133891213,0,0,NA,NA,NA,NA,-1.68710325130947e-07,NA,NA,NA,NA,"random",1
102186,90,33,33,240,0.000506100563549817,189,10,27,4.47213595499958,6,5.445,6.16568162773728e-06,9,81889,0.000256444699532294,0,1,2.7225,3,12,2,2,0.000157894736842105,9,5.39419087136929e-06,0,0,NA,NA,0.914285714285714,0.0228571428571429,0.0628571428571429,0,0,0.0125523012552301,3,0,3,0,9.04665221250008e-07,NA,NA,NA,NA,"random",1
102039,126,1,1,120,1.22094159015433e-05,5,1,1,0,1,2.7225,1.53697485895159e-08,0,82011,0,0,0,0,0,0,0,0,0,0.5,1.2448132780083e-06,0,0,NA,NA,1,0,0,-0.0113912133891213,0,0,NA,NA,NA,NA,-4.18058872388198e-08,NA,NA,NA,NA,"random",1
102216,186,0,1,-Inf,0,1,1,1,0,0,0,6.11776260850262e-10,0,81885,0,0,0,0,0,0,0,0,0,0,4.149377593361e-07,0,0,NA,NA,1,0,0,0,0,0,NA,NA,NA,NA,0,NA,NA,NA,NA,"random",1
102100,30,62,180,240,0.000961421443349154,677,16,201,8.24621125123532,13,20,2.14482018713979e-05,32,82118,0.000584524708346526,5.09901951359278,6,10.5,11.6619037896906,16,9,6,0.000263157894736842,59.5,1.57676348547718e-05,0,0,NA,NA,0.91156462585034,0.00680272108843537,0.0816326530612245,0.0325418410041841,0.0213348096803045,0.0487945765259021,9.10604715704186,1.04684583797033,9.35408117243779,1.19950452140687,2.40388329368585e-06,0.717283950617284,0.0248190279214064,0.500561167227834,0.0165460186142709,"random",1
102250,78,58,58,240,0.000928386208662804,413,26,54,6.08276253029822,5,5.445,6.82643619752229e-06,5,82317,9.71852715720932e-05,0,1,2.7225,1.4142135623731,3,2,1,0,22,9.12863070539419e-06,0,0,NA,NA,1,0,0,0,-9.3747870452223e-19,0.00591721155804642,NA,NA,1.4142135623731,0,2.37982112935919e-07,NA,NA,NA,NA,"random",1
102072,126,9,240,240,0.000183130058967879,18,6,238,1,2,5.445,1.07316919329182e-07,9,81909,0.000183130058967879,1,2,5.445,2,6,1,2,0,0,8.29875518672199e-07,0,0,NA,NA,1,0,0,0.0113912133891213,0.00418410041841004,0.00836820083682008,1.5,0.707106781186548,NA,NA,7.23668654864544e-07,NA,NA,NA,NA,"random",1
102145,198,52,177,240,0.000775786339315254,602,17,168,11.4017542509914,11,17.5,1.44414649192033e-05,20,82207,0.000340603598233727,7.07106781186548,7,5.5,12.2065556157337,8,7,5,0.000105263157894737,59,1.2448132780083e-05,0,0,NA,NA,0.933070866141732,0.0118110236220472,0.0551181102362205,0.0116213389121339,0.0295860577902321,0.0510734544591368,11.0211259076566,1.19099943722708,10.9410163927782,1.29480513660795,1.38331752967683e-06,0.6875,0.0130293159609121,0.463541666666667,0.00930665425779432,"random",1
102053,198,18,34,84,0.000244645325439444,129,6,60,6.70820393249937,5,5.445,7.25422071960064e-07,0,82024,0,0,0,0,0,0,0,0,0,9.5,4.149377593361e-06,0,0,NA,NA,1,0,0,-0.0113912133891213,-9.30522241991533e-19,0,NA,NA,NA,NA,-8.34641668926112e-08,NA,NA,NA,NA,"random",1
102164,114,25,35,120,0.000387618993330673,116,8,30,2.23606797749979,4,5.445,4.04973385891968e-07,0,81924,0,0,0,0,0,0,0,0,0,5,3.3195020746888e-06,0,0,NA,NA,1,0,0,-0.0113912133891213,0,0,NA,NA,NA,NA,-4.26600776754693e-08,NA,NA,NA,NA,"random",1
102190,186,2,5,12,4.90574831058293e-05,7,1,1,0,1,2.7225,4.68750018539842e-08,0,82083,0,0,0,0,0,0,0,0,0,0,4.149377593361e-07,0,0,NA,NA,1,0,0,-0.0113912133891213,0,0,NA,NA,NA,NA,-4.25628704672245e-08,NA,NA,NA,NA,"random",1
102213,66,12,10,216,0.000227565804445119,35,4,4,1.4142135623731,3,5.445,1.61653668805518e-07,0,82273,0,0,0,0,0,0,0,0,0,0,8.29875518672199e-07,0,0,NA,NA,1,0,0,-0.0113912133891213,0,0,NA,NA,NA,NA,-1.25130104025661e-07,NA,NA,NA,NA,"random",1
102059,54,37,35,240,0.000558360016864751,323,22,43,3.60555127546399,6,5.445,7.56919672446772e-06,21,81794,0.000415678411619434,2.23606797749979,6,2.5,4.47213595499958,13,6,4,0,21.5,9.12863070539419e-06,0,0,NA,NA,1,0,0,-0.000930962343096233,0.00935593296025017,0.0187118659205003,3.87065139443781,0.597838085924776,3.6527639963269,0.623520829295625,1.69753558593704e-06,0.826923076923077,0.0205438066465257,0.602029914529915,0.0126888217522659,"random",1
102005,66,33,215,216,0.000482678867715823,97,11,211,1.4142135623731,3,5.445,2.67673214199902e-06,0,81935,0,0,0,0,0,0,0,0,0,1,1.6597510373444e-06,0,0,NA,NA,1,0,0,-0.0113912133891213,0,0,NA,NA,NA,NA,-8.46024833874564e-08,NA,NA,NA,NA,"random",1
102211,150,49,190,240,0.00078047828685016,768,16,18,21.9544984001001,14,23,1.58138041120842e-05,16,81916,0.000268567801162166,5.09901951359278,5,2.5,15.6524758424985,6,5,3,0,139,1.41078838174274e-05,0,0,NA,NA,1,0,0,-0.000930962343096231,0.0213348096803045,0.0654915307217512,12.1283409076463,1.16405336727728,12.7398804710256,1.83556720933211,1.0813843062655e-06,0.536190476190476,0.00924758301807482,0.448571428571429,0.00672551492223623,"random",1
102164,42,73,48,240,0.0013234097835193,1271,20,90,20.3960780543711,15,66.5,2.27628346982786e-05,30,82011,0.00078038311933765,20.3960780543711,7,52,15.2315462117278,34,6,8,0.000210526315789474,192,2.86307053941909e-05,0,0,NA,NA,0.978571428571429,0.00178571428571429,0.0196428571428571,0.206182008368201,0.0853392387212182,0.0637303188775222,9.71307578999857,4.33011497013234,10.6727540792066,4.80736772441373,3.05326874274327e-06,0.575700894392845,0.0155377518815246,0.307380174291939,0.00728332119446468,"random",1
102145,102,1,1,1,1.00760743614288e-05,1,1,1,0,1,2.7225,1.63473752213351e-09,0,82106,0,0,0,0,0,0,0,0,0,0,4.149377593361e-07,0,0,NA,NA,1,0,0,-0.0113912133891213,0,0,NA,NA,NA,NA,-4.21593069515849e-08,NA,NA,NA,NA,"random",1
102218,234,113,191,240,0.00203787767852785,1785,34,186,20.6155281280883,22,114,6.56550894649309e-05,93,82262,0.00184775473487151,19.6977156035922,22,114,11.0453610171873,59,24,23,0.000684210526315789,159.5,3.40248962655602e-05,0,0,NA,NA,0.863636363636364,0.0357142857142857,0.100649350649351,0.465596234309623,0.0824172200987122,0.0462148996535032,8.30063239205521,2.57865842070823,8.34799272568022,2.38167294918074,7.64738112126262e-06,0.658593449034625,0.031679866611088,0.452733487495151,0.0193830762817841,"random",1
102110,198,19,58,156,0.000258820324206511,143,6,43,2.23606797749979,4,5.445,1.38542921700921e-06,0,82030,0,0,0,0,0,0,0,0,0,5,3.7344398340249e-06,0,0,NA,NA,1,0,0,-0.0113912133891213,0,0,NA,NA,NA,NA,-4.20626744786025e-08,NA,NA,NA,NA,"random",1
102282,150,43,106,240,0.000717133411124076,330,17,93,4.12310562561766,8,5.445,2.85159388424457e-06,1,82011,2.43869724793016e-05,0,1,2.7225,6.40312423743285,1,1,1,0,17,6.22406639004149e-06,0,0,NA,NA,1,0,0,0,9.30377987925412e-19,0.0267913148009743,NA,NA,NA,NA,6.02308190828902e-08,NA,NA,NA,NA,"random",1
102180,210,72,153,192,0.00137090259247472,1047,29,78,16.1245154965971,13,44.5,1.61015746724838e-05,0,81914,0,0,0,0,0,0,0,0,0,80.5,1.78423236514523e-05,0,0,NA,NA,1,0,0,-0.0113912133891213,0,0,NA,NA,NA,NA,-4.15509783551816e-08,NA,NA,NA,NA,"random",1
102283,210,25,239,240,0.000451676697144671,87,8,229,6.32455532033676,6,7,8.57275209037585e-07,21,81917,0.000451676697144671,6.32455532033676,6,7,6.32455532033676,16,5,6,0,7,2.4896265560166e-06,0,0,NA,NA,1,0,0,0.017897489539749,0.0264625745620785,0.0264625745620785,1.95646148045164,2.23756791418959,2.14775377654197,2.44620975065245,1.84781742537843e-06,0.551226551226551,0.0157246068848279,0.364087301587302,0.00892477688057799,"random",1
102314,78,339,227,240,0.00576955917152546,2385,135,222,39.0512483795333,48,369.5,0.000123735212666541,211,81897,0.00384629473607092,33.5261092284804,47,337,24.5967477524977,104,58,40,0.00447368421052632,489,4.93775933609958e-05,0,0,NA,NA,0.524126455906822,0.113144758735441,0.362728785357737,1.41004184100418,0.140276607650546,0.102915262562752,13.3503723693286,6.1136717407888,12.5901051290266,5.74513778364303,1.60932834145227e-05,0.782902908638203,0.0385509729531269,0.574149902385196,0.025823032676539,"random",1
102089,150,29,144,180,0.00053480511701536,252,12,139,3,5,5.445,5.84880441482665e-06,0,82006,0,0,0,0,0,0,0,0,0,9,5.39419087136929e-06,0,0,NA,NA,1,0,0,-0.0113912133891213,0,0,NA,NA,NA,NA,-8.35650173439192e-08,NA,NA,NA,NA,"random",1
102040,198,139,179,240,0.00223211563090809,1052,36,174,12.0415945787923,15,58,3.36364771170856e-05,5,82064,9.74848898420745e-05,7.21110255092798,2,5.445,5.65685424949238,3,2,1,0.000157894736842105,92.5,1.82572614107884e-05,0,0,NA,NA,0.99375,0.00625,0,0.0113912133891213,0.0301719772005355,0.0236688462321857,NA,NA,3.82842712474619,2.58578643762691,3.6543511225373e-07,NA,NA,NA,NA,"random",1
102258,186,52,214,240,0.000972869112621761,294,19,211,3.60555127546399,8,5.445,1.3504588218268e-05,8,81929,0.00013426259322096,1,2,5.445,5.65685424949238,3,2,2,0.000105263157894737,13,5.39419087136929e-06,0,0,NA,NA,0.971518987341772,0.0126582278481013,0.0158227848101266,0.0113912133891213,0.00418410041841004,0.0236688462321857,5.32842712474619,0.464466094067263,5,0,5.19249851434395e-07,NA,NA,NA,NA,"random",1
102212,102,37,23,228,0.000595517584947148,218,13,18,4.12310562561766,5,5.445,1.69620826082911e-06,0,82042,0,0,0,0,0,0,0,0,0.000157894736842105,5,3.7344398340249e-06,0,0,NA,NA,0.955752212389381,0.00442477876106195,0.0398230088495575,-0.0113912133891213,0,0,NA,NA,NA,NA,-4.18606787030908e-08,NA,NA,NA,NA,"random",1
102193,66,20,12,60,0.000494407020579692,134,10,9,4.12310562561766,7,5.445,7.11800487641001e-07,0,82215,0,0,0,0,0,0,0,0,0,4.5,3.3195020746888e-06,0,0,NA,NA,1,0,0,-0.0113912133891213,0,0,NA,NA,NA,NA,-4.18280374924776e-08,NA,NA,NA,NA,"random",1
102120,114,64,70,240,0.000959319975713418,1031,16,61,22.8254244210267,13,86.5,2.32517063829255e-05,3,81858,8.55139387720198e-05,6.32455532033676,4,7,5,4,2,3,0.000210526315789474,154.5,2.4896265560166e-05,0,0,NA,NA,0.968253968253968,0.00793650793650794,0.0238095238095238,0.017897489539749,0.0264625745620785,0.0209205020920502,3.46611521255606,1.40679351716278,3.38391446781618,0.313441779296602,3.15587710619578e-07,0.543040293040293,0.00329256820319849,0.202380952380952,0.00141110065851364,"random",1
102385,150,351,240,240,0.00603680622461797,4349,125,210,36.3593179253957,67,710.5,0.00019232032314516,351,82293,0.0058935753952341,36.3593179253957,67,707.5,31.8276609256791,134,76,61,0.00315789473684211,720,8.63070539419087e-05,0,0,NA,NA,0.584,0.108,0.308,2.94885983263598,0.152131037344752,0.133170129396147,15.9979535542926,8.27848054351004,16.0449162370589,7.27792130018631,2.46174350969547e-05,0.706643796050431,0.0384767949226497,0.554793564848284,0.0278460928203094,"random",1
102162,174,10,11,24,0.000209055805602696,40,7,10,1.4142135623731,3,5.445,1.22469275725508e-07,0,82063,0,0,0,0,0,0,0,0,0,0.5,1.2448132780083e-06,0,0,NA,NA,1,0,0,-0.0227824267782427,-0.00418410041841004,-0.00418410041841004,NA,NA,NA,NA,-8.50202267370419e-08,NA,NA,NA,NA,"random",1
102112,162,47,36,240,0.00101409965056325,283,17,37,5.3851648071345,9,9.5,1.84863656217841e-06,1,81860,3.66479354996335e-05,3.60555127546399,2,5.445,4.12310562561766,2,1,2,0,13,6.63900414937759e-06,0,0,NA,NA,1,0,0,0.0113912133891213,0.0150859886002677,0.0172514879732957,3.47576637518193,0.91547594742265,NA,NA,1.11331710694104e-07,NA,NA,NA,NA,"random",1
102230,234,12,11,60,0.000214608393334263,40,4,4,1,2,5.445,9.2918699241774e-08,0,82352,0,0,0,0,0,0,0,0,0,0.5,1.2448132780083e-06,0,0,NA,NA,1,0,0,-0.0113912133891213,0,0,NA,NA,NA,NA,-1.29083125143766e-07,NA,NA,NA,NA,"random",1
102096,186,15,156,240,0.00028080970869045,49,6,153,1.4142135623731,2,5.445,1.21622645989422e-06,1,82053,1.21872448295614e-05,0,1,2.7225,0,0,1,0,0.000105263157894737,1.5,2.0746887966805e-06,0,0,NA,NA,0.976315789473684,0.00789473684210526,0.0157894736842105,0,0,0,NA,NA,NA,NA,8.74949713229761e-09,NA,NA,NA,NA,"random",1
102102,126,157,84,240,0.00276466126782962,1838,63,102,27.0185121722126,23,219.5,4.96571846345769e-05,114,82192,0.00197099474401402,22.4722050542442,18,206,23.4093998214393,48,23,20,0.000684210526315789,408,3.90041493775934e-05,0,0,NA,NA,0.815126050420168,0.0378151260504202,0.147058823529412,0.850533472803347,0.0940259625700595,0.0979472795876119,19.6030646244835,2.04421065150095,19.2619724317501,3.50621276441378,8.20458397542443e-06,0.768377289377289,0.024687595245352,0.592369297369297,0.0173727522096922,"random",1
101991,54,116,120,240,0.00239360078158393,1921,38,118,22.0227155455452,23,114.5,5.4247451849496e-05,67,82071,0.00107224232676585,21.0237960416286,15,114.5,25.9615099714943,21,19,17,0.00121052631578947,328,3.85892116182573e-05,0,0,NA,NA,0.64,0.142857142857143,0.217142857142857,0.467688284518828,0.0879656738143458,0.108625564734286,12.3548205435984,6.60536220951927,12.7286582274729,6.93879566413662,4.40128364190828e-06,0.58525930591148,0.0180809533593589,0.468174760022586,0.0137661803986028,"random",1
102292,90,42,228,240,0.000876605588360626,271,16,227,5.8309518948453,7,9,1.42534138043231e-05,14,81583,0.000355466212323646,5.8309518948453,6,9,6.70820393249937,15,5,5,0.000421052631578947,16.5,6.22406639004149e-06,0,0,NA,NA,0.893760539629005,0.03035413153457,0.075885328836425,0.026265690376569,0.024397288262951,0.0155154976255204,5.45128011740369,0.92435455967879,5.50820593711766,1.03662152827212,1.44457741676028e-06,0.437026515151515,0.0121338912133891,0.270833333333333,0.00585774058577406,"random",1
102016,42,26,24,228,0.000456778844966791,229,10,20,4.47213595499958,6,7,2.45179067984728e-06,0,81709,0,0,0,0,0,0,0,0,5.26315789473684e-05,14.5,5.80912863070539e-06,0,0,NA,NA,0.983425414364641,0.00552486187845304,0.0110497237569061,-0.0113912133891213,0,0,NA,NA,NA,NA,-8.45922206625297e-08,NA,NA,NA,NA,"random",1
102149,138,237,178,240,0.00379346937779784,3212,70,174,36.4005494464026,39,323,0.000110545876689184,177,81868,0.00309034054819954,36.4005494464026,28,321.5,29.0172362570938,76,35,28,0.00278947368421053,429.5,6.39004149377593e-05,0,0,NA,NA,0.646258503401361,0.137755102040816,0.215986394557823,1.33379707112971,0.152303554169049,0.121411030364409,16.023075294657,7.88413697301259,16.4980216937703,7.65147968526352,1.28461520681258e-05,0.718210491778603,0.0352859135285914,0.531275168330122,0.0246861924686192,"random",1
102140,114,23,36,48,0.00040307312723675,75,6,36,2.23606797749979,5,5.445,7.96263673716601e-07,0,82237,0,0,0,0,0,0,0,0,0,2,2.4896265560166e-06,0,0,NA,NA,1,0,0,-0.0113912133891213,0,0,NA,NA,NA,NA,-4.24221881619188e-08,NA,NA,NA,NA,"random",1
102135,126,72,60,240,0.00119483052913923,638,24,54,10.770329614269,12,19.5,1.02676624196017e-05,4,82084,6.09132108571707e-05,0,1,2.7225,5.8309518948453,1,1,1,0.000105263157894737,65,1.70124481327801e-05,0,0,NA,NA,0.957792207792208,0.00974025974025974,0.0324675324675325,1.84245469025165e-18,-1.87965325851266e-18,0.024397288262951,NA,NA,NA,NA,1.70890224214449e-07,NA,NA,NA,NA,"random",1
102216,102,29,59,180,0.00054796522247388,247,11,56,4.24264068711928,7,5.445,1.95250261272202e-06,0,82265,0,0,0,0,0,0,0,0,0,15,7.46887966804979e-06,0,0,NA,NA,1,0,0,-0.0113912133891213,0,0,NA,NA,NA,NA,-8.4356863274396e-08,NA,NA,NA,NA,"random",1
102195,66,173,179,240,0.00293671381723851,3158,52,186,46.8721665810319,35,590.5,0.000109017091699215,57,82277,0.000935862999380143,37.589892258425,9,259,30.8058436014987,20,9,9,0.000578947368421053,765,6.05809128630705e-05,0,0,NA,NA,0.806916426512968,0.0922190201729107,0.100864553314121,1.07229079497908,0.157279883926464,0.128894743102505,16.663764485726,12.5392911406422,16.1456438724577,10.8158659818223,3.87354591684514e-06,0.734419515669516,0.0101596516690856,0.595965608465608,0.00752078110568677,"random",1
102191,150,101,59,240,0.00172146472707374,782,31,55,11.1803398874989,13,33.5,1.59504365258949e-05,22,82019,0.000390153501018057,11.1803398874989,4,30,12.2065556157337,10,5,3,0.000789473684210526,90.5,1.61825726141079e-05,0,0,NA,NA,0.898550724637681,0.0144927536231884,0.0869565217391304,0.11413179916318,0.0467796648012508,0.0510734544591368,8.42064691795704,4.13993456767748,9.75644097371792,3.4662406736907,1.5904294338582e-06,0.922222222222222,0.0107744107744108,0.65,0.00740740740740741,"random",1
102091,90,81,35,240,0.00131374075515765,991,29,30,17.0293863659264,14,55.5,2.10099415790662e-05,2,81675,4.89745944291399e-05,0,1,2.7225,5.09901951359278,2,1,1,0.000263157894736842,133.5,2.19917012448133e-05,0,0,NA,NA,0.898963730569948,0.0181347150259067,0.0829015544041451,3.75340918303272e-18,3.79922693174445e-18,0.0213348096803045,NA,NA,NA,NA,1.19640545687346e-07,NA,NA,NA,NA,"random",1
102274,90,105,107,240,0.00198007774538387,1451,35,114,9.05538513813742,18,37,3.76750619213578e-05,20,81520,0.000318940137389598,3.16227766016838,6,5,13,6,7,4,0.000421052631578947,86,2.36514522821577e-05,0,0,NA,NA,0.935185185185185,0.0154320987654321,0.0493827160493827,0.00952928870292887,0.0132312872810392,0.0543933054393305,11.355504279485,1.03442258198969,11.7286430429178,1.08570457942482,1.25018442871287e-06,0.697916666666667,0.0136196961760084,0.589583333333333,0.0104766893661603,"random",1
102179,114,1,1,3,1.02707366172302e-05,1,1,1,0,1,2.7225,2.21539551296483e-09,0,81726,0,0,0,0,0,0,0,0,0,0,4.149377593361e-07,0,0,NA,NA,1,0,0,-0.0113912133891213,0,0,NA,NA,NA,NA,-4.22576647586204e-08,NA,NA,NA,NA,"random",1
102203,42,46,59,240,0.000804544457176293,460,19,42,8.54400374531753,9,16,6.62977777900398e-06,1,82088,2.43640970665627e-05,0,1,2.7225,5.8309518948453,1,1,1,0,47,1.28630705394191e-05,0,0,NA,NA,1,0,0,3.73171223264025e-18,9.40137914346379e-19,0.024397288262951,NA,NA,NA,NA,5.98998639546594e-08,NA,NA,NA,NA,"random",1
102104,126,93,48,205,0.00139095634349301,985,31,42,13.0384048104053,17,46.5,1.52842029423255e-05,0,81798,0,0,0,0,0,0,0,0,0,90.5,2.0746887966805e-05,0,0,NA,NA,1,0,0,-0.0227824267782427,-0.00418410041841004,-0.00418410041841004,NA,NA,NA,NA,-8.43628162957074e-08,NA,NA,NA,NA,"random",1
102204,234,15,12,24,0.000248826189497371,38,5,8,1,2,5.445,8.19023231246353e-08,0,82378,0,0,0,0,0,0,0,0,0,0,8.29875518672199e-07,0,0,NA,NA,1,0,0,-0.0113912133891213,0,0,NA,NA,NA,NA,-4.19488126325662e-08,NA,NA,NA,NA,"random",1
102122,102,1,1,23,2.13965530153092e-05,2,1,1,1,2,5.445,3.46942748739067e-10,0,81998,0,0,0,0,0,0,0,0,0,0,4.149377593361e-07,0,0,NA,NA,1,0,0,-0.0113912133891213,0,0,NA,NA,NA,NA,-4.2564602425331e-08,NA,NA,NA,NA,"random",1
102077,234,41,45,227,0.000585719345084044,295,12,42,4.47213595499958,9,5.5,4.32830532740856e-06,0,82156,0,0,0,0,0,0,0,0,5.26315789473684e-05,19.5,8.29875518672199e-06,0,0,NA,NA,1,0,0,-0.0113912133891213,0,0,NA,NA,NA,NA,-4.21767309625623e-08,NA,NA,NA,NA,"random",1
102256,78,33,21,216,0.000550364463578103,159,16,30,4.47213595499958,5,5.445,1.74661930671021e-06,0,82194,0,0,0,0,0,0,0,0,0,3.5,3.3195020746888e-06,0,0,NA,NA,1,0,0,-0.0113912133891213,0,0,NA,NA,NA,NA,-4.17754167797562e-08,NA,NA,NA,NA,"random",1
102467,138,0,1,-Inf,0,1,1,1,0,0,0,6.76911117468865e-10,0,81617,0,0,0,0,0,0,0,0,0,0,4.149377593361e-07,0,0,NA,NA,1,0,0,0,0,0,NA,NA,NA,NA,0,NA,NA,NA,NA,"random",1
102115,78,16,10,12,0.000280756314317492,41,9,7,2,3,5.445,2.09338996326901e-07,0,81792,0,0,0,0,0,0,0,0,0,0,1.2448132780083e-06,0,0,NA,NA,1,0,0,-0.0227824267782427,-0.00418410041841004,-0.00418410041841004,NA,NA,NA,NA,-2.11087925213406e-07,NA,NA,NA,NA,"random",1
102080,30,102,84,240,0.00177435144395497,966,28,78,13.1529464379659,14,32,1.38719462650803e-05,11,82132,0.000292212535917791,5.09901951359278,3,0.5,5.8309518948453,13,4,4,0,69.5,2.03319502074689e-05,0,0,NA,NA,1,0,0,-0.00929916317991632,0.0213348096803045,0.024397288262951,3.07577196246122,1.84015464384109,3.07577196246122,1.84015464384109,1.0964065377275e-06,0.420430672268908,0.0161725067385445,0.192533263305322,0.00741239892183288,"random",1
102097,66,94,179,240,0.00158318414867317,602,22,174,7.21110255092798,11,9,1.80226927172144e-05,15,81978,0.000243967893825173,0,1,2.7225,5.8309518948453,5,1,1,0,37.5,1.32780082987552e-05,0,0,NA,NA,1,0,0,1.82482532490783e-18,0,0.024397288262951,NA,NA,NA,NA,9.35843610734799e-07,NA,NA,NA,NA,"random",1
102192,78,15,23,24,0.000252780586450961,44,11,9,1.4142135623731,3,5.445,6.8634262393628e-08,0,81940,0,0,0,0,0,0,0,0,0,0,8.29875518672199e-07,0,0,NA,NA,1,0,0,-0.0113912133891213,0,0,NA,NA,NA,NA,-4.23127918128133e-08,NA,NA,NA,NA,"random",1
102265,66,111,155,240,0.00190292635918955,1788,30,150,39.6232255123179,17,199,4.95301246844962e-05,61,82115,0.00110820191195275,39.0128184062623,13,182,37.1079506305589,30,15,9,0.000789473684210526,340,4.02489626556017e-05,0,0,NA,NA,0.731818181818182,0.05,0.218181818181818,0.750115062761506,0.163233549816997,0.155263391759661,21.7710427399069,11.5930759623704,19.2401145962851,10.2094838781934,4.55213912338047e-06,0.666522626678877,0.0140150931772678,0.489563301282051,0.00939473278915755,"random",1
102199,114,50,180,216,0.000823723228995058,131,16,176,2.23606797749979,6,5.445,4.50363742973406e-06,0,82259,0,0,0,0,0,0,0,0,0,3,2.9045643153527e-06,0,0,NA,NA,1,0,0,0,0,0,NA,NA,NA,NA,9.16400442884923e-23,NA,NA,NA,NA,"random",1
102109,198,86,225,240,0.0011951365260552,515,31,222,12.1655250605964,10,39,2.18683979060243e-05,22,81991,0.000390286738788404,10.816653826392,6,39,19.4164878389476,10,5,4,0.00110526315789474,92,1.28630705394191e-05,0,0,NA,NA,0.770833333333333,0.0386904761904762,0.19047619047619,0.15178870292887,0.0452579658008032,0.0812405348909941,14.1048522577536,3.56896675746995,11.8732970559697,1.01539217836044,1.59060508747288e-06,0.415873015873016,0.00816118337158888,0.311355311355311,0.00561081356796736,"random",1
102219,162,110,83,240,0.00183268781995675,760,30,79,11.1803398874989,14,26.5,1.47616817222305e-05,18,81904,0.000268607149833952,2.23606797749979,4,1,3.16227766016838,4,4,2,0.000105263157894737,72.5,1.53526970954357e-05,0,0,NA,NA,0.973300970873786,0.0121359223300971,0.0145631067961165,-0.0072071129707113,0.00935593296025017,0.0132312872810392,2.53224755112299,0.41886116991581,2.46762039816694,0.463104841334295,1.0805274730736e-06,0.724444444444444,0.0122358175750834,0.604444444444444,0.0100111234705228,"random",1
102056,150,67,36,240,0.00129796977934514,671,22,30,10.6301458127346,15,43.5,6.8132444480917e-06,13,81798,0.000305630944521871,1,2,5.445,7.81024967590665,12,3,2,0,79,1.61825726141079e-05,0,0,NA,NA,1,0,0,0.0113912133891213,0.00418410041841004,0.0326788689368479,7.81024967590665,0,7.61053396758043,0.345917753890629,1.23653161770137e-06,NA,NA,NA,NA,"random",1
102160,126,87,72,240,0.00155943519206637,851,36,66,19.9248588451713,18,66,9.55910627252642e-06,2,82208,2.43285325029194e-05,0,1,2.7225,11.7046999107196,0,1,0,0,144.5,2.11618257261411e-05,0,0,NA,NA,1,0,0,0,-7.42560712299902e-18,0.048973639793806,NA,NA,NA,NA,5.98075889474408e-08,NA,NA,NA,NA,"random",1
102430,66,64,47,228,0.00109969330775528,439,25,32,6.40312423743285,11,17.5,7.37823610021011e-06,0,81807,0,0,0,0,0,0,0,0,5.26315789473684e-05,21,8.29875518672199e-06,0,0,NA,NA,0.961538461538462,0.00769230769230769,0.0307692307692308,-0.0113912133891213,0,-9.39372988179975e-19,NA,NA,NA,NA,-1.27994588047498e-07,NA,NA,NA,NA,"random",1
102193,174,36,33,180,0.000585237386915067,203,11,25,6.40312423743285,8,8,8.8172671279357e-07,0,81761,0,0,0,0,0,0,0,0,0,11.5,5.80912863070539e-06,0,0,NA,NA,1,0,0,-0.0113912133891213,0,0,NA,NA,NA,NA,-4.18146609477035e-08,NA,NA,NA,NA,"random",1
102349,222,58,36,240,0.000985917207298222,450,22,30,6.70820393249937,11,16.5,4.05028084862847e-06,56,81881,0.000854899182960638,3.16227766016838,7,4,5.8309518948453,14,7,5,0.000105263157894737,32.5,1.12033195020747e-05,0,0,NA,NA,0.987714987714988,0.00737100737100737,0.00491400491400491,0.00534518828451883,0.0132312872810392,0.024397288262951,4.33664770118551,0.701326168592776,4.30187460823411,1.03739449143953,3.49186694674693e-06,0.762344028520499,0.0394144144144144,0.623637392019745,0.0315315315315315,"random",1
102222,126,69,167,240,0.00124329595319356,715,39,150,10,10,21,1.45142192497552e-05,3,82038,9.75157853677564e-05,6.40312423743285,2,5.445,11.0453610171873,5,1,2,0,60,1.49377593360996e-05,0,0,NA,NA,1,0,0,0.0113912133891213,0.0267913148009743,0.0462148996535032,8.87678247484332,3.06683318565409,NA,NA,3.66001736073297e-07,NA,NA,NA,NA,"random",1
102161,138,20,22,48,0.000299895036737142,78,6,22,2.23606797749979,5,5.445,6.10054201119572e-07,0,82010,0,0,0,0,0,0,0,0,0,2.5,2.4896265560166e-06,0,0,NA,NA,1,0,0,-0.0113912133891213,0,0,NA,NA,NA,NA,-8.49736071976044e-08,NA,NA,NA,NA,"random",1
102180,150,43,34,240,0.000781450322958766,425,15,34,8.48528137423857,10,18,4.47340553259387e-06,5,81846,7.3308408474452e-05,0,1,2.7225,2.23606797749979,1,1,1,5.26315789473684e-05,35.5,1.16182572614108e-05,0,0,NA,NA,1,0,0,0,0,0.00935593296025016,NA,NA,NA,NA,2.22212705880224e-07,NA,NA,NA,NA,"random",1
102278,90,1,1,2,1.01900443266928e-05,1,1,1,0,1,2.7225,2.87354168186522e-12,0,82245,0,0,0,0,0,0,0,0,0,0,4.149377593361e-07,0,0,NA,NA,1,0,0,-0.0113912133891213,0,0,NA,NA,NA,NA,-4.2284996648914e-08,NA,NA,NA,NA,"random",1
102128,114,1,1,12,1.22958882549675e-05,1,1,1,0,1,2.7225,6.24100077978352e-12,0,81822,0,0,0,0,0,0,0,0,0,0,4.149377593361e-07,0,0,NA,NA,1,0,0,-0.0113912133891213,0,0,NA,NA,NA,NA,-4.23384813398436e-08,NA,NA,NA,NA,"random",1
102258,234,78,48,240,0.00141693234148069,1288,40,174,37.4432904536981,15,224,3.52684494425991e-05,39,82303,0.00052245969162728,6.40312423743285,4,3.5,11.6619037896906,4,7,3,0.000894736842105263,278,2.65560165975104e-05,0,0,NA,NA,0.875722543352601,0.0433526011560694,0.0809248554913295,0.00325313807531381,0.0267913148009743,0.0487945765259021,7.13334719779967,1.08306815734992,7.47121975079308,2.01105809826221,2.144306709956e-06,0.8,0.0210887690044139,0.734722222222222,0.019127023050515,"random",1
102270,42,16,10,238,0.000356822210456042,67,8,10,3.16227766016838,5,5.445,7.7669698570088e-08,0,81713,3.6713864378985e-05,0,1,2.7225,1.4142135623731,3,0,1,0,2,2.0746887966805e-06,0,0,NA,NA,1,0,0,0,0,0.00591721155804642,NA,NA,NA,NA,-5.70164974318006e-08,NA,NA,NA,NA,"random",1
102041,54,150,168,240,0.00265287659844984,3339,56,210,26.8328157299975,31,306.5,0.000104327153476983,88,81943,0.00146443259338809,24.1660919471891,18,238.5,19.0262975904404,32,24,15,0.00157894736842105,425.5,6.63900414937759e-05,0,0,NA,NA,0.685446009389671,0.0938967136150235,0.220657276995305,0.986516736401674,0.10111335542757,0.0796079397089558,9.2741374477251,3.98976922900977,11.0124407399814,4.84735505988458,5.99771806999193e-06,0.71034348984349,0.0193174500965873,0.553990342990343,0.0141661300708307,"random",1
102224,174,1,1,16,2.11608862179148e-05,2,1,1,1.4142135623731,2,5.445,2.9784802000825e-09,0,81834,0,0,0,0,0,0,0,0,0,0,4.149377593361e-07,0,0,NA,NA,1,0,0,-0.0113912133891213,0,0,NA,NA,NA,NA,-4.28356479290121e-08,NA,NA,NA,NA,"random",1
102104,186,12,9,12,0.000196990963039571,31,8,5,1,2,5.445,4.41933328173713e-09,0,81911,0,0,0,0,0,0,0,0,0,0,8.29875518672199e-07,0,0,NA,NA,1,0,0,-0.0113912133891213,0,0,NA,NA,NA,NA,-1.69597617356993e-07,NA,NA,NA,NA,"random",1
102089,78,78,204,240,0.00151311775472849,883,27,198,14.8660687473185,16,58.5,3.00069393434072e-05,64,81935,0.00103740770122658,13.4536240470737,16,39.5,10.295630140987,21,14,12,0.00121052631578947,90.5,1.53526970954357e-05,0,0,NA,NA,0.844748858447489,0.0570776255707763,0.0981735159817352,0.153880753138075,0.0562913140044925,0.0430779503806987,5.64453313611217,2.60543048447907,6.22706151081739,2.77532907497129,4.2984646361779e-06,0.669254111901171,0.0244252873563218,0.520588235294118,0.0183908045977011,"random",1
102179,186,1,1,7,1.05387404097462e-05,1,1,1,0,1,2.7225,5.30923192384763e-09,0,81776,0,0,0,0,0,0,0,0,0,0,4.149377593361e-07,0,0,NA,NA,1,0,0,-0.0113912133891213,0,0,NA,NA,NA,NA,-4.25966690938249e-08,NA,NA,NA,NA,"random",1
102226,210,77,48,132,0.00120856985900018,432,23,42,8.06225774829855,10,18,3.63361238441934e-06,0,82288,0,0,0,0,0,0,0,0,0,21,9.12863070539419e-06,0,0,NA,NA,1,0,0,-0.0227824267782427,-0.00418410041841004,-0.00418410041841004,NA,NA,NA,NA,-1.25054059827947e-07,NA,NA,NA,NA,"random",1
102193,114,53,47,240,0.000840689365279529,421,21,42,10.1980390271856,11,9,5.84878590536742e-06,2,82104,2.43593491181916e-05,0,1,2.7225,0,0,1,0,0,45,1.03734439834025e-05,0,0,NA,NA,1,0,0,0,0,0,NA,NA,NA,NA,-2.29591607394933e-08,NA,NA,NA,NA,"random",1
102272,234,38,34,240,0.000685300308385139,314,15,210,5,7,5.445,1.03261117012215e-05,25,82378,0.000424870717910122,2.82842712474619,5,2.5,8,10,4,5,0.000157894736842105,30.5,9.12863070539419e-06,0,0,NA,NA,0.976744186046512,0.0174418604651163,0.00581395348837209,-0.000930962343096233,0.0118344231160928,0.0334728033472803,6.9374855479831,0.767540122343481,6.3725200952333,0.433570656829664,1.60912906570532e-06,0.614052287581699,0.0185185185185185,0.472222222222222,0.0132275132275132,"random",1
102176,162,16,11,12,0.000287425700456432,29,5,9,1,2,5.445,4.18911140387667e-08,0,81937,0,0,0,0,0,0,0,0,0,0,8.29875518672199e-07,0,0,NA,NA,1,0,0,-0.0113912133891213,0,0,NA,NA,NA,NA,-1.27501841126586e-07,NA,NA,NA,NA,"random",1
102136,126,86,48,240,0.00137707475200468,770,27,42,13.4536240470737,15,41,9.81390774519934e-06,24,82000,0.00051219512195122,3.60555127546399,5,3,9.48683298050514,18,6,7,5.26315789473684e-05,93.5,1.99170124481328e-05,0,0,NA,NA,1,0,0,0.00116108786610879,0.0150859886002677,0.0396938618431177,8.60315038917118,0.562823783720094,8.54629680236652,0.594115442512429,2.10114802934451e-06,0.489690864690865,0.0224358974358974,0.245731392790216,0.0128205128205128,"random",1
102392,138,174,107,240,0.00311274509803922,3083,62,90,26.0768096208106,32,126,9.46242910618769e-05,107,81974,0.00187864444823969,26.0768096208106,19,101.5,14.422205101856,47,23,19,0.00110526315789474,301.5,6.2655601659751e-05,0,0,NA,NA,0.757281553398058,0.145631067961165,0.0970873786407767,0.413294979079498,0.109107990045233,0.0603439544010709,12.4435639585153,1.74796078325658,11.7941079531776,1.9030765109332,7.73651385742475e-06,0.707951881502793,0.0368244858919177,0.530194726599955,0.0255858440937351,"random",1
102184,222,19,192,215,0.000465344109723243,121,10,188,1.4142135623731,3,5.445,2.29261849895834e-06,0,81960,0,0,0,0,0,0,0,0,0,2,2.4896265560166e-06,0,0,NA,NA,1,0,0,-0.0113912133891213,0,0,NA,NA,NA,NA,-4.17087873282698e-08,NA,NA,NA,NA,"random",1
102157,150,78,94,134,0.00134041723532852,678,23,102,9.48683298050514,18,37.5,7.94266469614667e-06,0,81819,0,0,0,0,0,0,0,0,0,55.5,1.49377593360996e-05,0,0,NA,NA,1,0,0,-0.0113912133891213,-3.73730017962261e-18,0,NA,NA,NA,NA,-4.20132585441317e-08,NA,NA,NA,NA,"random",1
102089,102,37,24,36,0.000624770305034914,106,14,21,3.16227766016838,4,5.445,1.75828480055541e-07,0,81464,0,0,0,0,0,0,0,0,0,1,1.6597510373444e-06,0,0,NA,NA,1,0,0,-0.0113912133891213,0,0,NA,NA,NA,NA,-1.26527642030019e-07,NA,NA,NA,NA,"random",1
102105,66,352,192,240,0.00590423909728576,5669,124,162,46.0977222864644,63,769.5,0.000212421880887171,278,81467,0.00482403918150908,38.8329756778952,46,626,22.2036033111745,115,58,50,0.00373684210526316,951,0.00010954356846473,0,0,NA,NA,0.571090047393365,0.130331753554502,0.298578199052133,2.60785564853557,0.162481069781988,0.0929021059044959,15.763578594622,4.82231101883968,15.0732223103757,5.02499404303665,2.0100846783122e-05,0.786236325124072,0.0378393991912189,0.571549534943256,0.0267668014635086,"random",1
102408,126,36,107,228,0.000526083977684252,299,16,102,5.09901951359278,7,5.445,5.56120864793129e-06,0,81899,0,0,0,0,0,0,0,0,0.000157894736842105,13.5,7.05394190871369e-06,0,0,NA,NA,0.94579945799458,0.002710027100271,0.0514905149051491,-0.0113912133891213,0,0,NA,NA,NA,NA,-1.696216813147e-07,NA,NA,NA,NA,"random",1
102156,66,99,189,240,0.00180162633296002,1531,40,162,23.6008474424119,17,138,5.04662794790317e-05,22,81943,0.000646791062079738,21.9317121994613,9,62,30.4795013082563,31,7,10,0.000894736842105263,251,2.98755186721992e-05,0,0,NA,NA,0.887404580152672,0.0286259541984733,0.083969465648855,0.248023012552301,0.0917644861902147,0.127529294176805,26.7680525534195,6.33082077330785,28.6513730081593,0.78440776292774,2.66385953319003e-06,0.404543184088639,0.0122345337026777,0.197718947718948,0.00507848568790397,"random",1
102218,222,23,9,240,0.000468199403661812,157,9,12,5.09901951359278,8,5.445,2.50952579108374e-06,3,82086,6.09117267256292e-05,5.09901951359278,2,5.445,4.12310562561766,2,1,2,5.26315789473684e-05,7.5,3.7344398340249e-06,0,0,NA,NA,0.9375,0.009375,0.053125,0.0113912133891213,0.0213348096803045,0.0172514879732957,2.56155281280883,2.2083691662361,NA,NA,8.52597266315852e-08,NA,NA,NA,NA,"random",1
102230,234,89,108,156,0.00157720992786404,992,22,93,11.4017542509914,17,51.5,1.38570206684121e-05,0,82330,0,0,0,0,0,0,0,0,0,76,1.95020746887967e-05,0,0,NA,NA,1,0,0,-0.0113912133891213,0,0,NA,NA,NA,NA,-2.10165477151084e-07,NA,NA,NA,NA,"random",1
102042,174,94,120,240,0.00168995456716345,1642,41,174,19.1049731745428,14,144,5.46928763998014e-05,69,81730,0.00119907010889514,19.1049731745428,11,142.5,17.2046505340853,29,12,11,0.000631578947368421,270.5,3.11203319502075e-05,0,0,NA,NA,0.851948051948052,0.0545454545454545,0.0935064935064935,0.58484309623431,0.0799371262533172,0.0719859854982647,14.0158713297084,3.8614616346616,13.7972182949404,3.66359495405479,4.93208718843342e-06,0.762429138321995,0.0189591797252854,0.575,0.0133488102147417,"random",1
102183,186,5,6,24,0.000115644370432047,19,3,8,1,2,5.445,1.94232500179894e-09,0,81638,0,0,0,0,0,0,0,0,0,0,4.149377593361e-07,0,0,NA,NA,1,0,0,-0.0113912133891213,0,0,NA,NA,NA,NA,-8.35566733581636e-08,NA,NA,NA,NA,"random",1
102282,90,32,23,48,0.000526586494893336,143,9,19,4.47213595499958,7,5.445,1.10733823049643e-06,0,82168,0,0,0,0,0,0,0,0,0,8,3.7344398340249e-06,0,0,NA,NA,1,0,0,-0.0113912133891213,0,0,NA,NA,NA,NA,-1.68059784243168e-07,NA,NA,NA,NA,"random",1
102109,114,36,132,240,0.000683702247671139,452,16,117,7.07106781186548,8,11,1.65939571978437e-05,4,81740,6.11695620259359e-05,0,1,2.7225,8.94427190999916,1,1,1,0,34.5,1.07883817427386e-05,0,0,NA,NA,1,0,0,0,0,0.0374237318410007,NA,NA,NA,NA,1.73604582423518e-07,NA,NA,NA,NA,"random",1
102268,90,58,203,240,0.000934600743121567,480,29,198,9.4339811320566,7,11,2.46926198113332e-05,48,81781,0.000758122302246243,4.24264068711928,4,3,3.16227766016838,14,6,6,0.000421052631578947,36,8.71369294605809e-06,0,0,NA,NA,0.912052117263844,0.0260586319218241,0.0618892508143322,0.00116108786610879,0.0177516346741393,0.0132312872810392,2.27240226919466,0.45102717473646,2.27240226919466,0.45102717473646,3.12961441496898e-06,0.854700854700855,0.0326659641728135,0.639209401709402,0.0252897787144362,"random",1
102236,198,1,1,9,1.06010813102936e-05,1,1,1,0,1,2.7225,2.5848273780036e-14,0,82067,0,0,0,0,0,0,0,0,0,0,4.149377593361e-07,0,0,NA,NA,1,0,0,-0.0113912133891213,0,0,NA,NA,NA,NA,-4.28672460546487e-08,NA,NA,NA,NA,"random",1
102290,222,2,23,24,3.65987556423082e-05,3,1,1,0,1,2.7225,1.31792315190199e-08,0,82171,0,0,0,0,0,0,0,0,0,0,4.149377593361e-07,0,0,NA,NA,1,0,0,-0.0113912133891213,0,0,NA,NA,NA,NA,-4.22303681787081e-08,NA,NA,NA,NA,"random",1
102231,54,41,129,144,0.000582586684880871,297,13,19,12.369316876853,5,5.5,5.12079897977319e-06,0,81791,0,0,0,0,0,0,0,0,0,36.5,6.63900414937759e-06,0,0,NA,NA,1,0,0,-0.0113912133891213,-1.86622624188451e-18,1.88527916709137e-18,NA,NA,NA,NA,-8.3087929671053e-08,NA,NA,NA,NA,"random",1
102308,54,72,238,240,0.00123864574731627,244,31,234,10.1980390271856,8,12,8.7173217980992e-06,69,82348,0.00123864574731627,10.1980390271856,8,12,7.07106781186548,33,11,13,0.000894736842105263,12,4.149377593361e-06,0,0,NA,NA,0.821538461538462,0.0615384615384615,0.116923076923077,0.0388179916317992,0.0426696193606091,0.0295860577902321,2.61564015394717,2.12248960746905,2.06473219424118,1.79180608958403,5.14067316175464e-06,0.681723484848485,0.0339886704431856,0.417041533345881,0.0229923358880373,"random",1
102450,102,85,144,228,0.00163237461779288,1278,27,151,13,19,58,2.65550061267508e-05,0,82279,0,0,0,0,0,0,0,0,0.000105263157894737,94,2.40663900414938e-05,0,0,NA,NA,0.975103734439834,0.00829875518672199,0.016597510373444,-0.0113912133891213,-9.60013657154071e-19,0,NA,NA,NA,NA,-4.21431707181496e-08,NA,NA,NA,NA,"random",1
102187,66,23,71,132,0.000436702411567762,203,8,59,4.12310562561766,7,5.445,2.94530646178364e-06,0,82207,0,0,0,0,0,0,0,0,0,8.5,5.39419087136929e-06,0,0,NA,NA,1,0,0,-0.0113912133891213,0,0,NA,NA,NA,NA,-4.2490255284853e-08,NA,NA,NA,NA,"random",1
102225,18,43,240,240,0.000718644563271173,80,14,236,18.0277563773199,5,17.5,2.18208739867539e-06,43,82099,0.000718644563271173,18.0277563773199,5,17.5,11,16,6,6,0,7,2.0746887966805e-06,0,0,NA,NA,1,0,0,0.0618305439330544,0.0754299430013387,0.0460251046025105,2.52368927062183,2.31456064047109,2.87377344785321,3.98619008634769,2.96444506157971e-06,0.636263155624569,0.0141249700742159,0.473834325396825,0.0102944697151065,"random",1
102364,126,65,108,240,0.0010503047104945,737,21,90,10.1980390271856,11,30.5,1.85089034747196e-05,41,81983,0.00068306844101826,7.21110255092798,8,13,5.8309518948453,15,7,7,0.000315789473684211,56.5,1.74273858921162e-05,0,0,NA,NA,0.923976608187134,0.00584795321637427,0.0701754385964912,0.0430020920502092,0.0301719772005355,0.024397288262951,3.07663333169696,1.56739121876867,3.44885494247753,1.27395690012379,2.8155431660337e-06,0.768253968253968,0.0230263157894737,0.503210678210678,0.0168585526315789,"random",1
102025,126,80,59,240,0.0014642896364901,1393,31,66,34.9857113690718,12,152.5,2.26410205101541e-05,26,82051,0.000450939050102985,12.5299640861417,10,58.5,9.05538513813742,11,8,7,0.000368421052631579,247.5,2.78008298755187e-05,0,0,NA,NA,0.94758064516129,0.00806451612903226,0.0443548387096774,0.233378661087866,0.0524266279754881,0.0378886407453448,7.51834389375353,1.37365301700813,7.5705356487344,1.03481674912818,1.71721788747396e-06,0.55599173553719,0.0110944527736132,0.41969696969697,0.00779610194902549,"random",1
102252,162,49,143,168,0.000906025643966328,201,23,140,3.16227766016838,6,5.445,3.11650974370481e-06,0,82324,0,0,0,0,0,0,0,0,0,6,3.3195020746888e-06,0,0,NA,NA,1,0,0,-0.0113912133891213,0,0,NA,NA,NA,NA,-8.41566518848313e-08,NA,NA,NA,NA,"random",1
102142,234,33,20,240,0.000587141598982288,236,13,8,5.8309518948453,8,8.5,3.6657984731252e-06,9,82272,0.000206631660832361,5.8309518948453,5,6.5,3.60555127546399,8,5,5,0.000315789473684211,18,6.63900414937759e-06,0,0,NA,NA,0.948630136986301,0.0136986301369863,0.0376712328767123,0.0044142259414226,0.020213187844541,0.0109018881818577,2.29838015856733,0.804245490121022,2.29838015856733,0.804245490121022,7.80344052648525e-07,0.527701465201465,0.00710702341137124,0.279761904761905,0.00376254180602007,"random",1
102049,222,1,1,1,1.01057056814277e-05,1,1,1,0,1,2.7225,9.0474218295504e-09,0,81974,0,0,0,0,0,0,0,0,0,0,4.149377593361e-07,0,0,NA,NA,1,0,0,-0.0113912133891213,0,0,NA,NA,NA,NA,-4.22832873699905e-08,NA,NA,NA,NA,"random",1
